"pwsid","category","service","base_cost","fixed_surcharge","total","vol_cost","vol_surcharge","zone_cost","zone_surcharge"
"CA0110001","inside","sewer",35.11,0,35.11,0,0,0,0
"CA0110001","inside","storm",0,0,0,0,0,0,0
"CA0110001","inside","total",63.41,0,155.57,0,0,0,0
"CA0110001","inside","water",28.3,0,120.46,92.16,0,0,0
"CA0110001","outside","sewer",35.11,0,35.11,0,0,0,0
"CA0110001","outside","total",63.41,0,169.39,0,0,0,0
"CA0110001","outside","water",28.3,0,134.28,105.98,0,0,0
"CA0110005","inside","sewer",7.3,7.8,26.98,11.88,0,0,0
"CA0110005","inside","storm",0,0,0,0,0,0,0
"CA0110005","inside","total",35.17,7.8,188.9,125.49,20.44,0,0
"CA0110005","inside","water",27.87,0,161.92,113.61,20.44,0,0
"CA0110006","inside","sewer",35.81,0,35.81,0,0,0,0
"CA0110006","inside","storm",0,0,0,0,0,0,0
"CA0110006","inside","total",51.81,0,199.17,0,0,0,0
"CA0110006","inside","water",16,0,163.36,147.36,0,0,0
"CA0110006","outside","sewer",35.81,0,35.81,0,0,0,0
"CA0110006","outside","total",54.21,0,150.63,0,0,0,0
"CA0110006","outside","water",18.4,0,114.82,96.42,0,0,0
"CA0110008","inside","sewer",13.2,81.76,94.96,0,0,0,0
"CA0110008","inside","storm",0,0,0,0,0,0,0
"CA0110008","inside","total",25.66,81.76,182.5,0,0,0,0
"CA0110008","inside","water",12.46,0,87.54,75.08,0,0,0
"CA0110009","inside","sewer",39.05,0,39.05,0,0,0,0
"CA0110009","inside","storm",0,0,1.92,0,0,0,0
"CA0110009","inside","total",56.63,3.1,139.54,0,2.61,0,0
"CA0110009","inside","water",17.58,3.1,100.49,77.2,2.61,0,0
"CA0110011","inside","sewer",58.93,0,58.93,0,0,0,0
"CA0110011","inside","storm",0,0,0,0,0,0,0
"CA0110011","inside","total",100.82,0,172.89,0,0,0,0
"CA0110011","inside","water",41.89,0,113.96,72.07,0,0,0
"CA0210002","inside","sewer",53.05,0,656.02,602.97,0,0,0
"CA0210002","inside","storm",0,0,0,0,0,0,0
"CA0210002","inside","total",82.34,3.35,897.2,811.51,0,0,0
"CA0210002","inside","water",29.29,3.35,241.18,208.54,0,0,0
"CA0300016","inside","sewer",32.89,0,32.89,0,0,0,0
"CA0300016","inside","storm",0,0,0,0,0,0,0
"CA0300016","inside","total",75.14,0,112.39,0,0,0,0
"CA0300016","inside","water",42.25,0,79.5,37.25,0,0,0
"CA0300019","inside","sewer",25,0,25,0,0,0,0
"CA0300019","inside","storm",0,0,0,0,0,0,0
"CA0300019","inside","total",75,0,85,0,0,0,0
"CA0300019","inside","water",50,0,60,10,0,0,0
"CA0310001","inside","sewer",38.05,10.6,48.65,0,0,0,0
"CA0310001","inside","storm",0,0,0,0,0,0,0
"CA0310001","inside","total",65.54,10.6,141.11,0,0,0,0
"CA0310001","inside","water",27.49,0,92.46,64.97,0,0,0
"CA0310002","inside","sewer",108.82,0,108.82,0,0,0,0
"CA0310002","inside","storm",0,0,0,0,0,0,0
"CA0310002","inside","total",140.16,16.62,205.71,0,0,0,0
"CA0310002","inside","water",31.34,16.62,96.89,48.93,0,0,0
"CA0310003","inside","sewer",108.82,0,108.82,0,0,0,0
"CA0310003","inside","storm",0,0,0,0,0,0,0
"CA0310003","inside","total",140.16,16.62,205.71,0,0,0,0
"CA0310003","inside","water",31.34,16.62,96.89,48.93,0,0,0
"CA0310005","inside","sewer",32.89,0,32.89,0,0,0,0
"CA0310005","inside","storm",0,0,0,0,0,0,0
"CA0310005","inside","total",75.51,0,159.21,0,0,0,0
"CA0310005","inside","water",42.62,0,126.32,83.7,0,0,0
"CA0310006","inside","sewer",57.75,0,57.75,0,0,0,0
"CA0310006","inside","storm",0,0,0,0,0,0,0
"CA0310006","inside","total",107.65,0,198.36,0,0,0,0
"CA0310006","inside","water",49.9,0,140.61,90.71,0,0,0
"CA0310012","inside","sewer",108.82,0,108.82,0,0,0,0
"CA0310012","inside","storm",0,0,0,0,0,0,0
"CA0310012","inside","total",140.16,16.62,205.71,0,0,0,0
"CA0310012","inside","water",31.34,16.62,96.89,48.93,0,0,0
"CA0310019","inside","sewer",108.82,0,108.82,0,0,0,0
"CA0310019","inside","storm",0,0,0,0,0,0,0
"CA0310019","inside","total",140.16,16.62,205.71,0,0,0,0
"CA0310019","inside","water",31.34,16.62,96.89,48.93,0,0,0
"CA0310021","inside","sewer",108.82,10.8,119.62,0,0,0,0
"CA0310021","inside","storm",0,0,0,0,0,0,0
"CA0310021","inside","total",140.16,19.53,208.62,0,0,0,0
"CA0310021","inside","water",31.34,8.73,89,48.93,0,0,0
"CA0405001","inside","sewer",32.89,0,32.89,0,0,0,0
"CA0405001","inside","storm",0,0,0,0,0,0,0
"CA0405001","inside","total",64.19,16.03,127.38,0,0,0,0
"CA0405001","inside","water",31.3,16.03,94.49,47.16,0,0,0
"CA0410001","inside","sewer",65.9,8.5,74.4,0,0,0,0
"CA0410001","inside","storm",0,0,0,0,0,0,0
"CA0410001","inside","total",107.75,21.65,129.4,0,0,0,0
"CA0410001","inside","water",41.85,13.15,55,0,0,0,0
"CA0410007","inside","sewer",32.89,0,32.89,0,0,0,0
"CA0410007","inside","storm",0,0,0,0,0,0,0
"CA0410007","inside","total",52.89,22.97,108.14,0,0,0,0
"CA0410007","inside","water",20,22.97,75.25,32.28,0,0,0
"CA0410009","inside","sewer",32.89,0,32.89,0,0,0,0
"CA0410009","inside","storm",0,0,0,0,0,0,0
"CA0410009","inside","total",72,5.16,157.1,0,0,0,0
"CA0410009","inside","water",39.11,5.16,124.21,79.94,0,0,0
"CA0410011","inside","sewer",32.89,0,32.89,0,0,0,0
"CA0410011","inside","storm",0,0,0,0,0,0,0
"CA0410011","inside","total",70.95,0,142.2,0,0,0,0
"CA0410011","inside","water",38.06,0,109.31,71.25,0,0,0
"CA0510002","inside","sewer",66.02,0,66.02,0,0,0,0
"CA0510002","inside","storm",0,0,0,0,0,0,0
"CA0510002","inside","total",124.57,0,175.37,0,0,0,0
"CA0510002","inside","water",58.55,0,109.35,50.8,0,0,0
"CA0510003","inside","sewer",84.61,0,84.61,0,0,0,0
"CA0510003","inside","storm",0,0,0,0,0,0,0
"CA0510003","inside","total",147.33,0,174.2,0,0,0,0
"CA0510003","inside","water",62.72,0,89.59,26.87,0,0,0
"CA0510004","inside","sewer",97.39,0,97.39,0,0,0,0
"CA0510004","inside","storm",0,0,0,0,0,0,0
"CA0510004","inside","total",155.5,0,178.91,0,0,0,0
"CA0510004","inside","water",58.11,0,81.52,23.41,0,0,0
"CA0510006","inside","sewer",101.29,0,101.29,0,0,0,0
"CA0510006","inside","storm",0,0,0,0,0,0,0
"CA0510006","inside","total",160.42,0,184.23,0,0,0,0
"CA0510006","inside","water",59.13,0,82.94,23.81,0,0,0
"CA0510010","inside","sewer",49.5,0,49.5,0,0,0,0
"CA0510010","inside","storm",0,0,0,0,0,0,0
"CA0510010","inside","total",80,0,91.25,0,0,0,0
"CA0510010","inside","water",30.5,0,41.75,11.25,0,0,0
"CA0510016","inside","sewer",101.39,0,101.39,0,0,0,0
"CA0510016","inside","storm",0,0,0,0,0,0,0
"CA0510016","inside","total",160.52,0,184.33,0,0,0,0
"CA0510016","inside","water",59.13,0,82.94,23.81,0,0,0
"CA0510017","inside","sewer",101.29,0,101.29,0,0,0,0
"CA0510017","inside","storm",0,0,0,0,0,0,0
"CA0510017","inside","total",160.42,0,184.23,0,0,0,0
"CA0510017","inside","water",59.13,0,82.94,23.81,0,0,0
"CA0610003","inside","sewer",48,0,48,0,0,0,0
"CA0610003","inside","storm",0,0,0,0,0,0,0
"CA0610003","inside","total",102,0,102,0,0,0,0
"CA0610003","inside","water",54,0,54,0,0,0,0
"CA0610004","inside","sewer",83.59,0,121.35,37.76,0,0,0
"CA0610004","inside","storm",0,0,0,0,0,0,0
"CA0610004","inside","total",106.58,0,174.88,68.3,0,0,0
"CA0610004","inside","water",22.99,0,53.53,30.54,0,0,0
"CA0710001","inside","sewer",14,0,14,0,0,0,0
"CA0710001","inside","storm",0,0,0,0,0,0,0
"CA0710001","inside","total",38.4,0,137.49,0,0,0,0
"CA0710001","inside","water",24.4,0,123.49,99.09,0,0,0
"CA0710002","inside","sewer",49.1,0,49.1,0,0,0,0
"CA0710002","inside","storm",0,0,0,0,0,0,0
"CA0710002","inside","total",74.52,0,212,0,0,0,0
"CA0710002","inside","water",25.42,0,162.9,137.48,0,0,0
"CA0710003","inside","sewer",48.83,0,48.83,0,0,0,0
"CA0710003","inside","storm",0,0,0,0,0,0,0
"CA0710003","inside","total",69.78,0,193.27,0,12.69,0,0
"CA0710003","inside","water",20.95,0,144.44,110.8,12.69,0,0
"CA0710004","inside","sewer",38.62,3.03,41.65,0,0,0,0
"CA0710004","inside","storm",0,0,0,0,0,0,0
"CA0710004","inside","total",63.5,3.03,164.55,0,0,0,0
"CA0710004","inside","water",24.88,0,122.9,98.02,0,0,0
"CA0710006","inside","sewer",76.88,0,76.88,0,0,0,0
"CA0710006","inside","storm",0,0,0,0,0,0,0
"CA0710006","inside","total",95.76,0,212.62,0,0,0,0
"CA0710006","inside","water",18.88,0,135.74,116.86,0,0,0
"CA0710007","inside","sewer",70.61,0,70.61,0,0,0,0
"CA0710007","inside","storm",0,0,2.5,0,0,0,0
"CA0710007","inside","total",88.13,0,161.09,0,0,0,0
"CA0710007","inside","water",17.52,0,90.48,72.96,0,0,0
"CA0710009","inside","sewer",84.59,0,84.59,0,0,0,0
"CA0710009","inside","storm",0,0,0,0,0,0,0
"CA0710009","inside","total",106.43,0,153.35,0,0,0,0
"CA0710009","inside","water",21.84,0,68.76,46.92,0,0,0
"CA0810001","inside","sewer",67.62,0,67.62,0,0,0,0
"CA0810001","inside","storm",0,0,0,0,0,0,0
"CA0810001","inside","total",90.11,4.88,134.4,0,0,0,0
"CA0810001","inside","water",22.49,4.88,66.78,39.41,0,0,0
"CA0910002","inside","sewer",44.46,0,44.46,0,0,0,0
"CA0910002","inside","storm",0,0,0,0,0,0,0
"CA0910002","inside","total",90.51,0,126.33,0,0,0,0
"CA0910002","inside","water",46.05,0,81.87,35.82,0,0,0
"CA0910003","inside","sewer",99.9,0,250.65,150.75,0,0,0
"CA0910003","inside","storm",0,0,0,0,0,0,0
"CA0910003","inside","total",112.77,0,367.19,254.42,0,0,0
"CA0910003","inside","water",12.87,0,116.54,103.67,0,0,0
"CA0910006","inside","sewer",32.89,0,32.89,0,0,0,0
"CA0910006","inside","storm",0,0,0,0,0,0,0
"CA0910006","inside","total",101.86,0,125.92,0,0,0,0
"CA0910006","inside","water",68.97,0,93.03,24.06,0,0,0
"CA0910013","inside","sewer",41.62,0,41.62,0,0,0,0
"CA0910013","inside","storm",0,0,0,0,0,0,0
"CA0910013","inside","total",75.66,15.08,149.89,0,0,0,0
"CA0910013","inside","water",34.04,15.08,108.27,59.15,0,0,0
"CA1010001","inside","sewer",25.75,0.06,25.81,0,0,0,0
"CA1010001","inside","storm",0,0,0,0,0,0,0
"CA1010001","inside","total",33.83,0.06,67.18,0,0,0,0
"CA1010001","inside","water",8.08,0,41.37,33.29,0,0,0
"CA1010003","inside","sewer",23.81,0,23.81,0,0,0,0
"CA1010003","inside","storm",0,0,0,0,0,0,0
"CA1010003","inside","total",35.76,0,52.73,0,0,0,0
"CA1010003","inside","water",11.95,0,28.92,16.97,0,0,0
"CA1010004","inside","sewer",21.95,0,21.95,0,0,0,0
"CA1010004","inside","storm",0,0,0,0,0,0,0
"CA1010004","inside","total",55.51,0,89.34,0,0,0,0
"CA1010004","inside","water",33.56,0,67.39,33.83,0,0,0
"CA1010007","inside","sewer",25.75,0.06,25.81,0,0,0,0
"CA1010007","inside","storm",0,0,0,0,0,0,0
"CA1010007","inside","total",39.25,0.06,74.2,0,0,0,0
"CA1010007","inside","water",13.5,0,48.39,34.89,0,0,0
"CA1010018","inside","sewer",33.43,0,33.43,0,0,0,0
"CA1010018","inside","storm",0,0,1.6,0,0,0,0
"CA1010018","inside","total",59.48,0,77.03,0,0,0,0
"CA1010018","inside","water",26.05,0,43.6,17.55,0,0,0
"CA1010019","inside","sewer",27.05,3,30.05,0,0,0,0
"CA1010019","inside","storm",0,0,0,0,0,0,0
"CA1010019","inside","total",59.3,3,65.5,0,0,0,0
"CA1010019","inside","water",32.25,0,35.45,3.2,0,0,0
"CA1010029","inside","sewer",0,0,37.71,0,0,37.71,0
"CA1010029","inside","storm",0,0,0,0,0,0,0
"CA1010029","inside","total",0,0,66.48,0,0,0,0
"CA1010029","inside","water",11.79,0,28.77,16.98,0,0,0
"CA1010029","outside","water",13.26,0,34.87,21.61,0,0,0
"CA1010035","inside","sewer",59.97,0,59.97,0,0,0,0
"CA1010035","inside","storm",0,0,0,0,0,0,0
"CA1010035","inside","total",79.44,0,97.29,0,0,0,0
"CA1010035","inside","water",19.47,0,37.32,17.85,0,0,0
"CA1010042","inside","sewer",33.74,0,33.74,0,0,0,0
"CA1010042","inside","storm",0,0,0,0,0,0,0
"CA1010042","inside","total",41.45,0,67.77,0,11.83,0,0
"CA1010042","inside","water",7.71,0,34.03,14.49,11.83,0,0
"CA1010044","inside","sewer",26,0,26,0,0,0,0
"CA1010044","inside","storm",0,0,0,0,0,0,0
"CA1010044","inside","total",55.77,0,109.89,0,0,0,0
"CA1010044","inside","water",29.77,0,83.89,54.12,0,0,0
"CA1010049","inside","sewer",43.9,0,43.9,0,0,0,0
"CA1010049","inside","storm",0,0,0,0,0,0,0
"CA1010049","inside","total",76.9,0,76.9,0,0,0,0
"CA1010049","inside","water",33,0,33,0,0,0,0
"CA1100404","inside","sewer",32.89,0,32.89,0,0,0,0
"CA1100404","inside","storm",0,0,0,0,0,0,0
"CA1100404","inside","total",82.35,0,116.74,0,0,0,0
"CA1100404","inside","water",49.46,0,83.85,34.39,0,0,0
"CA1110001","inside","sewer",28.95,0,28.95,0,0,0,0
"CA1110001","inside","storm",0,0,0,0,0,0,0
"CA1110001","inside","total",58.7,0,70.7,0,0,0,0
"CA1110001","inside","water",29.75,0,41.75,12,0,0,0
"CA1110001","outside","sewer",57.9,0,57.9,0,0,0,0
"CA1110001","outside","total",117.4,0,141.4,0,0,0,0
"CA1110001","outside","water",59.5,0,83.5,24,0,0,0
"CA1210001","inside","sewer",54.99,0,186.37,131.38,0,0,0
"CA1210001","inside","storm",0,0,0,0,0,0,0
"CA1210001","inside","total",66.51,0,333.04,266.53,0,0,0
"CA1210001","inside","water",11.52,0,146.67,135.15,0,0,0
"CA1210001","outside","sewer",54.99,0,186.37,131.38,0,0,0
"CA1210001","outside","total",72.28,0,338.81,266.53,0,0,0
"CA1210001","outside","water",17.29,0,152.44,135.15,0,0,0
"CA1210002","inside","sewer",45.41,10.4,55.81,0,0,0,0
"CA1210002","inside","storm",0,0,0,0,0,0,0
"CA1210002","inside","total",70.42,10.4,118.02,0,0,0,0
"CA1210002","inside","water",25.01,0,62.21,37.2,0,0,0
"CA1210002","outside","sewer",45.41,0,45.41,0,0,0,0
"CA1210002","outside","total",82.92,0,138.62,0,0,0,0
"CA1210002","outside","water",37.51,0,93.21,55.7,0,0,0
"CA1210004","inside","sewer",24.34,2.87,210.69,183.48,0,0,0
"CA1210004","inside","storm",0,0,0,0,0,0,0
"CA1210004","inside","total",54.62,2.87,292.9,235.41,0,0,0
"CA1210004","inside","water",30.28,0,82.21,51.93,0,0,0
"CA1210004","outside","sewer",24.34,2.87,210.69,183.48,0,0,0
"CA1210004","outside","total",69.76,2.87,333.91,261.28,0,0,0
"CA1210004","outside","water",45.42,0,123.22,77.8,0,0,0
"CA1210006","inside","sewer",38.75,0,168.26,129.51,0,0,0
"CA1210006","inside","storm",0,0,0,0,0,0,0
"CA1210006","inside","total",61.79,0,223.68,161.89,0,0,0
"CA1210006","inside","water",23.04,0,55.42,32.38,0,0,0
"CA1210006","outside","sewer",38.75,0,254.59,215.84,0,0,0
"CA1210006","outside","total",61.79,0,329.06,267.27,0,0,0
"CA1210006","outside","water",23.04,0,74.47,51.43,0,0,0
"CA1210007","inside","sewer",66.02,0,66.02,0,0,0,0
"CA1210007","inside","storm",0,0,0,0,0,0,0
"CA1210007","inside","total",106.32,0,204.15,0,0,0,0
"CA1210007","inside","water",40.3,0,138.13,97.83,0,0,0
"CA1210009","inside","sewer",22.91,0,175.5,116.7,35.89,0,0
"CA1210009","inside","storm",0,0,0,0,0,0,0
"CA1210009","inside","total",54.87,0,295.29,196.91,43.51,0,0
"CA1210009","inside","water",31.96,0,119.79,80.21,7.62,0,0
"CA1210010","inside","sewer",79.87,0,167.5,87.63,0,0,0
"CA1210010","inside","storm",0,0,1.97,0,0,0,0
"CA1210010","inside","total",163.34,0,307.52,144.18,0,0,0
"CA1210010","inside","water",83.47,0,140.02,56.55,0,0,0
"CA1210011","inside","sewer",42.5,10.5,69.04,16.04,0,0,0
"CA1210011","inside","storm",0,0,0,0,0,0,0
"CA1210011","inside","total",71.5,29,173.18,72.68,0,0,0
"CA1210011","inside","water",29,18.5,104.14,56.64,0,0,0
"CA1210015","inside","sewer",32.89,0,32.89,0,0,0,0
"CA1210015","inside","storm",0,0,0,0,0,0,0
"CA1210015","inside","total",71.54,0,92.23,0,0,0,0
"CA1210015","inside","water",38.65,0,59.34,20.69,0,0,0
"CA1210016","inside","sewer",32.6,0,65.36,32.76,0,0,0
"CA1210016","inside","storm",0,0,0,0,0,0,0
"CA1210016","inside","total",53.66,0,150.44,96.78,0,0,0
"CA1210016","inside","water",21.06,0,85.08,64.02,0,0,0
"CA1210017","inside","sewer",43.18,0,43.18,0,0,0,0
"CA1210017","inside","storm",0,0,0,0,0,0,0
"CA1210017","inside","total",80.58,0,101.63,0,0,0,0
"CA1210017","inside","water",37.4,0,58.45,21.05,0,0,0
"CA1210018","inside","sewer",32.89,0,32.89,0,0,0,0
"CA1210018","inside","storm",0,0,0,0,0,0,0
"CA1210018","inside","total",79.25,0,170.09,0,0,0,0
"CA1210018","inside","water",46.36,0,137.2,90.84,0,0,0
"CA1210018","outside","sewer",32.89,0,32.89,0,0,0,0
"CA1210018","outside","total",90.84,0,204.74,0,0,0,0
"CA1210018","outside","water",57.95,0,171.85,113.9,0,0,0
"CA1310001","inside","sewer",55.25,0,55.25,0,0,0,0
"CA1310001","inside","storm",0,0,0,0,0,0,0
"CA1310001","inside","total",99.86,0,131.66,0,0,0,0
"CA1310001","inside","water",44.61,0,76.41,31.8,0,0,0
"CA1310002","inside","sewer",42.51,0,42.51,0,0,0,0
"CA1310002","inside","storm",0,0,0,0,0,0,0
"CA1310002","inside","total",60.45,0,101.96,0,0,0,0
"CA1310002","inside","water",17.94,0,59.45,41.51,0,0,0
"CA1310004","inside","sewer",58.79,0,58.79,0,0,0,0
"CA1310004","inside","storm",0,0,0,0,0,0,0
"CA1310004","inside","total",62.35,0,118.6,0,0,0,0
"CA1310004","inside","water",3.56,0,59.81,56.25,0,0,0
"CA1310005","inside","sewer",45.7,0,45.7,0,0,0,0
"CA1310005","inside","storm",0,0,0,0,0,0,0
"CA1310005","inside","total",89.33,0,89.33,0,0,0,0
"CA1310005","inside","water",43.63,0,43.63,0,0,0,0
"CA1310005","outside","sewer",45.7,0,45.7,0,0,0,0
"CA1310005","outside","total",132.99,0,132.99,0,0,0,0
"CA1310005","outside","water",87.29,0,87.29,0,0,0,0
"CA1310006","inside","sewer",69.92,0,69.92,0,0,0,0
"CA1310006","inside","storm",0,0,0,0,0,0,0
"CA1310006","inside","total",86.33,0,167.74,0,0,0,0
"CA1310006","inside","water",16.41,0,97.82,81.41,0,0,0
"CA1310006","outside","sewer",139.84,0,139.84,0,0,0,0
"CA1310006","outside","total",172.66,0,335.48,0,0,0,0
"CA1310006","outside","water",32.82,0,195.64,162.82,0,0,0
"CA1310007","inside","sewer",59.79,0,59.79,0,0,0,0
"CA1310007","inside","storm",0,0,0,0,0,0,0
"CA1310007","inside","total",120.04,0,120.04,0,0,0,0
"CA1310007","inside","water",60.25,0,60.25,0,0,0,0
"CA1310007","outside","sewer",59.79,0,59.79,0,0,0,0
"CA1310007","outside","total",136.37,0,136.37,0,0,0,0
"CA1310007","outside","water",76.58,0,76.58,0,0,0,0
"CA1310011","inside","sewer",23.04,1.58,24.62,0,0,0,0
"CA1310011","inside","storm",0,0,0,0,0,0,0
"CA1310011","inside","total",30.96,1.58,61.64,0,0,0,0
"CA1310011","inside","water",7.92,0,37.02,29.1,0,0,0
"CA1410001","inside","sewer",39,0,39,0,0,0,0
"CA1410001","inside","storm",0,0,0,0,0,0,0
"CA1410001","inside","total",71,0,71,0,0,0,0
"CA1410001","inside","water",32,0,32,0,0,0,0
"CA1410006","inside","sewer",21.6,0,21.6,0,0,0,0
"CA1410006","inside","storm",0,0,0,0,0,0,0
"CA1410006","inside","total",41.6,0,50.62,0,0,0,0
"CA1410006","inside","water",20,0,29.02,9.02,0,0,0
"CA1500314","inside","sewer",32.89,0,32.89,0,0,0,0
"CA1500314","inside","storm",0,0,0,0,0,0,0
"CA1500314","inside","total",82.35,0,116.74,0,0,0,0
"CA1500314","inside","water",49.46,0,83.85,34.39,0,0,0
"CA1510001","inside","sewer",29.25,0,29.25,0,0,0,0
"CA1510001","inside","storm",0,0,0,0,0,0,0
"CA1510001","inside","total",55.76,0,86.44,0,0,0,0
"CA1510001","inside","water",26.51,0,57.19,30.68,0,0,0
"CA1510005","inside","sewer",36.19,0,36.19,0,0,0,0
"CA1510005","inside","storm",0,0,0,0,0,0,0
"CA1510005","inside","total",62.97,0,92.22,0,0,0,0
"CA1510005","inside","water",26.78,0,56.03,29.25,0,0,0
"CA1510006","inside","sewer",15.72,0,15.72,0,0,0,0
"CA1510006","inside","storm",0,0,0,0,0,0,0
"CA1510006","inside","total",58.62,0,90.7,0,0,0,0
"CA1510006","inside","water",42.9,0,74.98,32.08,0,0,0
"CA1510012","inside","sewer",32.3,0,32.3,0,0,0,0
"CA1510012","inside","storm",0,0,0,0,0,0,0
"CA1510012","inside","total",66.8,0,96.88,0,0,0,0
"CA1510012","inside","water",34.5,0,64.58,30.08,0,0,0
"CA1510013","inside","sewer",26.14,0,26.14,0,0,0,0
"CA1510013","inside","storm",0,0,0,0,0,0,0
"CA1510013","inside","total",39.67,0,51.36,0,0,0,0
"CA1510013","inside","water",13.53,0,25.22,11.69,0,0,0
"CA1510014","inside","sewer",17.28,0,17.28,0,0,0,0
"CA1510014","inside","storm",0,0,0,0,0,0,0
"CA1510014","inside","total",55.58,0,83.03,0,3.9,0,0
"CA1510014","inside","water",38.3,0,65.75,23.55,3.9,0,0
"CA1510017","inside","sewer",4,0,4,0,0,0,0
"CA1510017","inside","storm",0,0,0,0,0,0,0
"CA1510017","inside","total",28.64,15.76,74.98,0,8.98,0,0
"CA1510017","inside","water",24.64,15.76,70.98,21.6,8.98,0,0
"CA1510018","inside","sewer",39.31,0,45.13,5.82,0,0,0
"CA1510018","inside","storm",0,0,0,0,0,0,0
"CA1510018","inside","total",74.47,0,141.08,66.61,0,0,0
"CA1510018","inside","water",35.16,0,95.95,60.79,0,0,0
"CA1510019","inside","sewer",29.92,0,29.92,0,0,0,0
"CA1510019","inside","storm",0,0,0,0,0,0,0
"CA1510019","inside","total",73.89,0,87.69,0,0,0,0
"CA1510019","inside","water",43.97,0,57.77,13.8,0,0,0
"CA1510020","inside","sewer",41.45,0,41.45,0,0,0,0
"CA1510020","inside","storm",0,0,0,0,0,0,0
"CA1510020","inside","total",64.9,0,89.43,0,0,0,0
"CA1510020","inside","water",23.45,0,47.98,24.53,0,0,0
"CA1510020","outside","sewer",41.45,0,41.45,0,0,0,0
"CA1510020","outside","total",74.12,0,110.97,0,0,0,0
"CA1510020","outside","water",32.67,0,69.52,36.85,0,0,0
"CA1510021","inside","sewer",23.78,0,23.78,0,0,0,0
"CA1510021","inside","storm",0,0,0,0,0,0,0
"CA1510021","inside","total",52.38,0,52.38,0,0,0,0
"CA1510021","inside","water",28.6,0,28.6,0,0,0,0
"CA1510024","inside","sewer",30.5,3.65,34.15,0,0,0,0
"CA1510024","inside","storm",0,0,0,0,0,0,0
"CA1510024","inside","total",56.71,3.65,76.65,0,0,0,0
"CA1510024","inside","water",26.21,0,42.5,16.29,0,0,0
"CA1510025","inside","sewer",55,0,55,0,0,0,0
"CA1510025","inside","storm",0,0,0,0,0,0,0
"CA1510025","inside","total",76.48,0,159.91,0,0,0,0
"CA1510025","inside","water",21.48,0,104.91,83.43,0,0,0
"CA1510031","inside","sewer",17.92,0,17.92,0,0,0,0
"CA1510031","inside","storm",0,0,0,0,0,0,0
"CA1510031","inside","total",34.79,0,75.95,0,0,0,0
"CA1510031","inside","water",16.87,0,58.03,41.16,0,0,0
"CA1510032","inside","sewer",52.43,0,52.43,0,0,0,0
"CA1510032","inside","storm",0,0,0,0,0,0,0
"CA1510032","inside","total",106.71,0,127.57,0,0,0,0
"CA1510032","inside","water",54.28,0,75.14,20.86,0,0,0
"CA1510038","inside","sewer",76.16,0,76.16,0,0,0,0
"CA1510038","inside","storm",0,0,0,0,0,0,0
"CA1510038","inside","total",119.22,0,198.8,0,0,0,0
"CA1510038","inside","water",43.06,0,122.64,79.58,0,0,0
"CA1510045","inside","sewer",91.29,0,91.29,0,0,0,0
"CA1510045","inside","storm",0,0,0,0,0,0,0
"CA1510045","inside","total",120.3,0,159.5,0,10.63,0,0
"CA1510045","inside","water",29.01,0,68.21,28.57,10.63,0,0
"CA1610002","inside","sewer",15.47,0,15.47,0,0,0,0
"CA1610002","inside","storm",0,0,0,0,0,0,0
"CA1610002","inside","total",41.76,0,82.27,0,0,0,0
"CA1610002","inside","water",26.29,0,66.8,40.51,0,0,0
"CA1610004","inside","sewer",23.3,0,23.3,0,0,0,0
"CA1610004","inside","storm",0,0,4.4,0,0,0,0
"CA1610004","inside","total",51.3,0,85.19,0,0,0,0
"CA1610004","inside","water",28,0,61.89,33.89,0,0,0
"CA1610005","inside","sewer",27.7,0,27.7,0,0,0,0
"CA1610005","inside","storm",0,0,0,0,0,0,0
"CA1610005","inside","total",56.7,0,83.25,0,0,0,0
"CA1610005","inside","water",29,0,55.55,26.55,0,0,0
"CA1700554","inside","sewer",29.79,0,29.79,0,0,0,0
"CA1700554","inside","storm",0,0,0,0,0,0,0
"CA1700554","inside","total",61.27,0,141.24,0,0,0,0
"CA1700554","inside","water",31.48,0,111.45,79.97,0,0,0
"CA1700568","inside","sewer",32.89,0,32.89,0,0,0,0
"CA1700568","inside","storm",0,0,0,0,0,0,0
"CA1700568","inside","total",114,0,273.81,0,0,0,0
"CA1700568","inside","water",81.11,0,240.92,159.81,0,0,0
"CA1710001","inside","sewer",63.19,0,63.19,0,0,0,0
"CA1710001","inside","storm",0,0,0,0,0,0,0
"CA1710001","inside","total",109.71,0,139.33,0,0,0,0
"CA1710001","inside","water",46.52,0,76.14,29.62,0,0,0
"CA1710002","inside","sewer",32.98,0,32.98,0,0,0,0
"CA1710002","inside","storm",0,0,0,0,0,0,0
"CA1710002","inside","total",90.14,0,279.51,0,0,0,0
"CA1710002","inside","water",57.16,0,246.53,189.37,0,0,0
"CA1710003","inside","sewer",32.98,0,32.98,0,0,0,0
"CA1710003","inside","storm",0,0,0,0,0,0,0
"CA1710003","inside","total",69.28,0,175.56,0,0,0,0
"CA1710003","inside","water",36.3,0,142.58,106.28,0,0,0
"CA1710004","inside","sewer",74.25,0,74.25,0,0,0,0
"CA1710004","inside","storm",0,0,0,0,0,0,0
"CA1710004","inside","total",109.1,0,188.52,0,0,0,0
"CA1710004","inside","water",34.85,0,114.27,79.42,0,0,0
"CA1710004","outside","sewer",74.25,0,74.25,0,0,0,0
"CA1710004","outside","total",130,0,209.42,0,0,0,0
"CA1710004","outside","water",55.75,0,135.17,79.42,0,0,0
"CA1710006","inside","sewer",32.98,0,32.98,0,0,0,0
"CA1710006","inside","storm",0,0,0,0,0,0,0
"CA1710006","inside","total",68.86,0,149.07,0,0,0,0
"CA1710006","inside","water",35.88,0,116.09,80.21,0,0,0
"CA1710009","inside","sewer",30.29,0,30.29,0,0,0,0
"CA1710009","inside","storm",0,0,0,0,0,0,0
"CA1710009","inside","total",60.29,0,86.54,0,0,0,0
"CA1710009","inside","water",30,0,56.25,26.25,0,0,0
"CA1710013","inside","sewer",16.3,0,16.3,0,0,0,0
"CA1710013","inside","storm",0,0,0,0,0,0,0
"CA1710013","inside","total",49.3,0,133.3,0,0,0,0
"CA1710013","inside","water",33,0,117,84,0,0,0
"CA1710013","outside","sewer",16.3,0,16.3,0,0,0,0
"CA1710013","outside","total",79.8,0,163.8,0,0,0,0
"CA1710013","outside","water",63.5,0,147.5,84,0,0,0
"CA1710015","inside","sewer",51.96,0,107.3,55.34,0,0,0
"CA1710015","inside","storm",0,0,0,0,0,0,0
"CA1710015","inside","total",91.54,0,200.62,109.08,0,0,0
"CA1710015","inside","water",39.58,0,93.32,53.74,0,0,0
"CA1805007","inside","sewer",28.36,0,28.36,0,0,0,0
"CA1805007","inside","storm",0,0,0,0,0,0,0
"CA1805007","inside","total",49.36,0,76.36,0,0,0,0
"CA1805007","inside","water",21,0,48,27,0,0,0
"CA1810001","inside","sewer",0,0,23.5,0,0,23.5,0
"CA1810001","inside","storm",0,0,0,0,0,0,0
"CA1810001","inside","total",0,0,68.96,0,0,0,0
"CA1810001","inside","water",23.65,0,45.46,21.81,0,0,0
"CA1810004","inside","sewer",44.64,0,44.64,0,0,0,0
"CA1810004","inside","storm",0,0,0,0,0,0,0
"CA1810004","inside","total",86.72,5.25,95.77,0,0,0,0
"CA1810004","inside","water",42.08,5.25,51.13,3.8,0,0,0
"CA1910001","inside","sewer",12.84,0,23.71,10.87,0,0,0
"CA1910001","inside","storm",0,0,0,0,0,0,0
"CA1910001","inside","total",24.51,0,92.16,67.65,0,0,0
"CA1910001","inside","water",11.67,0,68.45,56.78,0,0,0
"CA1910003","inside","sewer",8.48,0,8.48,0,0,0,0
"CA1910003","inside","storm",0,0,0,0,0,0,0
"CA1910003","inside","total",23.64,0,65.48,0,0,0,0
"CA1910003","inside","water",15.16,0,57,41.84,0,0,0
"CA1910004","inside","sewer",50.5,0,50.5,0,0,0,0
"CA1910004","inside","storm",0,0,0,0,0,0,0
"CA1910004","inside","total",72.76,0,173.8,0,0,0,0
"CA1910004","inside","water",22.26,0,123.3,101.04,0,0,0
"CA1910005","inside","sewer",4.21,0,4.21,0,0,0,0
"CA1910005","inside","storm",0,0,0,0,0,0,0
"CA1910005","inside","total",36.28,0,61.04,0,2.13,0,0
"CA1910005","inside","water",32.07,0,56.83,22.63,2.13,0,0
"CA1910007","inside","sewer",12.57,0,19.19,6.62,0,0,0
"CA1910007","inside","storm",0,0,0,0,0,0,0
"CA1910007","inside","total",28.35,0,71.71,43.36,0,0,0
"CA1910007","inside","water",15.78,0,52.52,36.74,0,0,0
"CA1910007","outside","sewer",12.57,0,19.19,6.62,0,0,0
"CA1910007","outside","total",44.13,0,124.23,80.1,0,0,0
"CA1910007","outside","water",31.56,0,105.04,73.48,0,0,0
"CA1910009","inside","sewer",50.5,0,50.5,0,0,0,0
"CA1910009","inside","storm",0,0,0,0,0,0,0
"CA1910009","inside","total",70.78,0,123.16,0,0,0,0
"CA1910009","inside","water",20.28,0,72.66,52.38,0,0,0
"CA1910011","inside","sewer",50.5,0,50.5,0,0,0,0
"CA1910011","inside","storm",0,0,0,0,0,0,0
"CA1910011","inside","total",72.76,0,173.8,0,0,0,0
"CA1910011","inside","water",22.26,0,123.3,101.04,0,0,0
"CA1910017","inside","sewer",50.5,0,50.5,0,0,0,0
"CA1910017","inside","storm",0,0,0,0,0,0,0
"CA1910017","inside","total",72.82,0,112.72,0,0,0,0
"CA1910017","inside","water",22.32,0,62.22,39.9,0,0,0
"CA1910019","inside","sewer",0,0,0.65,0.65,0,0,0
"CA1910019","inside","storm",0,0,0,0,0,0,0
"CA1910019","inside","total",0,0,60.83,42.03,0,0,0
"CA1910019","inside","water",18.8,0,60.18,41.38,0,0,0
"CA1910020","inside","sewer",14,0,14,0,0,0,0
"CA1910020","inside","storm",0,0,0,0,0,0,0
"CA1910020","inside","total",35.32,6.31,102.27,0,0,0,0
"CA1910020","inside","water",21.32,6.31,88.27,60.64,0,0,0
"CA1910021","inside","sewer",15.71,0,15.71,0,0,0,0
"CA1910021","inside","storm",0,0,0,0,0,0,0
"CA1910021","inside","total",41.44,0,173.25,0,0,0,0
"CA1910021","inside","water",25.73,0,157.54,131.81,0,0,0
"CA1910023","inside","sewer",6.5,0,6.5,0,0,0,0
"CA1910023","inside","storm",0,0,0,0,0,0,0
"CA1910023","inside","total",59,0,94.09,0,0,0,0
"CA1910023","inside","water",52.5,0,87.59,35.09,0,0,0
"CA1910024","inside","sewer",5.67,0,5.67,0,0,0,0
"CA1910024","inside","storm",0,0,0,0,0,0,0
"CA1910024","inside","total",26.28,0,111.92,0,0,0,0
"CA1910024","inside","water",20.61,0,106.25,85.64,0,0,0
"CA1910026","inside","sewer",4.5,0,4.5,0,0,0,0
"CA1910026","inside","storm",0,0,0,0,0,0,0
"CA1910026","inside","total",35.04,0,88.57,0,0,0,0
"CA1910026","inside","water",30.54,0,84.07,53.53,0,0,0
"CA1910028","inside","sewer",23.9,0,52.85,28.95,0,0,0
"CA1910028","inside","storm",0,0,0,0,0,0,0
"CA1910028","inside","total",50.95,0,195.44,144.49,0,0,0
"CA1910028","inside","water",27.05,0,142.59,115.54,0,0,0
"CA1910028","outside","sewer",23.9,0,52.85,28.95,0,0,0
"CA1910028","outside","total",51.15,0,195.64,144.49,0,0,0
"CA1910028","outside","water",27.25,0,142.79,115.54,0,0,0
"CA1910029","inside","sewer",50.5,0,50.5,0,0,0,0
"CA1910029","inside","storm",0,0,0,0,0,0,0
"CA1910029","inside","total",73.6,0,123.77,0,0,0,0
"CA1910029","inside","water",23.1,0,73.27,50.17,0,0,0
"CA1910038","inside","sewer",0,0,14.08,0,0,14.08,0
"CA1910038","inside","storm",0,0,0,0,0,0,0
"CA1910038","inside","total",0,0,106.74,0,0,0,0
"CA1910038","inside","water",15.78,0,92.66,76.88,0,0,0
"CA1910039","inside","sewer",32.89,0,32.89,0,0,0,0
"CA1910039","inside","storm",0,0,0,0,0,0,0
"CA1910039","inside","total",56.98,0,134.28,0,7.28,0,0
"CA1910039","inside","water",24.09,0,101.39,70.02,7.28,0,0
"CA1910040","inside","sewer",23.23,0,37.87,14.64,0,0,0
"CA1910040","inside","storm",0,0,0,0,0,0,0
"CA1910040","inside","total",35.18,0,130.12,94.94,0,0,0
"CA1910040","inside","water",11.95,0,92.25,80.3,0,0,0
"CA1910043","inside","sewer",4.36,0,51.08,46.72,0,0,0
"CA1910043","inside","storm",0,0,0,0,0,0,0
"CA1910043","inside","total",22.69,0,137.97,115.28,0,0,0
"CA1910043","inside","water",18.33,0,86.89,68.56,0,0,0
"CA1910044","inside","sewer",14.5,0,14.5,0,0,0,0
"CA1910044","inside","storm",0,0,0,0,0,0,0
"CA1910044","inside","total",93.79,0,186.47,0,43.55,0,0
"CA1910044","inside","water",79.29,0,171.97,49.13,43.55,0,0
"CA1910046","inside","sewer",14.5,0,14.5,0,0,0,0
"CA1910046","inside","storm",0,0,0,0,0,0,0
"CA1910046","inside","total",32.06,0,99.16,0,0,0,0
"CA1910046","inside","water",17.56,0,84.66,67.1,0,0,0
"CA1910047","inside","sewer",13.92,0,13.92,0,0,0,0
"CA1910047","inside","storm",0,0,0,0,0,0,0
"CA1910047","inside","total",35.89,0,242.79,0,1.46,0,0
"CA1910047","inside","water",21.97,0,228.87,205.44,1.46,0,0
"CA1910049","inside","sewer",4.5,0,15.53,11.03,0,0,0
"CA1910049","inside","storm",0,0,0,0,0,0,0
"CA1910049","inside","total",39.5,0,154.18,114.66,0.02,0,0
"CA1910049","inside","water",35,0,138.65,103.63,0.02,0,0
"CA1910054","inside","sewer",50.5,0,50.5,0,0,0,0
"CA1910054","inside","storm",0,0,0,0,0,0,0
"CA1910054","inside","total",78.3,0,160.42,0,0,0,0
"CA1910054","inside","water",27.8,0,109.92,82.12,0,0,0
"CA1910059","inside","sewer",50.5,0,50.5,0,0,0,0
"CA1910059","inside","storm",0,0,0,0,0,0,0
"CA1910059","inside","total",68.06,0,140.01,0,0.96,0,0
"CA1910059","inside","water",17.56,0,89.51,70.99,0.96,0,0
"CA1910060","inside","sewer",14.33,0,14.33,0,0,0,0
"CA1910060","inside","storm",0,0,0,0,0,0,0
"CA1910060","inside","total",33.15,0,94.01,0,0,0,0
"CA1910060","inside","water",18.82,0,79.68,60.86,0,0,0
"CA1910061","inside","sewer",32.89,0,32.89,0,0,0,0
"CA1910061","inside","storm",0,0,0,0,0,0,0
"CA1910061","inside","total",61.77,0,138.72,0,0,0,0
"CA1910061","inside","water",28.88,0,105.83,76.95,0,0,0
"CA1910062","inside","sewer",11.71,0,11.71,0,0,0,0
"CA1910062","inside","storm",0,0,0,0,0,0,0
"CA1910062","inside","total",29.91,0,94.58,0,0,0,0
"CA1910062","inside","water",18.2,0,82.87,64.67,0,0,0
"CA1910063","inside","sewer",50.5,0,50.5,0,0,0,0
"CA1910063","inside","storm",0,0,0,0,0,0,0
"CA1910063","inside","total",80.4,3.75,157.96,0,0,0,0
"CA1910063","inside","water",29.9,3.75,107.46,73.81,0,0,0
"CA1910065","inside","sewer",6.86,0,14.02,7.16,0,0,0
"CA1910065","inside","storm",0,0,0,0,0,0,0
"CA1910065","inside","total",26.9,0,123.81,96.91,0,0,0
"CA1910065","inside","water",20.04,0,109.79,89.75,0,0,0
"CA1910067","inside","sewer",0,0,126.3,110.49,15.81,0,0
"CA1910067","inside","storm",0,0,5.21,0,0,0,0
"CA1910067","inside","total",0,0,283.3,259.09,24.21,0,0
"CA1910067","inside","water",0,0,157,148.6,8.4,0,0
"CA1910070","inside","sewer",39.67,0,39.67,0,0,0,0
"CA1910070","inside","storm",0,0,0,0,0,0,0
"CA1910070","inside","total",65.03,0,86.96,0,2.13,0,0
"CA1910070","inside","water",25.36,0,47.29,19.8,2.13,0,0
"CA1910073","inside","sewer",13.92,0,13.92,0,0,0,0
"CA1910073","inside","storm",0,0,0,0,0,0,0
"CA1910073","inside","total",64.23,0,163.45,0,0,0,0
"CA1910073","inside","water",50.31,0,149.53,99.22,0,0,0
"CA1910077","inside","sewer",50.5,0,50.5,0,0,0,0
"CA1910077","inside","storm",0,0,0,0,0,0,0
"CA1910077","inside","total",72.76,0,173.8,0,0,0,0
"CA1910077","inside","water",22.26,0,123.3,101.04,0,0,0
"CA1910079","inside","sewer",11.34,0,11.34,0,0,0,0
"CA1910079","inside","storm",0,0,0,0,0,0,0
"CA1910079","inside","total",27.6,0,83.55,0,0,0,0
"CA1910079","inside","water",16.26,0,72.21,55.95,0,0,0
"CA1910083","inside","sewer",5.56,0,31.03,25.47,0,0,0
"CA1910083","inside","storm",0,0,0,0,0,0,0
"CA1910083","inside","total",25.79,0,157.68,131.89,0,0,0
"CA1910083","inside","water",20.23,0,126.65,106.42,0,0,0
"CA1910090","inside","sewer",9.29,0,9.29,0,0,0,0
"CA1910090","inside","storm",0,0,0,0,0,0,0
"CA1910090","inside","total",43.82,0,84.93,0,0,0,0
"CA1910090","inside","water",34.53,0,75.64,41.11,0,0,0
"CA1910092","inside","sewer",21.25,0,39.05,17.8,0,0,0
"CA1910092","inside","storm",0,0,0,0,0,0,0
"CA1910092","inside","total",42.5,0,111.22,68.72,0,0,0
"CA1910092","inside","water",21.25,0,72.17,50.92,0,0,0
"CA1910096","inside","sewer",50.5,0,50.5,0,0,0,0
"CA1910096","inside","storm",0,0,0,0,0,0,0
"CA1910096","inside","total",66.64,0,123.87,0,0,0,0
"CA1910096","inside","water",16.14,0,73.37,57.23,0,0,0
"CA1910098","inside","sewer",7.58,0,7.58,0,0,0,0
"CA1910098","inside","storm",0,0,0,0,0,0,0
"CA1910098","inside","total",29.84,0,130.88,0,0,0,0
"CA1910098","inside","water",22.26,0,123.3,101.04,0,0,0
"CA1910101","inside","sewer",50.5,0,50.5,0,0,0,0
"CA1910101","inside","storm",0,0,0,0,0,0,0
"CA1910101","inside","total",81.88,0,146.05,0,0,0,0
"CA1910101","inside","water",31.38,0,95.55,64.17,0,0,0
"CA1910102","inside","sewer",8.64,0,8.64,0,0,0,0
"CA1910102","inside","storm",0,0,0,0,0,0,0
"CA1910102","inside","total",46.86,0,90.45,0,12.03,0,0
"CA1910102","inside","water",38.22,0,81.81,31.56,12.03,0,0
"CA1910103","inside","sewer",44.78,0,44.78,0,0,0,0
"CA1910103","inside","storm",0,0,0,0,0,0,0
"CA1910103","inside","total",81.71,9.81,110.15,0,0,0,0
"CA1910103","inside","water",36.93,9.81,65.37,18.63,0,0,0
"CA1910108","inside","sewer",50.5,0,50.5,0,0,0,0
"CA1910108","inside","storm",0,0,0,0,0,0,0
"CA1910108","inside","total",59.3,0,96.28,0,0,0,0
"CA1910108","inside","water",8.8,0,45.78,36.98,0,0,0
"CA1910124","inside","sewer",4.79,0,100.24,95.45,0,0,0
"CA1910124","inside","storm",0,0,2.57,0,0,0,0
"CA1910124","inside","total",29.45,0,193.69,144.09,20.15,0,0
"CA1910124","inside","water",24.66,0,93.45,48.64,20.15,0,0
"CA1910124","outside","sewer",4.79,0,100.24,95.45,0,0,0
"CA1910124","outside","total",29.45,0,193.69,144.09,20.15,0,0
"CA1910124","outside","water",24.66,0,93.45,48.64,20.15,0,0
"CA1910125","inside","sewer",23.58,0,23.58,0,0,0,0
"CA1910125","inside","storm",0,0,0,0,0,0,0
"CA1910125","inside","total",39.79,0,77.49,0,0,0,0
"CA1910125","inside","water",16.21,0,53.91,37.7,0,0,0
"CA1910126","inside","sewer",4.7,0,18.74,14.04,0,0,0
"CA1910126","inside","storm",0,0,0,0,0,0,0
"CA1910126","inside","total",27.46,0,87.95,60.49,0,0,0
"CA1910126","inside","water",22.76,0,69.21,46.45,0,0,0
"CA1910127","inside","sewer",14.5,0,14.5,0,0,0,0
"CA1910127","inside","storm",0,0,0,0,0,0,0
"CA1910127","inside","total",50.72,0,109.01,0,0,0,0
"CA1910127","inside","water",36.22,0,94.51,58.29,0,0,0
"CA1910130","inside","sewer",50.5,0,50.5,0,0,0,0
"CA1910130","inside","storm",0,0,0,0,0,0,0
"CA1910130","inside","total",80.53,0,118.05,0,0,0,0
"CA1910130","inside","water",30.03,0,67.55,37.52,0,0,0
"CA1910140","inside","sewer",50.5,0,50.5,0,0,0,0
"CA1910140","inside","storm",0,0,0,0,0,0,0
"CA1910140","inside","total",79,0,144.35,0,0,0,0
"CA1910140","inside","water",28.5,0,93.85,65.35,0,0,0
"CA1910142","inside","sewer",50.5,0,50.5,0,0,0,0
"CA1910142","inside","storm",0,0,0,0,0,0,0
"CA1910142","inside","total",71.11,0,156.75,0,0,0,0
"CA1910142","inside","water",20.61,0,106.25,85.64,0,0,0
"CA1910144","inside","sewer",14,0,14,0,0,0,0
"CA1910144","inside","storm",0,0,0,0,0,0,0
"CA1910144","inside","total",35.9,0,86.03,0,0,0,0
"CA1910144","inside","water",21.9,0,72.03,50.13,0,0,0
"CA1910146","inside","sewer",7.73,0,71.31,63.58,0,0,0
"CA1910146","inside","storm",0,0,0,0,0,0,0
"CA1910146","inside","total",14.29,0,202.14,187.85,0,0,0
"CA1910146","inside","water",6.56,0,130.83,124.27,0,0,0
"CA1910147","inside","sewer",15.71,0,15.71,0,0,0,0
"CA1910147","inside","storm",0,0,0,0,0,0,0
"CA1910147","inside","total",86.94,0,86.94,0,0,0,0
"CA1910147","inside","water",71.23,0,71.23,0,0,0,0
"CA1910148","inside","sewer",16.12,0,16.12,0,0,0,0
"CA1910148","inside","storm",0,0,0,0,0,0,0
"CA1910148","inside","total",55.96,0,123.38,0,0,0,0
"CA1910148","inside","water",39.84,0,107.26,67.42,0,0,0
"CA1910149","inside","sewer",21.44,0,21.44,0,0,0,0
"CA1910149","inside","storm",0,0,0,0,0,0,0
"CA1910149","inside","total",41.34,0,119.27,0,0,0,0
"CA1910149","inside","water",19.9,0,97.83,77.93,0,0,0
"CA1910152","inside","sewer",16.08,1,24.1,7.02,0,0,0
"CA1910152","inside","storm",0,0,0,0,0,0,0
"CA1910152","inside","total",42.12,1,146.07,102.95,0,0,0
"CA1910152","inside","water",26.04,0,121.97,95.93,0,0,0
"CA1910152","outside","sewer",16.08,0,23.1,7.02,0,0,0
"CA1910152","outside","total",42.12,0,106.73,64.61,0,0,0
"CA1910152","outside","water",26.04,0,83.63,57.59,0,0,0
"CA1910154","inside","sewer",14.64,0,14.64,0,0,0,0
"CA1910154","inside","storm",0,0,0,0,0,0,0
"CA1910154","inside","total",59.11,0,148.04,0,2.81,0,0
"CA1910154","inside","water",44.47,0,133.4,86.12,2.81,0,0
"CA1910155","inside","sewer",0,0,99.5,96.53,2.97,0,0
"CA1910155","inside","storm",0,0,0,0,0,0,0
"CA1910155","inside","total",0,0,232.96,194.61,21.06,0,0
"CA1910155","inside","water",17.29,0,133.46,98.08,18.09,0,0
"CA1910156","inside","sewer",43.69,0,43.69,0,0,0,0
"CA1910156","inside","storm",0,0,0,0,0,0,0
"CA1910156","inside","total",68.91,0,165.73,0,4.81,0,0
"CA1910156","inside","water",25.22,0,122.04,92.01,4.81,0,0
"CA1910156","outside","sewer",43.69,0,43.69,0,0,0,0
"CA1910156","outside","total",68.91,0,185.58,0,7.82,0,0
"CA1910156","outside","water",25.22,0,141.89,108.85,7.82,0,0
"CA1910161","inside","sewer",16.08,0,16.08,0,0,0,0
"CA1910161","inside","storm",0,0,0,0,0,0,0
"CA1910161","inside","total",41.81,0,173.62,0,0,0,0
"CA1910161","inside","water",25.73,0,157.54,131.81,0,0,0
"CA1910163","inside","sewer",14.5,0,14.5,0,0,0,0
"CA1910163","inside","storm",0,0,0,0,0,0,0
"CA1910163","inside","total",44.01,0,117.11,0,0,0,0
"CA1910163","inside","water",29.51,0,102.61,73.1,0,0,0
"CA1910167","inside","sewer",23.16,0,23.16,0,0,0,0
"CA1910167","inside","storm",0,0,0,0,0,0,0
"CA1910167","inside","total",44.35,0,88.99,0,0,0,0
"CA1910167","inside","water",21.19,0,65.83,44.64,0,0,0
"CA1910169","inside","sewer",16.08,0,16.08,0,0,0,0
"CA1910169","inside","storm",0,0,0,0,0,0,0
"CA1910169","inside","total",26.08,0,89.24,0,0,0,0
"CA1910169","inside","water",10,0,73.16,63.16,0,0,0
"CA1910173","inside","sewer",0.64,0,21.04,20.4,0,0,0
"CA1910173","inside","storm",0,0,0,0,0,0,0
"CA1910173","inside","total",33.56,0,107.69,74.13,0,0,0
"CA1910173","inside","water",32.92,0,86.65,53.73,0,0,0
"CA1910174","inside","sewer",14.61,0,14.61,0,0,0,0
"CA1910174","inside","storm",0,0,0,0,0,0,0
"CA1910174","inside","total",32.17,0,104.12,0,0.96,0,0
"CA1910174","inside","water",17.56,0,89.51,70.99,0.96,0,0
"CA1910179","inside","sewer",25.66,0,25.66,0,0,0,0
"CA1910179","inside","storm",0,0,0,0,0,0,0
"CA1910179","inside","total",40.45,0,108.36,0,38.18,0,0
"CA1910179","inside","water",14.79,0,82.7,29.73,38.18,0,0
"CA1910185","inside","sewer",50.5,0,50.5,0,0,0,0
"CA1910185","inside","storm",0,0,0,0,0,0,0
"CA1910185","inside","total",71.02,0,130.55,0,5.37,0,0
"CA1910185","inside","water",20.52,0,80.05,54.16,5.37,0,0
"CA1910189","inside","sewer",14.33,0,14.33,0,0,0,0
"CA1910189","inside","storm",0,0,0,0,0,0,0
"CA1910189","inside","total",42.57,0,116.13,0,4.27,0,0
"CA1910189","inside","water",28.24,0,101.8,69.29,4.27,0,0
"CA1910191","inside","sewer",7.58,0,7.58,0,0,0,0
"CA1910191","inside","storm",0,0,0,0,0,0,0
"CA1910191","inside","total",33.19,0,95.35,0,0,0,0
"CA1910191","inside","water",25.61,0,87.77,62.16,0,0,0
"CA1910194","inside","sewer",14.92,0,14.92,0,0,0,0
"CA1910194","inside","storm",0,0,0,0,0,0,0
"CA1910194","inside","total",59.63,0,146.38,0,0,0,0
"CA1910194","inside","water",44.71,0,131.46,86.75,0,0,0
"CA1910195","inside","sewer",0,0,7.02,7.02,0,0,0
"CA1910195","inside","storm",0,0,0,0,0,0,0
"CA1910195","inside","total",0,0,130.32,108.06,0,0,0
"CA1910195","inside","water",22.26,0,123.3,101.04,0,0,0
"CA1910203","inside","sewer",4.21,0,4.21,0,0,0,0
"CA1910203","inside","storm",0,0,0,0,0,0,0
"CA1910203","inside","total",32.73,0,57.09,0,2.13,0,0
"CA1910203","inside","water",28.52,0,52.88,22.23,2.13,0,0
"CA1910204","inside","sewer",121.17,0,121.17,0,0,0,0
"CA1910204","inside","storm",0,0,0,0,0,0,0
"CA1910204","inside","total",162.25,0,270.63,0,0,0,0
"CA1910204","inside","water",41.08,0,149.46,108.38,0,0,0
"CA1910205","inside","sewer",41.64,0,41.64,0,0,0,0
"CA1910205","inside","storm",0,0,7.87,0,0,0,0
"CA1910205","inside","total",55.52,0,123.26,0,1.44,0,0
"CA1910205","inside","water",13.88,0,81.62,66.3,1.44,0,0
"CA1910211","inside","sewer",14.94,0,14.94,0,0,0,0
"CA1910211","inside","storm",0,0,0,0,0,0,0
"CA1910211","inside","total",40.67,0,175.82,0,0,0,0
"CA1910211","inside","water",25.73,0,160.88,135.15,0,0,0
"CA1910212","inside","sewer",8.68,0,8.68,0,0,0,0
"CA1910212","inside","storm",0,0,0,0,0,0,0
"CA1910212","inside","total",29.29,0,114.93,0,0,0,0
"CA1910212","inside","water",20.61,0,106.25,85.64,0,0,0
"CA1910213","inside","sewer",3.6,0,10.22,6.62,0,0,0
"CA1910213","inside","storm",0,0,0,0,0,0,0
"CA1910213","inside","total",10.43,2.92,119.42,106.07,0,0,0
"CA1910213","inside","water",6.83,2.92,109.2,99.45,0,0,0
"CA1910218","inside","sewer",50.5,0,50.5,0,0,0,0
"CA1910218","inside","storm",0,0,0,0,0,0,0
"CA1910218","inside","total",92.12,0,137.14,0,0,0,0
"CA1910218","inside","water",41.62,0,86.64,45.02,0,0,0
"CA1910223","inside","sewer",13,0,13,0,0,0,0
"CA1910223","inside","storm",0,0,0,0,0,0,0
"CA1910223","inside","total",33.61,0,119.25,0,0,0,0
"CA1910223","inside","water",20.61,0,106.25,85.64,0,0,0
"CA1910234","inside","sewer",32.89,0,32.89,0,0,0,0
"CA1910234","inside","storm",0,0,0,0,0,0,0
"CA1910234","inside","total",53.56,0,127.96,0,4.54,0,0
"CA1910234","inside","water",20.67,0,95.07,69.86,4.54,0,0
"CA1910239","inside","sewer",50.5,0,50.5,0,0,0,0
"CA1910239","inside","storm",0,0,0,0,0,0,0
"CA1910239","inside","total",64.31,0,162.74,0,0,0,0
"CA1910239","inside","water",13.81,0,112.24,98.43,0,0,0
"CA1910239","outside","sewer",50.5,0,50.5,0,0,0,0
"CA1910239","outside","total",68.45,0,196.42,0,0,0,0
"CA1910239","outside","water",17.95,0,145.92,127.97,0,0,0
"CA1910240","inside","sewer",50.5,0,50.5,0,0,0,0
"CA1910240","inside","storm",0,0,0,0,0,0,0
"CA1910240","inside","total",67.31,0,104.19,0,0,0,0
"CA1910240","inside","water",16.81,0,53.69,36.88,0,0,0
"CA1910245","inside","sewer",50.5,0,50.5,0,0,0,0
"CA1910245","inside","storm",0,0,0,0,0,0,0
"CA1910245","inside","total",62.9,0,127.35,0,0,0,0
"CA1910245","inside","water",12.4,0,76.85,64.45,0,0,0
"CA1910247","inside","sewer",30.83,0,30.83,0,0,0,0
"CA1910247","inside","storm",0,0,0,0,0,0,0
"CA1910247","inside","total",46.97,0,104.2,0,0,0,0
"CA1910247","inside","water",16.14,0,73.37,57.23,0,0,0
"CA1910248","inside","sewer",50.5,0,50.5,0,0,0,0
"CA1910248","inside","storm",0,0,0,0,0,0,0
"CA1910248","inside","total",72.92,0,105.81,0,3.51,0,0
"CA1910248","inside","water",22.42,0,55.31,29.38,3.51,0,0
"CA1910250","inside","sewer",30.83,0,30.83,0,0,0,0
"CA1910250","inside","storm",0,0,0,0,0,0,0
"CA1910250","inside","total",57.13,0,97.03,0,0,0,0
"CA1910250","inside","water",26.3,0,66.2,39.9,0,0,0
"CA2010001","inside","sewer",26.28,0,26.28,0,0,0,0
"CA2010001","inside","storm",0,0,0,0,0,0,0
"CA2010001","inside","total",48.28,0,71.18,0,0,0,0
"CA2010001","inside","water",22,0,44.9,22.9,0,0,0
"CA2010002","inside","sewer",40.81,0,40.81,0,0,0,0
"CA2010002","inside","storm",0,0,0,0,0,0,0
"CA2010002","inside","total",58.79,0,147.6,0,0,0,0
"CA2010002","inside","water",17.98,0,106.79,88.81,0,0,0
"CA2010010","inside","sewer",42.75,0,42.75,0,0,0,0
"CA2010010","inside","storm",0,0,0,0,0,0,0
"CA2010010","inside","total",132.75,0,132.75,0,0,0,0
"CA2010010","inside","water",90,0,90,0,0,0,0
"CA2100508","inside","sewer",32.89,0,32.89,0,0,0,0
"CA2100508","inside","storm",0,0,0,0,0,0,0
"CA2100508","inside","total",72.76,0,284.84,0,0,0,0
"CA2100508","inside","water",39.87,0,251.95,212.08,0,0,0
"CA2110001","inside","sewer",32.89,0,32.89,0,0,0,0
"CA2110001","inside","storm",0,0,0,0,0,0,0
"CA2110001","inside","total",105.89,0,204.28,0,0,0,0
"CA2110001","inside","water",73,0,171.39,98.39,0,0,0
"CA2110002","inside","sewer",60.36,0,60.36,0,0,0,0
"CA2110002","inside","storm",0,0,0,0,0,0,0
"CA2110002","inside","total",80.19,18.76,208.42,0,0,0,0
"CA2110002","inside","water",19.83,18.76,148.06,109.47,0,0,0
"CA2110003","inside","sewer",58.89,0,58.89,0,0,0,0
"CA2110003","inside","storm",0,0,0,0,0,0,0
"CA2110003","inside","total",79.58,7.86,220.96,0,14.34,0,0
"CA2110003","inside","water",20.69,7.86,162.07,119.17,14.34,0,0
"CA2110004","inside","sewer",36.95,0,36.95,0,0,0,0
"CA2110004","inside","storm",0,0,0,0,0,0,0
"CA2110004","inside","total",75.5,0,197.14,0,0,0,0
"CA2110004","inside","water",38.55,0,160.19,121.64,0,0,0
"CA2110005","inside","sewer",117.58,0,117.58,0,0,0,0
"CA2110005","inside","storm",0,0,0,0,0,0,0
"CA2110005","inside","total",236.33,0,342.33,0,0,0,0
"CA2110005","inside","water",118.75,0,224.75,106,0,0,0
"CA2210001","inside","sewer",52.72,0,52.72,0,0,0,0
"CA2210001","inside","storm",0,0,0,0,0,0,0
"CA2210001","inside","total",81.77,0,141.87,0,0,0,0
"CA2210001","inside","water",29.05,0,89.15,60.1,0,0,0
"CA2310001","inside","sewer",29.73,0,180.52,150.79,0,0,0
"CA2310001","inside","storm",0,0,0,0,0,0,0
"CA2310001","inside","total",68.34,0,347.13,278.79,0,0,0
"CA2310001","inside","water",38.61,0,166.61,128,0,0,0
"CA2310002","inside","sewer",32.89,0,32.89,0,0,0,0
"CA2310002","inside","storm",0,0,0,0,0,0,0
"CA2310002","inside","total",62.33,0,111.82,0,0,0,0
"CA2310002","inside","water",29.44,0,78.93,49.49,0,0,0
"CA2310003","inside","sewer",62.44,0,111.57,49.13,0,0,0
"CA2310003","inside","storm",0,0,0,0,0,0,0
"CA2310003","inside","total",100.02,0,213.72,113.7,0,0,0
"CA2310003","inside","water",37.58,0,102.15,64.57,0,0,0
"CA2310003","outside","sewer",53.47,0,163.31,109.84,0,0,0
"CA2310003","outside","total",91.05,0,265.46,174.41,0,0,0
"CA2310003","outside","water",37.58,0,102.15,64.57,0,0,0
"CA2310004","inside","sewer",70.51,0,70.51,0,0,0,0
"CA2310004","inside","storm",0,0,0,0,0,0,0
"CA2310004","inside","total",101.06,0,254.49,0,0,0,0
"CA2310004","inside","water",30.55,0,183.98,153.43,0,0,0
"CA2310005","inside","sewer",15.7,0,25.87,30.51,0,0,0
"CA2310005","inside","storm",0,0,0,0,0,0,0
"CA2310005","inside","total",45.11,0,144.61,119.84,0,0,0
"CA2310005","inside","water",29.41,0,118.74,89.33,0,0,0
"CA2310006","inside","sewer",53.47,0,53.47,0,0,0,0
"CA2310006","inside","storm",0,0,0,0,0,0,0
"CA2310006","inside","total",86.93,0,138.23,0,22.5,0,0
"CA2310006","inside","water",33.46,0,84.76,28.8,22.5,0,0
"CA2310008","inside","sewer",53.47,0,53.47,0,0,0,0
"CA2310008","inside","storm",0,0,0,0,0,0,0
"CA2310008","inside","total",77.03,0,163.88,0,0,0,0
"CA2310008","inside","water",23.56,0,110.41,86.85,0,0,0
"CA2310010","inside","sewer",60,0,60,0,0,0,0
"CA2310010","inside","storm",0,0,0,0,0,0,0
"CA2310010","inside","total",88,0,116.5,0,0,0,0
"CA2310010","inside","water",28,0,56.5,28.5,0,0,0
"CA2310012","inside","sewer",32.89,0,32.89,0,0,0,0
"CA2310012","inside","storm",0,0,0,0,0,0,0
"CA2310012","inside","total",118.38,0,215.88,0,0,0,0
"CA2310012","inside","water",85.49,0,182.99,97.5,0,0,0
"CA2400201","inside","sewer",32.89,0,32.89,0,0,0,0
"CA2400201","inside","storm",0,0,0,0,0,0,0
"CA2400201","inside","total",72.89,0,72.89,0,0,0,0
"CA2400201","inside","water",40,0,40,0,0,0,0
"CA2410001","inside","sewer",62.33,0,62.33,0,0,0,0
"CA2410001","inside","storm",0,0,0,0,0,0,0
"CA2410001","inside","total",109.64,0,109.64,0,0,0,0
"CA2410001","inside","water",47.31,0,47.31,0,0,0,0
"CA2410003","inside","sewer",34.39,0,34.39,0,0,0,0
"CA2410003","inside","storm",0,0,0,0,0,0,0
"CA2410003","inside","total",66.3,0,97.74,0,0,0,0
"CA2410003","inside","water",31.91,0,63.35,31.44,0,0,0
"CA2410003","outside","sewer",34.39,0,34.39,0,0,0,0
"CA2410003","outside","total",130.12,0,161.56,0,0,0,0
"CA2410003","outside","water",95.73,0,127.17,31.44,0,0,0
"CA2410004","inside","sewer",45.99,0,45.99,0,0,0,0
"CA2410004","inside","storm",0,0,0,0,0,0,0
"CA2410004","inside","total",74.37,0,74.37,0,0,0,0
"CA2410004","inside","water",28.38,0,28.38,0,0,0,0
"CA2410005","inside","sewer",28.23,0,28.23,0,0,0,0
"CA2410005","inside","storm",0,0,0,0,0,0,0
"CA2410005","inside","total",50.22,0,58.79,0,0,0,0
"CA2410005","inside","water",21.99,0,30.56,8.57,0,0,0
"CA2410006","inside","sewer",44.86,0,119.26,74.4,0,0,0
"CA2410006","inside","storm",0,0,0,0,0,0,0
"CA2410006","inside","total",61.03,0,162.87,101.84,0,0,0
"CA2410006","inside","water",16.17,0,43.61,27.44,0,0,0
"CA2410010","inside","sewer",49.16,0,49.16,0,0,0,0
"CA2410010","inside","storm",0,0,0,0,0,0,0
"CA2410010","inside","total",0,0,68.51,0,0,0,0
"CA2410010","inside","water",0,0,19.35,0,0,19.35,0
"CA2410010","outside","sewer",49.16,0,49.16,0,0,0,0
"CA2410010","outside","total",71.65,0,96.86,0,0,0,0
"CA2410010","outside","water",22.49,0,47.7,25.21,0,0,0
"CA2410012","inside","sewer",27.25,0,63.25,36,0,0,0
"CA2410012","inside","storm",0,0,0,0,0,0,0
"CA2410012","inside","total",52.9,0,88.9,0,0,0,0
"CA2410012","inside","water",25.65,0,25.65,0,0,0,0
"CA2410018","inside","sewer",39.71,0,39.71,0,0,0,0
"CA2410018","inside","storm",0,0,0,0,0,0,0
"CA2410018","inside","total",76.57,9,114.65,0,0,0,0
"CA2410018","inside","water",36.86,9,74.94,29.08,0,0,0
"CA2500503","inside","sewer",39,0,51.03,12.03,0,0,0
"CA2500503","inside","storm",0,0,0,0,0,0,0
"CA2500503","inside","total",72.25,0,96.31,24.06,0,0,0
"CA2500503","inside","water",33.25,0,45.28,12.03,0,0,0
"CA2510001","inside","sewer",40.22,0,40.22,0,0,0,0
"CA2510001","inside","storm",0,0,0,0,0,0,0
"CA2510001","inside","total",86.81,0,91.23,0,0,0,0
"CA2510001","inside","water",46.59,0,51.01,4.42,0,0,0
"CA2510001","outside","sewer",40.22,0,40.22,0,0,0,0
"CA2510001","outside","total",85.31,0,89.73,0,0,0,0
"CA2510001","outside","water",45.09,0,49.51,4.42,0,0,0
"CA2600714","inside","sewer",32.89,0,32.89,0,0,0,0
"CA2600714","inside","storm",0,0,0,0,0,0,0
"CA2600714","inside","total",81.64,0,81.64,0,0,0,0
"CA2600714","inside","water",48.75,0,48.75,0,0,0,0
"CA2610001","inside","sewer",21.15,0,21.15,0,0,0,0
"CA2610001","inside","storm",0,0,0,0,0,0,0
"CA2610001","inside","total",36.2,0,84.85,0,0,0,0
"CA2610001","inside","water",15.05,0,63.7,48.65,0,0,0
"CA2610001","outside","sewer",21.15,32.98,54.13,0,0,0,0
"CA2610001","outside","total",36.2,32.98,69.18,0,0,0,0
"CA2610001","outside","water",15.05,0,15.05,0,0,0,0
"CA2610003","inside","sewer",78.54,0,78.54,0,0,0,0
"CA2610003","inside","storm",0,0,0,0,0,0,0
"CA2610003","inside","total",173.5,0,173.5,0,0,0,0
"CA2610003","inside","water",94.96,0,94.96,0,0,0,0
"CA2710007","inside","sewer",26.52,0,26.52,0,0,0,0
"CA2710007","inside","storm",0,0,0,0,0,0,0
"CA2710007","inside","total",44.34,0,80.83,0,0,0,0
"CA2710007","inside","water",17.82,0,54.31,36.49,0,0,0
"CA2710008","inside","sewer",30.5,3.65,34.15,0,0,0,0
"CA2710008","inside","storm",0,0,0,0,0,0,0
"CA2710008","inside","total",47.66,16.62,116.82,0,0,0,0
"CA2710008","inside","water",17.16,12.97,82.67,52.54,0,0,0
"CA2710017","inside","sewer",16.63,0,16.63,0,0,0,0
"CA2710017","inside","storm",0,0,0,0,0,0,0
"CA2710017","inside","total",42.85,0,131.83,0,0,0,0
"CA2710017","inside","water",26.22,0,115.2,88.98,0,0,0
"CA2710020","inside","sewer",24.55,0,24.55,0,0,0,0
"CA2710020","inside","storm",0,0,0,0,0,0,0
"CA2710020","inside","total",41.41,0,154.7,0,0,0,0
"CA2710020","inside","water",16.86,0,130.15,113.29,0,0,0
"CA2800521","inside","sewer",72.15,0,72.15,0,0,0,0
"CA2800521","inside","storm",0,0,0,0,0,0,0
"CA2800521","inside","total",144.15,0,270.14,0,0,0,0
"CA2800521","inside","water",72,0,197.99,125.99,0,0,0
"CA2810002","inside","sewer",86.38,0,86.38,0,0,0,0
"CA2810002","inside","storm",0,0,0,0,0,0,0
"CA2810002","inside","total",127.8,0,306.06,0,0,0,0
"CA2810002","inside","water",41.42,0,219.68,178.26,0,0,0
"CA2810003","inside","sewer",61.55,0,61.55,0,0,0,0
"CA2810003","inside","storm",0,0,0,0,0,0,0
"CA2810003","inside","total",80.63,0,181.16,0,14.47,0,0
"CA2810003","inside","water",19.08,0,119.61,86.06,14.47,0,0
"CA2810003","outside","sewer",61.55,0,61.55,0,0,0,0
"CA2810003","outside","total",80.63,0,214.48,0,14.47,0,0
"CA2810003","outside","water",19.08,0,152.93,119.38,14.47,0,0
"CA2810004","inside","sewer",58.93,0,58.93,0,0,0,0
"CA2810004","inside","storm",0,0,0,0,0,0,0
"CA2810004","inside","total",124.56,0,224.84,0,0,0,0
"CA2810004","inside","water",65.63,0,165.91,100.28,0,0,0
"CA2810005","inside","sewer",0,0,58.41,0,0,58.41,0
"CA2810005","inside","storm",0,0,0,0,0,0,0
"CA2810005","inside","total",0,0,203.67,0,0,0,0
"CA2810005","inside","water",10.67,0,145.26,134.59,0,0,0
"CA2810007","inside","sewer",55.42,0,55.42,0,0,0,0
"CA2810007","inside","storm",0,0,0,0,0,0,0
"CA2810007","inside","total",106.96,0,171.43,0,0,0,0
"CA2810007","inside","water",51.54,0,116.01,64.47,0,0,0
"CA2810007","outside","sewer",55.42,0,55.42,0,0,0,0
"CA2810007","outside","total",143.04,0,207.51,0,0,0,0
"CA2810007","outside","water",87.62,0,152.09,64.47,0,0,0
"CA2910003","inside","sewer",22.78,0,22.78,0,0,0,0
"CA2910003","inside","storm",0,0,0,0,0,0,0
"CA2910003","inside","total",98.52,0,147.12,0,33.75,0,0
"CA2910003","inside","water",75.74,0,124.34,14.85,33.75,0,0
"CA2910014","inside","sewer",67.5,31.25,98.75,0,0,0,0
"CA2910014","inside","storm",0,0,0,0,0,0,0
"CA2910014","inside","total",104.16,33.15,196.49,0,0,0,0
"CA2910014","inside","water",36.66,1.9,97.74,59.18,0,0,0
"CA2910014","outside","sewer",67.5,31.25,98.75,0,0,0,0
"CA2910014","outside","total",113.34,33.15,220.45,0,0,0,0
"CA2910014","outside","water",45.84,1.9,121.7,73.96,0,0,0
"CA2910016","inside","sewer",126.02,49.42,175.44,0,0,0,0
"CA2910016","inside","storm",0,0,0,0,0,0,0
"CA2910016","inside","total",199,49.42,284.9,0,0,0,0
"CA2910016","inside","water",72.98,0,109.46,36.48,0,0,0
"CA2910016","outside","sewer",180.86,0,180.86,0,0,0,0
"CA2910016","outside","total",253.84,0,253.84,0,0,0,0
"CA2910016","outside","water",72.98,0,72.98,0,0,0,0
"CA2910023","inside","sewer",59.33,11.79,82.91,0,0,0,0
"CA2910023","inside","storm",0,0,0,0,0,0,0
"CA2910023","inside","total",95.99,12.74,180.65,0,0,0,0
"CA2910023","inside","water",36.66,0.95,97.74,59.18,0,0,0
"CA2910023","outside","sewer",59.33,11.79,82.91,0,0,0,0
"CA2910023","outside","total",105.17,12.74,204.61,0,0,0,0
"CA2910023","outside","water",45.84,0.95,121.7,73.96,0,0,0
"CA3010001","inside","sewer",6.05,0,6.05,0,0,0,0
"CA3010001","inside","storm",0,0,0,0,0,0,0
"CA3010001","inside","total",15.95,0,25.98,0,0,0,0
"CA3010001","inside","water",9.9,0,19.93,10.03,0,0,0
"CA3010002","inside","sewer",8.89,0,234.67,178.26,47.52,0,0
"CA3010002","inside","storm",0,0,0,0,0,0,0
"CA3010002","inside","total",24.82,0,333.35,261.01,47.52,0,0
"CA3010002","inside","water",15.93,0,98.68,82.75,0,0,0
"CA3010003","inside","sewer",28.25,9,37.25,0,0,0,0
"CA3010003","inside","storm",0,0,0,0,0,0,0
"CA3010003","inside","total",49.11,12.53,97.49,0,0,0,0
"CA3010003","inside","water",20.86,3.53,60.24,35.85,0,0,0
"CA3010004","inside","sewer",7.7,0,7.7,0,0,0,0
"CA3010004","inside","storm",0,0,0,0,0,0,0
"CA3010004","inside","total",21.31,0.08,107.01,0,0,0,0
"CA3010004","inside","water",13.61,0.08,99.31,85.62,0,0,0
"CA3010010","inside","sewer",20.13,0,31.53,11.4,0,0,0
"CA3010010","inside","storm",0,0,0,0,0,0,0
"CA3010010","inside","total",49.85,0,106.18,56.33,0,0,0
"CA3010010","inside","water",29.72,0,74.65,44.93,0,0,0
"CA3010017","inside","sewer",60.67,0,60.67,0,0,0,0
"CA3010017","inside","storm",0,0,0,0,0,0,0
"CA3010017","inside","total",79.35,0,184.78,0,0,0,0
"CA3010017","inside","water",18.68,0,124.11,105.43,0,0,0
"CA3010018","inside","sewer",5.2,0,15.03,0,9.83,0,0
"CA3010018","inside","storm",0,0,0,0,0,0,0
"CA3010018","inside","total",23.19,0,110.71,0,9.83,0,0
"CA3010018","inside","water",17.99,0,95.68,77.69,0,0,0
"CA3010022","inside","sewer",28.25,9,37.25,0,0,0,0
"CA3010022","inside","storm",0,0,0,0,0,0,0
"CA3010022","inside","total",44.19,9,142.53,0,6.55,0,0
"CA3010022","inside","water",15.94,0,105.28,82.79,6.55,0,0
"CA3010027","inside","sewer",15.38,6.94,22.32,0,0,0,0
"CA3010027","inside","storm",0,0,3.2,0,0,0,0
"CA3010027","inside","total",29.92,6.94,91.9,0,3.41,0,0
"CA3010027","inside","water",14.54,0,69.58,51.63,3.41,0,0
"CA3010030","inside","sewer",25.56,0,25.56,0,0,0,0
"CA3010030","inside","storm",0,0,0,0,0,0,0
"CA3010030","inside","total",52.38,0,154.69,0,0,0,0
"CA3010030","inside","water",26.82,0,129.13,102.31,0,0,0
"CA3010035","inside","sewer",20.5,0,13.76,7.02,0,0,0
"CA3010035","inside","storm",0,0,0,0,0,0,0
"CA3010035","inside","total",41.11,0,120.01,92.66,0,0,0
"CA3010035","inside","water",20.61,0,106.25,85.64,0,0,0
"CA3010036","inside","sewer",23.82,0,49.81,25.99,0,0,0
"CA3010036","inside","storm",0,0,0,0,0,0,0
"CA3010036","inside","total",50.38,0,175.23,124.85,0,0,0
"CA3010036","inside","water",26.56,0,125.42,98.86,0,0,0
"CA3010037","inside","sewer",8.1,0,8.1,0,0,0,0
"CA3010037","inside","storm",0,0,0,0,0,0,0
"CA3010037","inside","total",29.3,8.1,93.55,0,0,0,0
"CA3010037","inside","water",21.2,8.1,85.45,56.15,0,0,0
"CA3010038","inside","sewer",5.6,1.68,15.82,8.54,0,0,0
"CA3010038","inside","storm",0,0,0,0,0,0,0
"CA3010038","inside","total",26.11,1.68,103.35,75.56,0,0,0
"CA3010038","inside","water",20.51,0,87.53,67.02,0,0,0
"CA3010041","inside","sewer",21.66,0,21.66,0,0,0,0
"CA3010041","inside","storm",0,0,0,0,0,0,0
"CA3010041","inside","total",40.59,0,89.88,0,0,0,0
"CA3010041","inside","water",18.93,0,68.22,49.29,0,0,0
"CA3010042","inside","sewer",13.5,0,85.83,0,0,72.33,0
"CA3010042","inside","storm",0,0,0,0,0,0,0
"CA3010042","inside","total",27,1.93,168.26,0,0,0,0
"CA3010042","inside","water",13.5,1.93,82.43,67,0,0,0
"CA3010046","inside","sewer",9,0,35.1,0,0,26.1,0
"CA3010046","inside","storm",0,0,0,0,0,0,0
"CA3010046","inside","total",50.75,0,135.6,0,0,0,0
"CA3010046","inside","water",41.75,0,100.5,58.75,0,0,0
"CA3010047","inside","sewer",28.25,0,28.25,0,0,0,0
"CA3010047","inside","storm",0,0,0,0,0,0,0
"CA3010047","inside","total",48.86,0,134.5,0,0,0,0
"CA3010047","inside","water",20.61,0,106.25,85.64,0,0,0
"CA3010053","inside","sewer",10.35,0,10.35,0,0,0,0
"CA3010053","inside","storm",0,0,0,0,0,0,0
"CA3010053","inside","total",24.05,3,70.47,0,0,0,0
"CA3010053","inside","water",13.7,3,60.12,43.42,0,0,0
"CA3010062","inside","sewer",4.24,0,13.34,9.1,0,0,0
"CA3010062","inside","storm",0,0,0,0,0,0,0
"CA3010062","inside","total",19.05,2.5,96.95,75.4,0,0,0
"CA3010062","inside","water",14.81,2.5,83.61,66.3,0,0,0
"CA3010064","inside","sewer",28.25,0,28.25,0,0,0,0
"CA3010064","inside","storm",0,0,0,0,0,0,0
"CA3010064","inside","total",43.76,0,107.12,0,0,0,0
"CA3010064","inside","water",15.51,0,78.87,63.36,0,0,0
"CA3010069","inside","sewer",7.17,0,7.17,0,0,0,0
"CA3010069","inside","storm",0,0,0,0,0,0,0
"CA3010069","inside","total",16.2,0,94.4,0,0,0,0
"CA3010069","inside","water",9.03,0,87.23,78.2,0,0,0
"CA3010073","inside","sewer",15.99,12.72,66.87,0,38.16,0,0
"CA3010073","inside","storm",0,0,0,0,0,0,0
"CA3010073","inside","total",26.21,12.72,129.86,0,38.16,0,0
"CA3010073","inside","water",10.22,0,62.99,52.77,0,0,0
"CA3010079","inside","sewer",24.3,4.93,29.23,0,0,0,0
"CA3010079","inside","storm",0,0,0,0,0,0,0
"CA3010079","inside","total",42.05,4.93,100.12,0,0,0,0
"CA3010079","inside","water",17.75,0,70.89,53.14,0,0,0
"CA3010082","inside","sewer",0,44.4,44.4,0,0,0,0
"CA3010082","inside","storm",0,0,0,0,0,0,0
"CA3010082","inside","total",0,44.4,148.02,0,0,0,0
"CA3010082","inside","water",32.21,0,103.62,71.41,0,0,0
"CA3010092","inside","sewer",0,0,26.1,0,0,26.1,0
"CA3010092","inside","storm",0,0,0,0,0,0,0
"CA3010092","inside","total",0,0,235.81,0,8.76,0,0
"CA3010092","inside","water",10.35,0,209.71,190.6,8.76,0,0
"CA3010094","inside","sewer",35.2,0,35.2,0,0,0,0
"CA3010094","inside","storm",0,0,0,0,0,0,0
"CA3010094","inside","total",53.23,0,151.9,0,34.57,0,0
"CA3010094","inside","water",18.03,0,116.7,64.1,34.57,0,0
"CA3010100","inside","sewer",0,0,17.04,17.04,0,0,0
"CA3010100","inside","storm",0,0,0,0,0,0,0
"CA3010100","inside","total",0,0,88.99,67.97,0,0,0
"CA3010100","inside","water",21.02,0,71.95,50.93,0,0,0
"CA3010101","inside","sewer",29.1,0,50.15,21.05,0,0,0
"CA3010101","inside","storm",0,0,0,0,0,0,0
"CA3010101","inside","total",52.22,0,127.77,75.55,0,0,0
"CA3010101","inside","water",23.12,0,77.62,54.5,0,0,0
"CA3110001","inside","sewer",41.19,0,41.19,0,0,0,0
"CA3110001","inside","storm",0,0,0,0,0,0,0
"CA3110001","inside","total",104.98,0,147.18,0,0,0,0
"CA3110001","inside","water",63.79,0,105.99,42.2,0,0,0
"CA3110004","inside","sewer",32.08,0,32.08,0,0,0,0
"CA3110004","inside","storm",0,0,0,0,0,0,0
"CA3110004","inside","total",64.97,0,112.49,0,0,0,0
"CA3110004","inside","water",32.89,0,80.41,47.52,0,0,0
"CA3110005","inside","sewer",92.01,0,92.01,0,0,0,0
"CA3110005","inside","storm",0,0,0,0,0,0,0
"CA3110005","inside","total",115.12,7.93,172.7,0,0,0,0
"CA3110005","inside","water",23.11,7.93,80.69,33.78,0,0,0
"CA3110008","inside","sewer",42.18,0,42.18,0,0,0,0
"CA3110008","inside","storm",0,0,0,0,0,0,0
"CA3110008","inside","total",70.26,0,97.13,0,0,0,0
"CA3110008","inside","water",28.08,0,54.95,26.87,0,0,0
"CA3110008","outside","sewer",46.4,0,46.4,0,0,0,0
"CA3110008","outside","total",74.48,0,74.48,0,0,0,0
"CA3110008","outside","water",28.08,0,28.08,0,0,0,0
"CA3110010","inside","sewer",49.6,0,49.6,0,0,0,0
"CA3110010","inside","storm",0,0,0,0,0,0,0
"CA3110010","inside","total",133.67,0,187.71,0,0,0,0
"CA3110010","inside","water",84.07,0,138.11,54.04,0,0,0
"CA3110023","inside","sewer",25.08,16.1,41.18,0,0,0,0
"CA3110023","inside","storm",0,0,0,0,0,0,0
"CA3110023","inside","total",58.58,16.1,116.88,0,0,0,0
"CA3110023","inside","water",33.5,0,75.7,42.2,0,0,0
"CA3110025","inside","sewer",36,0,36,0,0,0,0
"CA3110025","inside","storm",0,0,0,0,0,0,0
"CA3110025","inside","total",55.09,18.89,107.56,0,0,0,0
"CA3110025","inside","water",19.09,18.89,71.56,33.58,0,0,0
"CA3110026","inside","sewer",78.62,0,78.62,0,0,0,0
"CA3110026","inside","storm",0,0,0,0,0,0,0
"CA3110026","inside","total",115.28,1.9,176.36,0,0,0,0
"CA3110026","inside","water",36.66,1.9,97.74,59.18,0,0,0
"CA3110026","outside","sewer",78.62,0,78.62,0,0,0,0
"CA3110026","outside","total",124.46,1.9,200.32,0,0,0,0
"CA3110026","outside","water",45.84,1.9,121.7,73.96,0,0,0
"CA3110028","inside","sewer",90.04,0,90.04,0,0,0,0
"CA3110028","inside","storm",0,0,0,0,0,0,0
"CA3110028","inside","total",163.51,0,245.76,0,0,0,0
"CA3110028","inside","water",73.47,0,155.72,82.25,0,0,0
"CA3110036","inside","sewer",25.08,16.1,41.18,0,0,0,0
"CA3110036","inside","storm",0,0,0,0,0,0,0
"CA3110036","inside","total",58.58,16.1,116.88,0,0,0,0
"CA3110036","inside","water",33.5,0,75.7,42.2,0,0,0
"CA3110041","inside","sewer",32.89,0,32.89,0,0,0,0
"CA3110041","inside","storm",0,0,0,0,0,0,0
"CA3110041","inside","total",105.05,0,173.83,0,0,0,0
"CA3110041","inside","water",72.16,0,140.94,68.78,0,0,0
"CA3110051","inside","sewer",90.04,0,90.04,0,0,0,0
"CA3110051","inside","storm",0,0,0,0,0,0,0
"CA3110051","inside","total",153.59,0,196.94,0,0,0,0
"CA3110051","inside","water",63.55,0,106.9,43.35,0,0,0
"CA3200104","inside","sewer",41.75,2,43.75,0,0,0,0
"CA3200104","inside","storm",0,0,0,0,0,0,0
"CA3200104","inside","total",77.5,4,81.5,0,0,0,0
"CA3200104","inside","water",35.75,2,37.75,0,0,0,0
"CA3200107","inside","sewer",41.75,2,43.75,0,0,0,0
"CA3200107","inside","storm",0,0,0,0,0,0,0
"CA3200107","inside","total",77.5,4,81.5,0,0,0,0
"CA3200107","inside","water",35.75,2,37.75,0,0,0,0
"CA3210003","inside","sewer",47.25,0,47.25,0,0,0,0
"CA3210003","inside","storm",0,0,0,0,0,0,0
"CA3210003","inside","total",101.04,0,158.94,0,0,0,0
"CA3210003","inside","water",53.79,0,111.69,57.9,0,0,0
"CA3210004","inside","sewer",73.17,0,73.17,0,0,0,0
"CA3210004","inside","storm",0,0,0,0,0,0,0
"CA3210004","inside","total",103.18,0,127.74,0,0,0,0
"CA3210004","inside","water",30.01,0,54.57,24.56,0,0,0
"CA3210006","inside","sewer",32.89,0,32.89,0,0,0,0
"CA3210006","inside","storm",0,0,0,0,0,0,0
"CA3210006","inside","total",54.39,3,66.41,0,0,0,0
"CA3210006","inside","water",21.5,3,33.52,9.02,0,0,0
"CA3210009","inside","sewer",38.05,0,38.05,0,0,0,0
"CA3210009","inside","storm",0,0,0,0,0,0,0
"CA3210009","inside","total",64.51,0,72.61,0,0,0,0
"CA3210009","inside","water",26.46,0,34.56,8.1,0,0,0
"CA3210011","inside","sewer",159.04,0,159.04,0,0,0,0
"CA3210011","inside","storm",0,0,0,0,0,0,0
"CA3210011","inside","total",253.18,0,253.18,0,0,0,0
"CA3210011","inside","water",94.14,0,94.14,0,0,0,0
"CA3310001","inside","sewer",24.62,0,24.62,0,0,0,0
"CA3310001","inside","storm",0,0,0,0,0,0,0
"CA3310001","inside","total",32.54,0,66.36,0,0,0,0
"CA3310001","inside","water",7.92,0,41.74,33.82,0,0,0
"CA3310002","inside","sewer",34.41,0,34.41,0,0,0,0
"CA3310002","inside","storm",0,0,0,0,0,0,0
"CA3310002","inside","total",43.42,0,62.67,0,0,0,0
"CA3310002","inside","water",9.01,0,28.26,19.25,0,0,0
"CA3310002","outside","sewer",34.41,0,34.41,0,0,0,0
"CA3310002","outside","total",46.41,0,65.66,0,0,0,0
"CA3310002","outside","water",12,0,31.25,19.25,0,0,0
"CA3310003","inside","sewer",49.53,0,49.53,0,0,0,0
"CA3310003","inside","storm",0,0,0,0,0,0,0
"CA3310003","inside","total",61.46,9,103.76,0,0,0,0
"CA3310003","inside","water",11.93,9,54.23,33.3,0,0,0
"CA3310005","inside","sewer",31.59,0,31.59,0,0,0,0
"CA3310005","inside","storm",0,0,0,0,0,0,0
"CA3310005","inside","total",59.19,0,116.26,0,15.36,0,0
"CA3310005","inside","water",27.6,0,84.67,41.71,15.36,0,0
"CA3310006","inside","sewer",20.19,2.19,22.38,0,0,0,0
"CA3310006","inside","storm",0,0,0,0,0,0,0
"CA3310006","inside","total",43.07,2.19,89.97,0,0,0,0
"CA3310006","inside","water",22.88,0,67.59,44.71,0,0,0
"CA3310007","inside","sewer",49.74,0,49.74,0,0,0,0
"CA3310007","inside","storm",0,0,0,0,0,0,0
"CA3310007","inside","total",63.54,0,93.62,0,0,0,0
"CA3310007","inside","water",13.8,0,43.88,30.08,0,0,0
"CA3310008","inside","sewer",50.16,0,50.16,0,0,0,0
"CA3310008","inside","storm",0,0,0,0,0,0,0
"CA3310008","inside","total",63.79,0,115.46,0,0,0,0
"CA3310008","inside","water",13.63,0,65.3,51.67,0,0,0
"CA3310009","inside","sewer",31.84,0,31.84,0,0,0,0
"CA3310009","inside","storm",0,0,0,0,0,0,0
"CA3310009","inside","total",45.26,3.96,189.03,0,0,0,0
"CA3310009","inside","water",13.42,3.96,157.19,139.81,0,0,0
"CA3310012","inside","sewer",20.29,20.79,41.08,0,0,0,0
"CA3310012","inside","storm",0,0,0,0,0,0,0
"CA3310012","inside","total",46.56,20.79,130.12,0,5.82,0,0
"CA3310012","inside","water",26.27,0,89.04,56.95,5.82,0,0
"CA3310016","inside","sewer",11.3,30.43,41.73,0,0,0,0
"CA3310016","inside","storm",0,0,0,0,0,0,0
"CA3310016","inside","total",43.28,30.43,169.76,0,0,0,0
"CA3310016","inside","water",31.98,0,128.03,96.05,0,0,0
"CA3310019","inside","sewer",42.05,0,42.05,0,0,0,0
"CA3310019","inside","storm",0,0,0,0,0,0,0
"CA3310019","inside","total",75.97,0,316.8,0,0,0,0
"CA3310019","inside","water",33.92,0,274.75,240.83,0,0,0
"CA3310020","inside","sewer",26.08,0,26.08,0,0,0,0
"CA3310020","inside","storm",0,0,0,0,0,0,0
"CA3310020","inside","total",47.24,1.61,85.36,0,3.21,0,0
"CA3310020","inside","water",21.16,1.61,59.28,33.3,3.21,0,0
"CA3310021","inside","sewer",22.8,0,39.44,16.64,0,0,0
"CA3310021","inside","storm",0,0,0,0,0,0,0
"CA3310021","inside","total",60.99,0,111.81,50.82,0,0,0
"CA3310021","inside","water",38.19,0,72.37,34.18,0,0,0
"CA3310022","inside","sewer",35.48,0,35.48,0,0,0,0
"CA3310022","inside","storm",0,0,0,0,0,0,0
"CA3310022","inside","total",66.76,0,205.36,0,0,0,0
"CA3310022","inside","water",31.28,0,169.88,138.6,0,0,0
"CA3310031","inside","sewer",42.66,0,42.66,0,0,0,0
"CA3310031","inside","storm",0,0,0,0,0,0,0
"CA3310031","inside","total",63.19,0,91.17,0,0,0,0
"CA3310031","inside","water",20.53,0,48.51,27.98,0,0,0
"CA3310031","outside","sewer",42.66,0,42.66,0,0,0,0
"CA3310031","outside","total",63.19,0,104.33,0,0,0,0
"CA3310031","outside","water",20.53,0,61.67,41.14,0,0,0
"CA3310032","inside","sewer",4.92,0,4.92,0,0,0,0
"CA3310032","inside","storm",0,0,0,0,0,0,0
"CA3310032","inside","total",20.28,0,53.92,0,0,0,0
"CA3310032","inside","water",15.36,0,49,33.64,0,0,0
"CA3310036","inside","sewer",45.08,0,45.08,0,0,0,0
"CA3310036","inside","storm",0,0,0,0,0,0,0
"CA3310036","inside","total",85.6,0,164.2,0,4.25,0,0
"CA3310036","inside","water",40.52,0,119.12,74.35,4.25,0,0
"CA3310037","inside","sewer",45.6,0,45.6,0,0,0,0
"CA3310037","inside","storm",0,0,0,0,0,0,0
"CA3310037","inside","total",67.88,0,109.49,0,0,0,0
"CA3310037","inside","water",22.28,0,63.89,41.61,0,0,0
"CA3310038","inside","sewer",31.84,0,31.84,0,0,0,0
"CA3310038","inside","storm",0,0,0,0,0,0,0
"CA3310038","inside","total",65.35,0,153.28,0,4.09,0,0
"CA3310038","inside","water",33.51,0,121.44,83.84,4.09,0,0
"CA3310046","inside","sewer",32,0,32,0,0,0,0
"CA3310046","inside","storm",0,0,0,0,0,0,0
"CA3310046","inside","total",56.5,0,139.15,0,0,0,0
"CA3310046","inside","water",24.5,0,107.15,82.65,0,0,0
"CA3310047","inside","sewer",32.89,0,32.89,0,0,0,0
"CA3310047","inside","storm",0,0,0,0,0,0,0
"CA3310047","inside","total",73.2,0,208.6,0,0,0,0
"CA3310047","inside","water",40.31,0,175.71,135.4,0,0,0
"CA3310048","inside","sewer",23.04,1.58,24.62,0,0,0,0
"CA3310048","inside","storm",0,0,0,0,0,0,0
"CA3310048","inside","total",30.96,1.58,61.64,0,0,0,0
"CA3310048","inside","water",7.92,0,37.02,29.1,0,0,0
"CA3310049","inside","sewer",54.97,0,54.97,0,0,0,0
"CA3310049","inside","storm",0,0,0,0,0,0,0
"CA3310049","inside","total",91.45,2.03,259.17,0,44.1,0,0
"CA3310049","inside","water",36.48,2.03,204.2,121.59,44.1,0,0
"CA3310051","inside","sewer",32.89,0,32.89,0,0,0,0
"CA3310051","inside","storm",0,0,0,0,0,0,0
"CA3310051","inside","total",47.56,0,71.86,0,0,0,0
"CA3310051","inside","water",14.67,0,38.97,24.3,0,0,0
"CA3310074","inside","sewer",38.57,0,38.57,0,0,0,0
"CA3310074","inside","storm",0,0,0,0,0,0,0
"CA3310074","inside","total",61.05,0,122.18,0,0,0,0
"CA3310074","inside","water",22.48,0,83.61,61.13,0,0,0
"CA3410001","inside","sewer",27.2,0,53.17,25.97,0,0,0
"CA3410001","inside","storm",0,0,0,0,0,0,0
"CA3410001","inside","total",59.21,0,104.18,44.97,0,0,0
"CA3410001","inside","water",32.01,0,51.01,19,0,0,0
"CA3410002","inside","sewer",19.85,37,56.85,0,0,0,0
"CA3410002","inside","storm",0,0,0,0,0,0,0
"CA3410002","inside","total",32.97,65.8,132.26,0,0,0,0
"CA3410002","inside","water",13.12,28.8,75.41,33.49,0,0,0
"CA3410003","inside","sewer",19.85,37,56.85,0,0,0,0
"CA3410003","inside","storm",0,0,0,0,0,0,0
"CA3410003","inside","total",33.17,37,111.5,0,0,0,0
"CA3410003","inside","water",13.32,0,54.65,41.33,0,0,0
"CA3410004","inside","sewer",19.85,37,56.85,0,0,0,0
"CA3410004","inside","storm",0,0,0,0,0,0,0
"CA3410004","inside","total",47.89,37,117.98,0,0,0,0
"CA3410004","inside","water",28.04,0,61.13,33.09,0,0,0
"CA3410005","inside","sewer",49.53,0,49.53,0,0,0,0
"CA3410005","inside","storm",0,0,0,0,0,0,0
"CA3410005","inside","total",95.25,27.76,161.31,0,0,0,0
"CA3410005","inside","water",45.72,27.76,111.78,38.3,0,0,0
"CA3410006","inside","sewer",19.85,0,19.85,0,0,0,0
"CA3410006","inside","storm",0,0,0,0,0,0,0
"CA3410006","inside","total",48.62,0,72.28,0,0,0,0
"CA3410006","inside","water",28.77,0,52.43,23.66,0,0,0
"CA3410007","inside","sewer",19.85,37,56.85,0,0,0,0
"CA3410007","inside","storm",0,0,0,0,0,0,0
"CA3410007","inside","total",34.95,60.05,122.87,0,0,0,0
"CA3410007","inside","water",15.1,23.05,66.02,27.87,0,0,0
"CA3410008","inside","sewer",37,0,37,0,0,0,0
"CA3410008","inside","storm",0,0,24.83,0,0,0,0
"CA3410008","inside","total",98.15,0,136.65,0,0,0,0
"CA3410008","inside","water",61.15,0,99.65,38.5,0,0,0
"CA3410009","inside","sewer",19.85,0,19.85,0,0,0,0
"CA3410009","inside","storm",0,0,0,0,0,0,0
"CA3410009","inside","total",55.65,0,65.68,0,0,0,0
"CA3410009","inside","water",35.8,0,45.83,10.03,0,0,0
"CA3410011","inside","sewer",70.31,0,70.31,0,0,0,0
"CA3410011","inside","storm",0,0,2.43,0,0,0,0
"CA3410011","inside","total",91.6,0,111.05,0,0,0,0
"CA3410011","inside","water",21.29,0,40.74,19.45,0,0,0
"CA3410011","outside","sewer",70.31,0,70.31,0,0,0,0
"CA3410011","outside","total",91.6,0,115.91,0,0,0,0
"CA3410011","outside","water",21.29,0,45.6,24.31,0,0,0
"CA3410014","inside","sewer",20.51,0,20.51,0,0,0,0
"CA3410014","inside","storm",0,0,0,0,0,0,0
"CA3410014","inside","total",38.61,4.47,70.34,0,0,0,0
"CA3410014","inside","water",18.1,4.47,49.83,27.26,0,0,0
"CA3410015","inside","sewer",37,0,37,0,0,0,0
"CA3410015","inside","storm",0,0,0,0,0,0,0
"CA3410015","inside","total",50.32,0,91.65,0,0,0,0
"CA3410015","inside","water",13.32,0,54.65,41.33,0,0,0
"CA3410016","inside","sewer",19.85,0,19.85,0,0,0,0
"CA3410016","inside","storm",0,0,0,0,0,0,0
"CA3410016","inside","total",44.04,0,55.36,0,0,0,10
"CA3410016","inside","water",24.19,0,35.51,1.32,0,0,10
"CA3410018","inside","sewer",19.85,37,56.85,0,0,0,0
"CA3410018","inside","storm",0,0,0,0,0,0,0
"CA3410018","inside","total",49.78,54.4,117.99,0,0,0,0
"CA3410018","inside","water",29.93,17.4,61.14,13.81,0,0,0
"CA3410020","inside","sewer",27.2,0,53.17,25.97,0,0,0
"CA3410020","inside","storm",0,0,0,0,0,0,0
"CA3410020","inside","total",54.04,0,109.26,55.22,0,0,0
"CA3410020","inside","water",26.84,0,56.09,29.25,0,0,0
"CA3410021","inside","sewer",37,0,37,0,0,0,0
"CA3410021","inside","storm",0,0,0,0,0,0,0
"CA3410021","inside","total",105.02,0,123.47,0,0,0,0
"CA3410021","inside","water",68.02,0,86.47,18.45,0,0,0
"CA3410029","inside","sewer",37,0,37,0,0,0,0
"CA3410029","inside","storm",0,0,24.83,0,0,0,0
"CA3410029","inside","total",50.12,0,83.61,0,0,0,0
"CA3410029","inside","water",13.12,0,46.61,33.49,0,0,0
"CA3410030","inside","sewer",20.51,0,20.51,0,0,0,0
"CA3410030","inside","storm",0,0,0,0,0,0,0
"CA3410030","inside","total",38.61,4.47,70.34,0,0,0,0
"CA3410030","inside","water",18.1,4.47,49.83,27.26,0,0,0
"CA3410033","inside","sewer",19.85,0,19.85,0,0,0,0
"CA3410033","inside","storm",0,0,0,0,0,0,0
"CA3410033","inside","total",79.85,0,145.85,0,0,0,0
"CA3410033","inside","water",60,0,126,66,0,0,0
"CA3410704","inside","sewer",19.85,37,56.85,0,0,0,0
"CA3410704","inside","storm",0,0,0,0,0,0,0
"CA3410704","inside","total",32.97,37,103.46,0,0,0,0
"CA3410704","inside","water",13.12,0,46.61,33.49,0,0,0
"CA3510001","inside","sewer",80.38,0,80.38,0,0,0,0
"CA3510001","inside","storm",0,0,0,0,0,0,0
"CA3510001","inside","total",93.67,0,284.81,0,0,0,0
"CA3510001","inside","water",13.29,0,204.43,191.14,0,0,0
"CA3510002","inside","sewer",83.61,0,83.61,0,0,0,0
"CA3510002","inside","storm",0,0,0,0,0,0,0
"CA3510002","inside","total",139.37,0,234.62,0,0,0,0
"CA3510002","inside","water",55.76,0,151.01,95.25,0,0,0
"CA3510002","outside","sewer",83.61,0,83.61,0,0,0,0
"CA3510002","outside","total",149.9,0,245.15,0,0,0,0
"CA3510002","outside","water",66.29,0,161.54,95.25,0,0,0
"CA3510003","inside","sewer",95.93,0,209.02,113.09,0,0,0
"CA3510003","inside","storm",0,0,0,0,0,0,0
"CA3510003","inside","total",128.47,0,320.5,192.03,0,0,0
"CA3510003","inside","water",32.54,0,111.48,78.94,0,0,0
"CA3510003","outside","sewer",95.93,0,209.02,113.09,0,0,0
"CA3510003","outside","total",128.47,0,321.71,193.24,0,0,0
"CA3510003","outside","water",32.54,0,112.69,80.15,0,0,0
"CA3510004","inside","sewer",32.89,0,32.89,0,0,0,0
"CA3510004","inside","storm",0,0,0,0,0,0,0
"CA3510004","inside","total",75.89,0,212.57,0,11.83,0,0
"CA3510004","inside","water",43,0,179.68,124.85,11.83,0,0
"CA3600009","inside","sewer",32.89,0,32.89,0,0,0,0
"CA3600009","inside","storm",0,0,0,0,0,0,0
"CA3600009","inside","total",63.64,15,153.96,0,0,0,0
"CA3600009","inside","water",30.75,15,121.07,75.32,0,0,0
"CA3600010","inside","sewer",34.26,0,34.26,0,0,0,0
"CA3600010","inside","storm",0,0,0,0,0,0,0
"CA3600010","inside","total",55.78,0,138.92,0,1.56,0,0
"CA3600010","inside","water",21.52,0,104.66,80.01,1.56,0,0
"CA3600220","inside","sewer",79.44,0,79.44,0,0,0,0
"CA3600220","inside","storm",0,0,0,0,0,0,0
"CA3600220","inside","total",110.22,0,170.7,0,0,0,0
"CA3600220","inside","water",30.78,0,91.26,60.48,0,0,0
"CA3600270","inside","sewer",32.89,0,32.89,0,0,0,0
"CA3600270","inside","storm",0,0,0,0,0,0,0
"CA3600270","inside","total",53.5,0,146.15,0,5.67,0,0
"CA3600270","inside","water",20.61,0,113.26,86.98,5.67,0,0
"CA3600306","inside","sewer",34.26,0,34.26,0,0,0,0
"CA3600306","inside","storm",0,0,0,0,0,0,0
"CA3600306","inside","total",70.26,0,104.12,0,0,0,0
"CA3600306","inside","water",36,0,69.86,33.86,0,0,0
"CA3610001","inside","sewer",61.06,0,61.06,0,0,0,0
"CA3610001","inside","storm",0,0,0,0,0,0,0
"CA3610001","inside","total",91.49,0,157.35,0,0,0,0
"CA3610001","inside","water",30.43,0,96.29,65.86,0,0,0
"CA3610002","inside","sewer",32.89,0,32.89,0,0,0,0
"CA3610002","inside","storm",0,0,0,0,0,0,0
"CA3610002","inside","total",55.39,0,55.39,0,0,0,0
"CA3610002","inside","water",22.5,0,22.5,0,0,0,0
"CA3610003","inside","sewer",37.14,0,37.14,0,0,0,0
"CA3610003","inside","storm",0,0,0,0,0,0,0
"CA3610003","inside","total",62.87,0,194.68,0,0,0,0
"CA3610003","inside","water",25.73,0,157.54,131.81,0,0,0
"CA3610004","inside","sewer",43.05,0,43.05,0,0,0,0
"CA3610004","inside","storm",0,0,0,0,0,0,0
"CA3610004","inside","total",65.26,0,109.66,0,0,0,0
"CA3610004","inside","water",22.21,0,66.61,44.4,0,0,0
"CA3610004","outside","sewer",43.05,0,43.05,0,0,0,0
"CA3610004","outside","total",65.26,0,132.72,0,0,0,0
"CA3610004","outside","water",22.21,0,89.67,67.46,0,0,0
"CA3610005","inside","sewer",55.4,0,55.4,0,0,0,0
"CA3610005","inside","storm",0,0,0,0,0,0,0
"CA3610005","inside","total",101.65,0,177.18,0,0,0,0
"CA3610005","inside","water",46.25,0,121.78,75.53,0,0,0
"CA3610008","inside","sewer",16.58,0,16.58,0,0,0,0
"CA3610008","inside","storm",0,0,0,0,0,0,0
"CA3610008","inside","total",57.35,0,102.46,0,0,0,0
"CA3610008","inside","water",40.77,0,85.88,45.11,0,0,0
"CA3610013","inside","sewer",38.4,0,38.4,0,0,0,0
"CA3610013","inside","storm",0,0,0,0,0,0,0
"CA3610013","inside","total",55.56,0,97.1,0,0,0,0
"CA3610013","inside","water",17.16,0,58.7,41.54,0,0,0
"CA3610014","inside","sewer",34.33,0,34.33,0,0,0,0
"CA3610014","inside","storm",0,0,0,0,0,0,0
"CA3610014","inside","total",60.39,0,95.85,0,0,0,0
"CA3610014","inside","water",26.06,0,61.52,35.46,0,0,0
"CA3610015","inside","sewer",52.82,0,52.82,0,0,0,0
"CA3610015","inside","storm",0,0,0,0,0,0,0
"CA3610015","inside","total",84.82,0,204.99,0,0,0,0
"CA3610015","inside","water",32,0,152.17,120.17,0,0,0
"CA3610018","inside","sewer",25.73,0,25.73,0,0,0,0
"CA3610018","inside","storm",0,0,0,0,0,0,0
"CA3610018","inside","total",50.73,0,89.04,0,5.82,0,0
"CA3610018","inside","water",25,0,63.31,32.49,5.82,0,0
"CA3610022","inside","sewer",18.11,0,18.11,0,0,0,0
"CA3610022","inside","storm",0,0,0,0,0,0,0
"CA3610022","inside","total",64.61,0,132.23,0,0,0,0
"CA3610022","inside","water",46.5,0,114.12,67.62,0,0,0
"CA3610024","inside","sewer",28.08,0,28.08,0,0,0,0
"CA3610024","inside","storm",0,0,0,0,0,0,0
"CA3610024","inside","total",55.46,0,90.44,0,0,0,0
"CA3610024","inside","water",27.38,0,62.36,34.98,0,0,0
"CA3610025","inside","sewer",32.89,0,32.89,0,0,0,0
"CA3610025","inside","storm",0,0,0,0,0,0,0
"CA3610025","inside","total",70.92,0,217.67,0,0,0,0
"CA3610025","inside","water",38.03,0,184.78,146.75,0,0,0
"CA3610034","inside","sewer",13.63,20,33.63,0,0,0,0
"CA3610034","inside","storm",0,0,0,0,0,0,0
"CA3610034","inside","total",37.48,20,108.4,0,0,0,0
"CA3610034","inside","water",23.85,0,74.77,50.92,0,0,0
"CA3610037","inside","sewer",25.02,0,25.02,0,0,0,0
"CA3610037","inside","storm",0,0,0,0,0,0,0
"CA3610037","inside","total",41.07,0,80.14,0,0,0,0
"CA3610037","inside","water",16.05,0,55.12,39.07,0,0,0
"CA3610038","inside","sewer",32.46,0,32.46,0,0,0,0
"CA3610038","inside","storm",0,0,0,0,0,0,0
"CA3610038","inside","total",48.72,0,66.02,0,0,0,0
"CA3610038","inside","water",16.26,0,33.56,17.3,0,0,0
"CA3610039","inside","sewer",33,0,33,0,0,0,0
"CA3610039","inside","storm",0,0,0,0,0,0,0
"CA3610039","inside","total",56.39,0,86.44,0,6.99,0,0
"CA3610039","inside","water",23.39,0,53.44,23.06,6.99,0,0
"CA3610039","outside","sewer",31.45,0,31.45,0,0,0,0
"CA3610039","outside","total",66.53,0,111.59,0,10.47,0,0
"CA3610039","outside","water",35.08,0,80.14,34.59,10.47,0,0
"CA3610041","inside","sewer",21.76,0,21.76,0,0,0,0
"CA3610041","inside","storm",0,0,0,0,0,0,0
"CA3610041","inside","total",38.16,0,119.66,0,13.49,0,0
"CA3610041","inside","water",16.4,0,97.9,68.01,13.49,0,0
"CA3610041","outside","sewer",32.64,0,32.64,0,0,0,0
"CA3610041","outside","total",49.04,0,49.04,0,0,0,0
"CA3610041","outside","water",16.4,0,16.4,0,0,0,0
"CA3610043","inside","sewer",31,0,31,0,0,0,0
"CA3610043","inside","storm",0,0,0,0,0,0,0
"CA3610043","inside","total",51.61,0,137.25,0,0,0,0
"CA3610043","inside","water",20.61,0,106.25,85.64,0,0,0
"CA3610047","inside","sewer",32.89,0,32.89,0,0,0,0
"CA3610047","inside","storm",0,0,0,0,0,0,0
"CA3610047","inside","total",53.5,0,139.14,0,0,0,0
"CA3610047","inside","water",20.61,0,106.25,85.64,0,0,0
"CA3610049","inside","sewer",32.89,0,32.89,0,0,0,0
"CA3610049","inside","storm",0,0,0,0,0,0,0
"CA3610049","inside","total",46.59,0,118.38,0,0,0,0
"CA3610049","inside","water",13.7,0,85.49,71.79,0,0,0
"CA3610050","inside","sewer",10.85,0,10.85,0,0,0,0
"CA3610050","inside","storm",0,0,0,0,0,0,0
"CA3610050","inside","total",45.31,0,95.95,0,0,0,0
"CA3610050","inside","water",34.46,0,85.1,50.64,0,0,0
"CA3610052","inside","sewer",42.2,0,42.2,0,0,0,0
"CA3610052","inside","storm",0,0,0,0,0,0,0
"CA3610052","inside","total",55.56,0,102.62,0,0,0,0
"CA3610052","inside","water",13.36,0,60.42,47.06,0,0,0
"CA3610062","inside","sewer",52.51,0,70.92,18.41,0,0,0
"CA3610062","inside","storm",0,0,0,0,0,0,0
"CA3610062","inside","total",87.73,0,206,118.27,0,0,0
"CA3610062","inside","water",35.22,0,135.08,99.86,0,0,0
"CA3610063","inside","sewer",32.89,0,32.89,0,0,0,0
"CA3610063","inside","storm",0,0,0,0,0,0,0
"CA3610063","inside","total",57.62,0,150.27,0,5.67,0,0
"CA3610063","inside","water",24.73,0,117.38,86.98,5.67,0,0
"CA3610064","inside","sewer",16.9,21.55,38.45,0,0,0,0
"CA3610064","inside","storm",0,0,0,0,0,0,0
"CA3610064","inside","total",44.1,21.55,112.43,0,0,0,0
"CA3610064","inside","water",27.2,0,73.98,46.78,0,0,0
"CA3610073","inside","sewer",41.5,0,41.5,0,0,0,0
"CA3610073","inside","storm",0,0,0,0,0,0,0
"CA3610073","inside","total",52.2,10.67,187.83,0,0,0,0
"CA3610073","inside","water",10.7,10.67,146.33,124.96,0,0,0
"CA3610085","inside","sewer",29.69,0,29.69,0,0,0,0
"CA3610085","inside","storm",0,0,0,0,0,0,0
"CA3610085","inside","total",39.69,8,61.33,0,0,0,0
"CA3610085","inside","water",10,8,31.64,13.64,0,0,0
"CA3610105","inside","sewer",16.49,0,16.49,0,0,0,0
"CA3610105","inside","storm",0,0,0,0,0,0,0
"CA3610105","inside","total",37.1,0,129.75,0,5.67,0,0
"CA3610105","inside","water",20.61,0,113.26,86.98,5.67,0,0
"CA3610107","inside","sewer",37.14,0,37.14,0,0,0,0
"CA3610107","inside","storm",0,0,0,0,0,0,0
"CA3610107","inside","total",57.75,0,143.39,0,0,0,0
"CA3610107","inside","water",20.61,0,106.25,85.64,0,0,0
"CA3610110","inside","sewer",41,0,41,0,0,0,0
"CA3610110","inside","storm",0,0,0,0,0,0,0
"CA3610110","inside","total",71.5,0,169.79,0,0,0,0
"CA3610110","inside","water",30.5,0,128.79,98.29,0,0,0
"CA3610112","inside","sewer",36.64,0,36.64,0,0,0,0
"CA3610112","inside","storm",0,0,0,0,0,0,0
"CA3610112","inside","total",82.69,0,112.77,0,0,0,0
"CA3610112","inside","water",46.05,0,76.13,30.08,0,0,0
"CA3610120","inside","sewer",32.89,0,32.89,0,0,0,0
"CA3610120","inside","storm",0,0,0,0,0,0,0
"CA3610120","inside","total",55.17,9.71,130.18,0,0,0,0
"CA3610120","inside","water",22.28,9.71,97.29,65.3,0,0,0
"CA3610121","inside","sewer",45.9,0,45.9,0,0,0,0
"CA3610121","inside","storm",0,0,0,0,0,0,0
"CA3610121","inside","total",60,0,78.74,0,0,0,0
"CA3610121","inside","water",14.1,0,32.84,18.74,0,0,0
"CA3610125","inside","sewer",79.44,0,79.44,0,0,0,0
"CA3610125","inside","storm",0,0,0,0,0,0,0
"CA3610125","inside","total",110.22,0,170.7,0,0,0,0
"CA3610125","inside","water",30.78,0,91.26,60.48,0,0,0
"CA3700938","inside","sewer",88,0,88,0,0,0,0
"CA3700938","inside","storm",0,0,0,0,0,0,0
"CA3700938","inside","total",124.81,0,186.51,0,12.14,0,0
"CA3700938","inside","water",36.81,0,98.51,49.56,12.14,0,0
"CA3710002","inside","sewer",38.99,0,38.99,0,0,0,0
"CA3710002","inside","storm",0,0,0,0,0,0,0
"CA3710002","inside","total",75.54,0,173.46,0,8.6,0,0
"CA3710002","inside","water",36.55,0,134.47,89.32,8.6,0,0
"CA3710004","inside","sewer",54.9,0,85.94,31.04,0,0,0
"CA3710004","inside","storm",0,0,0,0,0,0,0
"CA3710004","inside","total",101.88,0,252.03,150.15,0,0,0
"CA3710004","inside","water",46.98,0,166.09,119.11,0,0,0
"CA3710005","inside","sewer",28.66,0,28.66,0,0,0,0
"CA3710005","inside","storm",0,0,0,0,0,0,0
"CA3710005","inside","total",53.68,0,143.78,0,0,0,0
"CA3710005","inside","water",25.02,0,115.12,90.1,0,0,0
"CA3710006","inside","sewer",24.55,0,73.25,48.7,0,0,0
"CA3710006","inside","storm",0,0,0,0,0,0,0
"CA3710006","inside","total",69.16,0,233.6,164.44,0,0,0
"CA3710006","inside","water",44.61,0,160.35,115.74,0,0,0
"CA3710008","inside","sewer",10.6,11.63,143.62,121.39,0,0,0
"CA3710008","inside","storm",0,0,0,0,0,0,0
"CA3710008","inside","total",64.12,26.99,315.84,224.73,0,0,0
"CA3710008","inside","water",53.52,15.36,172.22,103.34,0,0,0
"CA3710009","inside","sewer",32.89,0,32.89,0,0,0,0
"CA3710009","inside","storm",0,0,0,0,0,0,0
"CA3710009","inside","total",122.24,13.81,178.2,0,0,0,0
"CA3710009","inside","water",89.35,13.81,145.31,42.15,0,0,0
"CA3710010","inside","sewer",29.13,0,99.02,69.89,0,0,0
"CA3710010","inside","storm",0,0,0,0,0,0,0
"CA3710010","inside","total",54.37,0,239.35,184.98,0,0,0
"CA3710010","inside","water",25.24,0,140.33,115.09,0,0,0
"CA3710011","inside","sewer",32.89,0,32.89,0,0,0,0
"CA3710011","inside","storm",0,0,0,0,0,0,0
"CA3710011","inside","total",82.89,0,100.07,0,0,0,0
"CA3710011","inside","water",50,0,67.18,17.18,0,0,0
"CA3710013","inside","sewer",32.89,0,32.89,0,0,0,0
"CA3710013","inside","storm",0,0,0,0,0,0,0
"CA3710013","inside","total",40.58,4.15,137.41,0,0,0,0
"CA3710013","inside","water",7.69,4.15,104.52,92.68,0,0,0
"CA3710013","outside","sewer",32.89,0,32.89,0,0,0,0
"CA3710013","outside","total",48.27,8.3,241.93,0,0,0,0
"CA3710013","outside","water",15.38,8.3,209.04,185.36,0,0,0
"CA3710014","inside","sewer",19.18,7.13,26.31,0,0,0,0
"CA3710014","inside","storm",0,0,0,0,0,0,0
"CA3710014","inside","total",40.53,7.13,158.58,0,53.14,0,0
"CA3710014","inside","water",21.35,0,132.27,57.78,53.14,0,0
"CA3710015","inside","sewer",14.15,0,107.59,93.44,0,0,0
"CA3710015","inside","storm",0,0,0,0,0,0,0
"CA3710015","inside","total",39.43,0,237.13,197.7,0,0,0
"CA3710015","inside","water",25.28,0,129.54,104.26,0,0,0
"CA3710016","inside","sewer",39.52,0,39.52,0,0,0,0
"CA3710016","inside","storm",0,0,0,0,0,0,0
"CA3710016","inside","total",106.61,9.24,214.95,0,18.53,0,0
"CA3710016","inside","water",67.09,9.24,175.43,80.57,18.53,0,0
"CA3710018","inside","sewer",65,0,65,0,0,0,0
"CA3710018","inside","storm",0,0,0,0,0,0,0
"CA3710018","inside","total",103.3,0,229.64,0,0,0,0
"CA3710018","inside","water",38.3,0,164.64,126.34,0,0,0
"CA3710019","inside","sewer",65.57,0,65.57,0,0,0,0
"CA3710019","inside","storm",0,0,0,0,0,0,0
"CA3710019","inside","total",101.69,0,222.4,0,0,0,0
"CA3710019","inside","water",36.12,0,156.83,120.71,0,0,0
"CA3710020","inside","sewer",15.33,0,51.31,35.98,0,0,0
"CA3710020","inside","storm",0,0,0,0,0,0,0
"CA3710020","inside","total",41.63,0,220.23,178.6,0,0,0
"CA3710020","inside","water",26.3,0,168.92,142.62,0,0,0
"CA3710021","inside","sewer",15.78,0,67.81,104.07,0,0,0
"CA3710021","inside","storm",0,0,0,0,0,0,0
"CA3710021","inside","total",38.36,1.41,196.79,206.23,0,0,0
"CA3710021","inside","water",22.58,1.41,128.98,102.16,0,0,0
"CA3710023","inside","sewer",67.57,0,67.57,0,0,0,0
"CA3710023","inside","storm",0,0,0,0,0,0,0
"CA3710023","inside","total",108.99,0,178.05,0,0,0,0
"CA3710023","inside","water",41.42,0,110.48,69.06,0,0,0
"CA3710025","inside","sewer",23.3,0,61.74,76.88,0,0,0
"CA3710025","inside","storm",0,0,0,0,0,0,0
"CA3710025","inside","total",36.58,0,172.92,172.37,2.41,0,0
"CA3710025","inside","water",13.28,0,111.18,95.49,2.41,0,0
"CA3710026","inside","sewer",87.3,0,87.3,0,0,0,0
"CA3710026","inside","storm",0,0,0,0,0,0,0
"CA3710026","inside","total",130.07,1.01,246.09,0,2.01,0,0
"CA3710026","inside","water",42.77,1.01,158.79,103.96,2.01,0,0
"CA3710027","inside","sewer",55.71,0,55.71,0,0,0,0
"CA3710027","inside","storm",0,0,0,0,0,0,0
"CA3710027","inside","total",86.77,0,181,0,0,0,0
"CA3710027","inside","water",31.06,0,125.29,94.23,0,0,0
"CA3710027","outside","sewer",51.75,0,51.75,0,0,0,0
"CA3710027","outside","total",82.81,0,82.81,0,0,0,0
"CA3710027","outside","water",31.06,0,31.06,0,0,0,0
"CA3710029","inside","sewer",15.09,0,147.23,132.14,0,0,0
"CA3710029","inside","storm",0,0,0,0,0,0,0
"CA3710029","inside","total",44.5,3.66,268.91,220.75,0,0,0
"CA3710029","inside","water",29.41,3.66,121.68,88.61,0,0,0
"CA3710034","inside","sewer",15.8,0,83.48,67.68,0,0,0
"CA3710034","inside","storm",0,0,0,0,0,0,0
"CA3710034","inside","total",34.67,15.56,211.56,160.13,1.2,0,0
"CA3710034","inside","water",18.87,15.56,128.08,92.45,1.2,0,0
"CA3710036","inside","sewer",49.32,0,49.32,0,0,0,0
"CA3710036","inside","storm",0,0,0,0,0,0,0
"CA3710036","inside","total",91.73,0,174.91,0,0,0,0
"CA3710036","inside","water",42.41,0,125.59,83.18,0,0,0
"CA3710037","inside","sewer",37.84,0,112.63,74.79,0,0,0
"CA3710037","inside","storm",0,0,0,0,0,0,0
"CA3710037","inside","total",74.91,3.01,315.09,237.17,0,0,0
"CA3710037","inside","water",37.07,3.01,202.46,162.38,0,0,0
"CA3810011","inside","sewer",3.6,0,287.25,283.65,0,0,0
"CA3810011","inside","storm",0,0,0,0,0,0,0
"CA3810011","inside","total",19.78,0,500.98,481.2,0,0,0
"CA3810011","inside","water",16.18,0,213.73,197.55,0,0,0
"CA3910003","inside","sewer",34.98,0,34.98,0,0,0,0
"CA3910003","inside","storm",0,0,0,0,0,0,0
"CA3910003","inside","total",66.82,0,90.22,0,0,0,0
"CA3910003","inside","water",31.84,0,55.24,23.4,0,0,0
"CA3910004","inside","sewer",15.08,0,160.28,145.2,0,0,0
"CA3910004","inside","storm",0,0,0,0,0,0,0
"CA3910004","inside","total",26.88,0,237.08,210.2,0,0,0
"CA3910004","inside","water",11.8,0,76.8,65,0,0,0
"CA3910005","inside","sewer",51.25,0,51.25,0,0,0,0
"CA3910005","inside","storm",0,0,0,0,0,0,0
"CA3910005","inside","total",71.5,0,96.15,0,0,0,0
"CA3910005","inside","water",20.25,0,44.9,24.65,0,0,0
"CA3910007","inside","sewer",22.4,0,22.4,0,0,0,0
"CA3910007","inside","storm",0,0,0,0,0,0,0
"CA3910007","inside","total",54.7,0,95.6,0,0,0,0
"CA3910007","inside","water",32.3,0,73.2,40.9,0,0,0
"CA3910010","inside","sewer",58.88,0,58.88,0,0,0,0
"CA3910010","inside","storm",0,0,0.42,0,0,0,0
"CA3910010","inside","total",129.09,0,129.09,0,0,0,0
"CA3910010","inside","water",70.21,0,70.21,0,0,0,0
"CA3910011","inside","sewer",34,0,34,0,0,0,0
"CA3910011","inside","storm",0,0,1.2,0,0,0,0
"CA3910011","inside","total",52.5,0,85.16,0,0,0,0
"CA3910011","inside","water",18.5,0,51.16,32.66,0,0,0
"CA3910012","inside","sewer",46.75,0,46.75,0,0,0,0
"CA3910012","inside","storm",0,0,2.1,0,0,0,0
"CA3910012","inside","total",80.65,0,132.57,0,0,0,0
"CA3910012","inside","water",33.9,0,85.82,51.92,0,0,0
"CA3910015","inside","sewer",79.5,0,79.5,0,0,0,0
"CA3910015","inside","storm",0,0,0,0,0,0,0
"CA3910015","inside","total",95.8,0,175.81,0,0,0,0
"CA3910015","inside","water",16.3,0,96.31,80.01,0,0,0
"CA3910027","inside","sewer",38.81,0,38.81,0,0,0,0
"CA3910027","inside","storm",0,0,0,0,0,0,0
"CA3910027","inside","total",61.69,0,79.8,0,0,0,0
"CA3910027","inside","water",22.88,0,40.99,18.11,0,0,0
"CA4000568","inside","sewer",0,0,204.73,204.73,0,0,0
"CA4000568","inside","storm",0,0,0,0,0,0,0
"CA4000568","inside","total",0,0,515.27,477.24,0,0,0
"CA4000568","inside","water",38.03,0,310.54,272.51,0,0,0
"CA4010001","inside","sewer",2.64,0,17.48,14.84,0,0,0
"CA4010001","inside","storm",0,0,0,0,0,0,0
"CA4010001","inside","total",35.4,0,135.27,99.87,0,0,0
"CA4010001","inside","water",32.76,0,117.79,85.03,0,0,0
"CA4010002","inside","sewer",0,0,156.41,156.41,0,0,0
"CA4010002","inside","storm",0,0,0,0,0,0,0
"CA4010002","inside","total",0,5,221.61,194.61,0,0,0
"CA4010002","inside","water",22,5,65.2,38.2,0,0,0
"CA4010003","inside","sewer",69.16,0,69.16,0,0,0,0
"CA4010003","inside","storm",0,0,0,0,0,0,0
"CA4010003","inside","total",125.44,0,289.62,0,0,0,0
"CA4010003","inside","water",56.28,0,220.46,164.18,0,0,0
"CA4010004","inside","sewer",12.32,0,12.32,0,0,0,0
"CA4010004","inside","storm",0,0,0,0,0,0,0
"CA4010004","inside","total",28,0,115.35,0,0,0,0
"CA4010004","inside","water",15.68,0,103.03,87.35,0,0,0
"CA4010007","inside","sewer",0,0,156.41,156.41,0,0,0
"CA4010007","inside","storm",0,0,0,0,0,0,0
"CA4010007","inside","total",0,0,297.95,287.95,0,0,0
"CA4010007","inside","water",10,0,141.54,131.54,0,0,0
"CA4010008","inside","sewer",84.15,0,84.15,0,0,0,0
"CA4010008","inside","storm",0,0,0,0,0,0,0
"CA4010008","inside","total",114.68,0,311.38,0,0,0,0
"CA4010008","inside","water",30.53,0,227.23,196.7,0,0,0
"CA4010009","inside","sewer",20.43,0,192.48,172.05,0,0,0
"CA4010009","inside","storm",0,0,0,0,0,0,0
"CA4010009","inside","total",42.95,0,424.14,381.19,0,0,0
"CA4010009","inside","water",22.52,0,231.66,209.14,0,0,0
"CA4010010","inside","sewer",98.75,0,98.75,0,0,0,0
"CA4010010","inside","storm",0,0,0,0,0,0,0
"CA4010010","inside","total",148.78,0,240.49,0,0,0,0
"CA4010010","inside","water",50.03,0,141.74,91.71,0,0,0
"CA4010011","inside","sewer",83,0,83,0,0,0,0
"CA4010011","inside","storm",0,0,0,0,0,0,0
"CA4010011","inside","total",115,0,302.88,0,0,0,0
"CA4010011","inside","water",32,0,219.88,187.88,0,0,0
"CA4010012","inside","sewer",31.52,0,31.52,0,0,0,0
"CA4010012","inside","storm",0,0,0,0,0,0,0
"CA4010012","inside","total",54.89,0,115.65,0,0,0,0
"CA4010012","inside","water",23.37,0,84.13,60.76,0,0,0
"CA4010014","inside","sewer",10.13,0,122.11,111.98,0,0,0
"CA4010014","inside","storm",0,0,0,0,0,0,0
"CA4010014","inside","total",28.45,0,396.25,367.8,0,0,0
"CA4010014","inside","water",18.32,0,274.14,255.82,0,0,0
"CA4010016","inside","sewer",38.48,90.33,280,151.19,0,0,0
"CA4010016","inside","storm",0,0,0,0,0,0,0
"CA4010016","inside","total",73.48,90.33,509.82,346.01,0,0,0
"CA4010016","inside","water",35,0,229.82,194.82,0,0,0
"CA4010017","inside","sewer",38.48,90.33,280,151.19,0,0,0
"CA4010017","inside","storm",0,0,0,0,0,0,0
"CA4010017","inside","total",66.92,90.33,548.33,391.08,0,0,0
"CA4010017","inside","water",28.44,0,268.33,239.89,0,0,0
"CA4010018","inside","sewer",50.44,0,50.44,0,0,0,0
"CA4010018","inside","storm",0,0,0,0,0,0,0
"CA4010018","inside","total",74.2,0,145.64,0,0,0,0
"CA4010018","inside","water",23.76,0,95.2,71.44,0,0,0
"CA4010019","inside","sewer",75.34,0,75.34,0,0,0,0
"CA4010019","inside","storm",0,0,0,0,0,0,0
"CA4010019","inside","total",103.08,0,145.88,0,0,0,0
"CA4010019","inside","water",27.74,0,70.54,42.8,0,0,0
"CA4010023","inside","sewer",32.89,0,32.89,0,0,0,0
"CA4010023","inside","storm",0,0,0,0,0,0,0
"CA4010023","inside","total",61.33,0,350.07,0,44.87,0,0
"CA4010023","inside","water",28.44,0,317.18,243.87,44.87,0,0
"CA4010026","inside","sewer",99.03,0,99.03,0,0,0,0
"CA4010026","inside","storm",0,0,0,0,0,0,0
"CA4010026","inside","total",125.88,0,295.32,0,0,0,0
"CA4010026","inside","water",26.85,0,196.29,169.44,0,0,0
"CA4010040","inside","sewer",126.72,8.87,135.59,0,0,0,0
"CA4010040","inside","storm",0,0,0,0,0,0,0
"CA4010040","inside","total",150.48,8.87,239.32,0,7.4,0,0
"CA4010040","inside","water",23.76,0,103.73,72.57,7.4,0,0
"CA4110001","inside","sewer",32.24,0,131.68,99.44,0,0,0
"CA4110001","inside","storm",0,0,0,0,0,0,0
"CA4110001","inside","total",60.24,0,351.07,290.83,0,0,0
"CA4110001","inside","water",28,0,219.39,191.39,0,0,0
"CA4110002","inside","sewer",34.44,0,91.59,57.15,0,0,0
"CA4110002","inside","storm",0,0,0,0,0,0,0
"CA4110002","inside","total",45.78,0,675.01,629.23,0,0,0
"CA4110002","inside","water",11.34,0,583.42,572.08,0,0,0
"CA4110003","inside","sewer",32.07,0,215.82,183.75,0,0,0
"CA4110003","inside","storm",0,0,0,0,0,0,0
"CA4110003","inside","total",74.11,0,426.18,352.07,0,0,0
"CA4110003","inside","water",42.04,0,210.36,168.32,0,0,0
"CA4110010","inside","sewer",91.88,0,460.58,368.7,0,0,0
"CA4110010","inside","storm",0,0,0,0,0,0,0
"CA4110010","inside","total",107,58.2,823.39,658.19,0,0,0
"CA4110010","inside","water",15.12,58.2,362.81,289.49,0,0,0
"CA4110011","inside","sewer",44.77,0,673.32,628.55,0,0,0
"CA4110011","inside","storm",0,0,0,0,0,0,0
"CA4110011","inside","total",75.12,0,1004.29,929.17,0,0,0
"CA4110011","inside","water",30.35,0,330.97,300.62,0,0,0
"CA4110013","inside","sewer",43.72,0,158,114.28,0,0,0
"CA4110013","inside","storm",0,0,0,0,0,0,0
"CA4110013","inside","total",66.41,0,340.07,273.66,0,0,0
"CA4110013","inside","water",22.69,0,182.07,159.38,0,0,0
"CA4110016","inside","sewer",295.25,0,295.25,0,0,0,0
"CA4110016","inside","storm",0,0,0,0,0,0,0
"CA4110016","inside","total",363.93,0,499.99,0,0,0,0
"CA4110016","inside","water",68.68,0,204.74,136.06,0,0,0
"CA4110017","inside","sewer",77.19,0,77.19,0,0,0,0
"CA4110017","inside","storm",0,0,0,0,0,0,0
"CA4110017","inside","total",105.4,0,280.96,0,30.08,0,0
"CA4110017","inside","water",28.21,0,203.77,145.48,30.08,0,0
"CA4110018","inside","sewer",58.9,24.3,348.68,265.48,0,0,0
"CA4110018","inside","storm",0,0,0,0,0,0,0
"CA4110018","inside","total",88.9,24.3,635.35,522.15,0,0,0
"CA4110018","inside","water",30,0,286.67,256.67,0,0,0
"CA4110021","inside","sewer",111.21,0,111.21,0,0,0,0
"CA4110021","inside","storm",0,0,0,0,0,0,0
"CA4110021","inside","total",135.06,0,257.06,0,0,0,0
"CA4110021","inside","water",23.85,0,145.85,122,0,0,0
"CA4110022","inside","sewer",85.44,0,85.44,0,0,0,0
"CA4110022","inside","storm",0,0,0,0,0,0,0
"CA4110022","inside","total",114.96,0,286.12,0,0,0,0
"CA4110022","inside","water",29.52,0,200.68,171.16,0,0,0
"CA4110023","inside","sewer",32.27,0,280.31,248.04,0,0,0
"CA4110023","inside","storm",0,0,0,0,0,0,0
"CA4110023","inside","total",57.85,0,504.28,446.43,0,0,0
"CA4110023","inside","water",25.58,0,223.97,198.39,0,0,0
"CA4110024","inside","sewer",50,0,50,0,0,0,0
"CA4110024","inside","storm",0,0,0,0,0,0,0
"CA4110024","inside","total",67.53,9.12,236.66,0,8.62,0,0
"CA4110024","inside","water",17.53,9.12,186.66,151.39,8.62,0,0
"CA4110025","inside","sewer",0,0,339.46,339.46,0,0,0
"CA4110025","inside","storm",0,0,0,0,0,0,0
"CA4110025","inside","total",0,0,702.76,676.02,0,0,0
"CA4110025","inside","water",26.74,0,363.3,336.56,0,0,0
"CA4110027","inside","sewer",9.87,0,197.91,188.04,0,0,0
"CA4110027","inside","storm",0,0,0,0,0,0,0
"CA4110027","inside","total",21.51,0,339.49,317.98,0,0,0
"CA4110027","inside","water",11.64,0,141.58,129.94,0,0,0
"CA4210001","inside","sewer",58.62,0,58.62,0,0,0,0
"CA4210001","inside","storm",0,0,0,0,0,0,0
"CA4210001","inside","total",72.9,56.3,264.08,0,52,0,0
"CA4210001","inside","water",14.28,56.3,205.46,82.88,52,0,0
"CA4210002","inside","sewer",70.08,0,70.08,0,0,0,0
"CA4210002","inside","storm",0,0,0,0,0,0,0
"CA4210002","inside","total",104.25,0,182.45,0,0,0,0
"CA4210002","inside","water",34.17,0,112.37,78.2,0,0,0
"CA4210004","inside","sewer",44.2,0,44.2,0,0,0,0
"CA4210004","inside","storm",0,0,0,0,0,0,0
"CA4210004","inside","total",0,0,286.28,0,0,0,0
"CA4210004","inside","water",0,0,242.08,179.46,0,62.62,0
"CA4210006","inside","sewer",46.4,0,186.08,139.68,0,0,0
"CA4210006","inside","storm",0,0,0,0,0,0,0
"CA4210006","inside","total",88.01,0,314.52,226.51,0,0,0
"CA4210006","inside","water",41.61,0,128.44,86.83,0,0,0
"CA4210007","inside","sewer",109.04,0,109.04,0,0,0,0
"CA4210007","inside","storm",0,0,0,0,0,0,0
"CA4210007","inside","total",155.9,0,339.33,0,0.46,0,0
"CA4210007","inside","water",46.86,0,230.29,182.05,0.46,0,0
"CA4210007","outside","water",46.86,0,228.91,182.05,0,0,0
"CA4210009","inside","sewer",66,0,66,0,0,0,0
"CA4210009","inside","storm",0,0,0,0,0,0,0
"CA4210009","inside","total",148.8,0,164.44,0,0,0,0
"CA4210009","inside","water",82.8,0,98.44,15.64,0,0,0
"CA4210010","inside","sewer",20.57,0,54.27,33.7,0,0,0
"CA4210010","inside","storm",0,0,0,0,0,0,0
"CA4210010","inside","total",49.49,0,397.35,347.86,0,0,0
"CA4210010","inside","water",28.92,0,343.08,314.16,0,0,0
"CA4210011","inside","sewer",24.49,0,24.49,0,0,0,0
"CA4210011","inside","storm",0,0,0,0,0,0,0
"CA4210011","inside","total",63.8,0,163.82,0,0,0,0
"CA4210011","inside","water",39.31,0,139.33,100.02,0,0,0
"CA4210013","inside","sewer",34.65,0,34.65,0,0,0,0
"CA4210013","inside","storm",0,0,0,0,0,0,0
"CA4210013","inside","total",128.94,0,200.51,0,0,0,0
"CA4210013","inside","water",94.29,0,165.86,71.57,0,0,0
"CA4210016","inside","sewer",73.79,0,73.79,0,0,0,0
"CA4210016","inside","storm",0,0,0,0,0,0,0
"CA4210016","inside","total",97.55,0,168.99,0,0,0,0
"CA4210016","inside","water",23.76,0,95.2,71.44,0,0,0
"CA4210017","inside","sewer",45.55,0,45.55,0,0,0,0
"CA4210017","inside","storm",0,0,0,0,0,0,0
"CA4210017","inside","total",63.42,0,109.34,0,0,0,0
"CA4210017","inside","water",17.87,0,63.79,45.92,0,0,0
"CA4210018","inside","sewer",30.45,0,30.45,0,0,0,0
"CA4210018","inside","storm",0,0,0,0,0,0,0
"CA4210018","inside","total",65.96,0,125.72,0,0,0,0
"CA4210018","inside","water",35.51,0,95.27,59.76,0,0,0
"CA4210019","inside","sewer",63.83,0,63.83,0,0,0,0
"CA4210019","inside","storm",0,0,0,0,0,0,0
"CA4210019","inside","total",107.35,0,156.68,0,0,0,0
"CA4210019","inside","water",43.52,0,92.85,49.33,0,0,0
"CA4210021","inside","sewer",25.72,0,25.72,0,0,0,0
"CA4210021","inside","storm",0,0,0,0,0,0,0
"CA4210021","inside","total",49.48,0,129.45,0,7.4,0,0
"CA4210021","inside","water",23.76,0,103.73,72.57,7.4,0,0
"CA4210022","inside","sewer",25.72,0,25.72,0,0,0,0
"CA4210022","inside","storm",0,0,0,0,0,0,0
"CA4210022","inside","total",49.48,0,129.45,0,7.4,0,0
"CA4210022","inside","water",23.76,0,103.73,72.57,7.4,0,0
"CA4210024","inside","sewer",21.6,0,56.9,35.3,0,0,0
"CA4210024","inside","storm",0,0,0,0,0,0,0
"CA4210024","inside","total",63.6,0,236.98,173.38,0,0,0
"CA4210024","inside","water",42,0,180.08,138.08,0,0,0
"CA4300516","inside","sewer",32.89,0,32.89,0,0,0,0
"CA4300516","inside","storm",0,0,0,0,0,0,0
"CA4300516","inside","total",116.89,0,858.82,0,0,0,0
"CA4300516","inside","water",84,0,825.93,741.93,0,0,0
"CA4310004","inside","sewer",46.64,0,46.64,0,0,0,0
"CA4310004","inside","storm",0,0,0,0,0,0,0
"CA4310004","inside","total",58.17,0,132.37,0,0,0,0
"CA4310004","inside","water",11.53,0,85.73,74.2,0,0,0
"CA4310005","inside","sewer",55.53,0,55.53,0,0,0,0
"CA4310005","inside","storm",0,0,0,0,0,0,0
"CA4310005","inside","total",74.49,0,357.23,0,43.32,0,0
"CA4310005","inside","water",18.96,0,301.7,239.42,43.32,0,0
"CA4310006","inside","sewer",62.97,5.05,68.02,0,0,0,0
"CA4310006","inside","storm",0,0,0,0,0,0,0
"CA4310006","inside","total",94.11,6.33,155.89,0,3.91,0,0
"CA4310006","inside","water",31.14,1.28,87.87,51.54,3.91,0,0
"CA4310007","inside","sewer",43.75,0,43.75,0,0,0,0
"CA4310007","inside","storm",0,0,0,0,0,0,0
"CA4310007","inside","total",59.3,0,215.7,0,0,0,0
"CA4310007","inside","water",15.55,0,171.95,156.4,0,0,0
"CA4310009","inside","sewer",41.37,0,41.37,0,0,0,0
"CA4310009","inside","storm",0,0,12.032,0,0,0,0
"CA4310009","inside","total",61.62,0,243.02,0,0,0,0
"CA4310009","inside","water",20.25,0,201.65,181.4,0,0,0
"CA4310011","inside","sewer",41.64,0,41.64,0,0,0,0
"CA4310011","inside","storm",0,0,7.87,0,0,0,0
"CA4310011","inside","total",82.11,0,179.01,0,0,0,0
"CA4310011","inside","water",40.47,0,137.37,96.9,0,0,0
"CA4310012","inside","sewer",44.53,0,44.53,0,0,0,0
"CA4310012","inside","storm",0,0,2.12,0,0,0,0
"CA4310012","inside","total",63.43,0,192.36,0,0,0,0
"CA4310012","inside","water",18.9,0,147.83,128.93,0,0,0
"CA4310014","inside","sewer",53.38,0,53.38,0,0,0,0
"CA4310014","inside","storm",0,0,0,0,0,0,0
"CA4310014","inside","total",67.43,0,170.01,0,0,0,0
"CA4310014","inside","water",14.05,0,116.63,102.58,0,0,0
"CA4310018","inside","sewer",53.23,0,53.23,0,0,0,0
"CA4310018","inside","storm",0,0,0,0,0,0,0
"CA4310018","inside","total",94.92,0,194.78,0,0,0,0
"CA4310018","inside","water",41.69,0,141.55,99.86,0,0,0
"CA4310019","inside","sewer",38.9,0,38.9,0,0,0,0
"CA4310019","inside","storm",0,0,0,0,0,0,0
"CA4310019","inside","total",67.5,0,155.87,0,0,0,0
"CA4310019","inside","water",28.6,0,116.97,88.37,0,0,0
"CA4310020","inside","sewer",41.64,0,41.64,0,0,0,0
"CA4310020","inside","storm",0,0,7.87,0,0,0,0
"CA4310020","inside","total",70.24,0,157.27,0,0,0,0
"CA4310020","inside","water",28.6,0,115.63,87.03,0,0,0
"CA4310021","inside","sewer",23.67,0,69.39,45.72,0,0,0
"CA4310021","inside","storm",0,0,0,0,0,0,0
"CA4310021","inside","total",46.17,0,221.9,175.73,0,0,0
"CA4310021","inside","water",22.5,0,152.51,130.01,0,0,0
"CA4310022","inside","sewer",41.64,0,41.64,0,0,0,0
"CA4310022","inside","storm",0,0,0,0,0,0,0
"CA4310022","inside","total",56.55,0,117.3,0,1.47,0,0
"CA4310022","inside","water",14.91,0,75.66,59.28,1.47,0,0
"CA4400598","inside","sewer",70.58,0,70.58,0,0,0,0
"CA4400598","inside","storm",0,0,0,0,0,0,0
"CA4400598","inside","total",175.55,1.29,176.84,0,0,0,0
"CA4400598","inside","water",104.97,1.29,106.26,0,0,0,0
"CA4410002","inside","sewer",257.47,0,257.47,0,0,0,0
"CA4410002","inside","storm",0,0,0,0,0,0,0
"CA4410002","inside","total",291.13,0,532.96,0,0,0,0
"CA4410002","inside","water",33.66,0,275.49,241.83,0,0,0
"CA4410010","inside","sewer",57.8,0,57.8,0,0,0,0
"CA4410010","inside","storm",0,0,3.01,0,0,0,0
"CA4410010","inside","total",68.51,0,359.66,0,104.16,0,0
"CA4410010","inside","water",10.71,0,301.86,186.99,104.16,0,0
"CA4410010","outside","sewer",57.8,0,57.8,0,0,0,0
"CA4410010","outside","total",70.06,0,402.76,0,117.19,0,0
"CA4410010","outside","water",12.26,0,344.96,215.51,117.19,0,0
"CA4410011","inside","sewer",42.84,0,42.84,0,0,0,0
"CA4410011","inside","storm",0,0,0,0,0,0,0
"CA4410011","inside","total",76.38,0,179.84,0,0,0,0
"CA4410011","inside","water",33.54,0,137,103.46,0,0,0
"CA4410011","outside","sewer",42.84,0,42.84,0,0,0,0
"CA4410011","outside","total",80.61,0,184.07,0,0,0,0
"CA4410011","outside","water",37.77,0,141.23,103.46,0,0,0
"CA4410013","inside","sewer",46.49,0,46.49,0,0,0,0
"CA4410013","inside","storm",0,0,0,0,0,0,0
"CA4410013","inside","total",89.44,0,351.7,0,0,0,0
"CA4410013","inside","water",42.95,0,305.21,262.26,0,0,0
"CA4410014","inside","sewer",178.8,0,178.8,0,0,0,0
"CA4410014","inside","storm",0,0,0,0,0,0,0
"CA4410014","inside","total",210.86,0,441.06,0,0,0,0
"CA4410014","inside","water",32.06,0,262.26,230.2,0,0,0
"CA4410017","inside","sewer",70.58,0,70.58,0,0,0,0
"CA4410017","inside","storm",0,0,0,0,0,0,0
"CA4410017","inside","total",114.62,0,647.64,0,0,0,0
"CA4410017","inside","water",44.04,0,577.06,533.02,0,0,0
"CA4510001","inside","sewer",22.44,0,52.92,30.48,0,0,0
"CA4510001","inside","storm",0,0,0,0,0,0,0
"CA4510001","inside","total",34.74,0,89.12,54.38,0,0,0
"CA4510001","inside","water",12.3,0,36.2,23.9,0,0,0
"CA4510001","outside","sewer",22.44,0,52.92,30.48,0,0,0
"CA4510001","outside","total",34.74,0,89.82,55.08,0,0,0
"CA4510001","outside","water",12.3,0,36.9,24.6,0,0,0
"CA4510003","inside","sewer",24.23,0,58.32,34.09,0,0,0
"CA4510003","inside","storm",0,0,0,0,0,0,0
"CA4510003","inside","total",46.19,0,96.92,50.73,0,0,0
"CA4510003","inside","water",21.96,0,38.6,16.64,0,0,0
"CA4510005","inside","sewer",57.05,0,57.05,0,0,0,0
"CA4510005","inside","storm",0,0,1.32,0,0,0,0
"CA4510005","inside","total",79.2,0,107.47,0,0,0,0
"CA4510005","inside","water",22.15,0,50.42,28.27,0,0,0
"CA4510006","inside","sewer",69.63,0,69.63,0,0,0,0
"CA4510006","inside","storm",0,0,0,0,0,0,0
"CA4510006","inside","total",100.71,0,188.13,0,0,0,0
"CA4510006","inside","water",31.08,0,118.5,87.42,0,0,0
"CA4510007","inside","sewer",15.3,0,139.05,123.75,0,0,0
"CA4510007","inside","storm",0,0,0,0,0,0,0
"CA4510007","inside","total",36.7,0,297.42,260.72,0,0,0
"CA4510007","inside","water",21.4,0,158.37,136.97,0,0,0
"CA4510008","inside","sewer",35.19,0,35.19,0,0,0,0
"CA4510008","inside","storm",0,0,0,0,0,0,0
"CA4510008","inside","total",75.69,0,115.79,0,0,0,0
"CA4510008","inside","water",40.5,0,80.6,40.1,0,0,0
"CA4510014","inside","sewer",59.33,0,59.33,0,0,0,0
"CA4510014","inside","storm",0,0,1.32,0,0,0,0
"CA4510014","inside","total",80.59,7,99.42,0,0,0,0
"CA4510014","inside","water",21.26,7,40.09,11.83,0,0,0
"CA4510015","inside","sewer",32.89,0,32.89,0,0,0,0
"CA4510015","inside","storm",0,0,0,0,0,0,0
"CA4510015","inside","total",80.89,0,176.48,0,0,0,0
"CA4510015","inside","water",48,0,143.59,95.59,0,0,0
"CA4510016","inside","sewer",20.35,0,48.02,27.67,0,0,0
"CA4510016","inside","storm",0,0,0,0,0,0,0
"CA4510016","inside","total",41.29,0.38,85.74,40.66,3.41,0,0
"CA4510016","inside","water",20.94,0.38,37.72,12.99,3.41,0,0
"CA4710002","inside","sewer",50,0,50,0,0,0,0
"CA4710002","inside","storm",0,0,0,0,0,0,0
"CA4710002","inside","total",90,0,125.09,0,0,0,0
"CA4710002","inside","water",40,0,75.09,35.09,0,0,0
"CA4710004","inside","sewer",31.55,0,31.55,0,0,0,0
"CA4710004","inside","storm",0,0,0,0,0,0,0
"CA4710004","inside","total",49.84,0,73.84,0,0,0,0
"CA4710004","inside","water",18.29,0,42.29,24,0,0,0
"CA4710006","inside","sewer",51,0,51,0,0,0,0
"CA4710006","inside","storm",0,0,0,0,0,0,0
"CA4710006","inside","total",105.5,0,105.5,0,0,0,0
"CA4710006","inside","water",54.5,0,54.5,0,0,0,0
"CA4710008","inside","sewer",53,0,53,0,0,0,0
"CA4710008","inside","storm",0,0,1,0,0,0,0
"CA4710008","inside","total",64.28,0,77.78,0,0,0,0
"CA4710008","inside","water",11.28,0,24.78,13.5,0,0,0
"CA4710011","inside","sewer",42,0,42,0,0,0,0
"CA4710011","inside","storm",0,0,0,0,0,0,0
"CA4710011","inside","total",78.34,0,107,0,0,0,0
"CA4710011","inside","water",36.34,0,65,28.66,0,0,0
"CA4810001","inside","sewer",54.68,0,54.68,0,0,0,0
"CA4810001","inside","storm",0,0,0,0,0,0,0
"CA4810001","inside","total",74.85,0,171.3,0,0,0,0
"CA4810001","inside","water",20.17,0,116.62,96.45,0,0,0
"CA4810003","inside","sewer",41.85,0,41.85,0,0,0,0
"CA4810003","inside","storm",0,0,1.69,0,0,0,0
"CA4810003","inside","total",67.17,0,117.34,0,0,0,0
"CA4810003","inside","water",25.32,0,75.49,50.17,0,0,0
"CA4810004","inside","sewer",110.92,0,110.92,0,0,0,0
"CA4810004","inside","storm",0,0,0,0,0,0,0
"CA4810004","inside","total",155.93,0,167.16,0,0,0,0
"CA4810004","inside","water",45.01,0,56.24,11.23,0,0,0
"CA4810005","inside","sewer",41.85,0,41.85,0,0,0,0
"CA4810005","inside","storm",0,0,1.69,0,0,0,0
"CA4810005","inside","total",170.31,0,299.07,0,0,0,0
"CA4810005","inside","water",128.46,0,257.22,128.76,0,0,0
"CA4810007","inside","sewer",59.56,1.38,60.94,0,0,0,0
"CA4810007","inside","storm",0,0,0,0,0,0,0
"CA4810007","inside","total",84.29,1.38,180.68,0,0,0,0
"CA4810007","inside","water",24.73,0,119.74,95.01,0,0,0
"CA4810008","inside","sewer",56.61,0,73.45,16.84,0,0,0
"CA4810008","inside","storm",0,0,0,0,0,0,0
"CA4810008","inside","total",74.06,0,125.99,51.93,0,0,0
"CA4810008","inside","water",17.45,0,52.54,35.09,0,0,0
"CA4810008","outside","sewer",63.75,0,80.59,16.84,0,0,0
"CA4810008","outside","total",81.2,0,133.13,51.93,0,0,0
"CA4810008","outside","water",17.45,0,52.54,35.09,0,0,0
"CA4810009","inside","sewer",35.1,0,75.62,40.52,0,0,0
"CA4810009","inside","storm",0,0,0,0,0,0,0
"CA4810009","inside","total",80.57,0,218.34,137.77,0,0,0
"CA4810009","inside","water",45.47,0,142.72,97.25,0,0,0
"CA4810021","inside","sewer",59.56,1.38,60.94,0,0,0,0
"CA4810021","inside","storm",0,0,1.97,0,0,0,0
"CA4810021","inside","total",105.1,1.38,421.14,0,0,0,0
"CA4810021","inside","water",45.54,0,360.2,314.66,0,0,0
"CA4900561","inside","sewer",25.85,0,248.75,222.9,0,0,0
"CA4900561","inside","storm",0,0,0,0,0,0,0
"CA4900561","inside","total",120.85,0,343.75,0,0,0,0
"CA4900561","inside","water",95,0,95,0,0,0,0
"CA4910002","inside","sewer",41.75,0,41.75,0,0,0,0
"CA4910002","inside","storm",0,0,0,0,0,0,0
"CA4910002","inside","total",66.07,0,161.32,0,0,0,0
"CA4910002","inside","water",24.32,0,119.57,95.25,0,0,0
"CA4910005","inside","sewer",37.33,0,246.07,208.74,0,0,0
"CA4910005","inside","storm",0,0,0,0,0,0,0
"CA4910005","inside","total",60.52,0,338.94,278.42,0,0,0
"CA4910005","inside","water",23.19,0,92.87,69.68,0,0,0
"CA4910006","inside","sewer",30.99,0,214.07,183.08,0,0,0
"CA4910006","inside","storm",0,0,0,0,0,0,0
"CA4910006","inside","total",45.39,0,326.23,280.84,0,0,0
"CA4910006","inside","water",14.4,0,112.16,97.76,0,0,0
"CA4910008","inside","sewer",142.17,0,142.17,0,0,0,0
"CA4910008","inside","storm",0,0,0,0,0,0,0
"CA4910008","inside","total",162.17,2.5,232.66,0,0,0,0
"CA4910008","inside","water",20,2.5,90.49,67.99,0,0,0
"CA4910009","inside","sewer",25.85,0,248.75,222.9,0,0,0
"CA4910009","inside","storm",0,0,0,0,0,0,0
"CA4910009","inside","total",39.61,0,360.53,320.92,0,0,0
"CA4910009","inside","water",13.76,0,111.78,98.02,0,0,0
"CA4910011","inside","sewer",35.08,0,176.65,141.57,0,0,0
"CA4910011","inside","storm",0,0,0,0,0,0,0
"CA4910011","inside","total",58.56,0,264.7,206.14,0,0,0
"CA4910011","inside","water",23.48,0,88.05,64.57,0,0,0
"CA4910012","inside","sewer",61.67,0,151.52,89.85,0,0,0
"CA4910012","inside","storm",0,0,0,0,0,0,0
"CA4910012","inside","total",88.02,0,303.27,204.9,10.35,0,0
"CA4910012","inside","water",26.35,0,151.75,115.05,10.35,0,0
"CA4910013","inside","sewer",61.67,0,151.51,89.84,0,0,0
"CA4910013","inside","storm",0,0,0,0,0,0,0
"CA4910013","inside","total",80.56,0,312.73,232.17,0,0,0
"CA4910013","inside","water",18.89,0,161.22,142.33,0,0,0
"CA4910014","inside","sewer",10.01,4,185.46,171.45,0,0,0
"CA4910014","inside","storm",0,0,0,0,0,0,0
"CA4910014","inside","total",31.64,11.5,279.2,236.06,0,0,0
"CA4910014","inside","water",21.63,7.5,93.74,64.61,0,0,0
"CA4910016","inside","sewer",38.42,0,307.52,269.1,0,0,0
"CA4910016","inside","storm",0,0,0,0,0,0,0
"CA4910016","inside","total",60.88,0,478.68,417.8,0,0,0
"CA4910016","inside","water",22.46,0,171.16,148.7,0,0,0
"CA4910017","inside","sewer",11.83,18.14,271.92,241.95,0,0,0
"CA4910017","inside","storm",0,0,0,0,0,0,0
"CA4910017","inside","total",23.32,18.14,385.1,343.64,0,0,0
"CA4910017","inside","water",11.49,0,113.18,101.69,0,0,0
"CA4910021","inside","sewer",61.1,0,61.1,0,0,0,0
"CA4910021","inside","storm",0,0,0,0,0,0,0
"CA4910021","inside","total",95.83,0,238.97,0,0,0,0
"CA4910021","inside","water",34.73,0,177.87,143.14,0,0,0
"CA4910029","inside","sewer",32.89,0,32.89,0,0,0,0
"CA4910029","inside","storm",0,0,0,0,0,0,0
"CA4910029","inside","total",72.89,0,128.88,0,0,0,0
"CA4910029","inside","water",40,0,95.99,55.99,0,0,0
"CA5010005","inside","sewer",29.34,2.34,40.91,18.46,0,0,0
"CA5010005","inside","storm",0,0,1.65,0,0,0,0
"CA5010005","inside","total",41.81,2.34,149.19,58.16,0,0,0
"CA5010005","inside","water",12.47,0,108.28,39.7,0,56.11,0
"CA5010006","inside","sewer",44.01,0,44.01,0,0,0,0
"CA5010006","inside","storm",0,0,0,0,0,0,0
"CA5010006","inside","total",77.64,0,115.54,0,0,0,0
"CA5010006","inside","water",33.63,0,71.53,37.9,0,0,0
"CA5010008","inside","sewer",75.94,0,75.94,0,0,0,0
"CA5010008","inside","storm",0,0,0,0,0,0,0
"CA5010008","inside","total",114.14,0,147.29,0,0,0,0
"CA5010008","inside","water",38.2,0,71.35,33.15,0,0,0
"CA5010009","inside","sewer",64.23,0,64.23,0,0,0,0
"CA5010009","inside","storm",0,0,0,0,0,0,0
"CA5010009","inside","total",99.2,0,133.89,0,0,0,0
"CA5010009","inside","water",34.97,0,69.66,34.69,0,0,0
"CA5010010","inside","sewer",40.17,0,40.17,0,0,0,0
"CA5010010","inside","storm",0,0,1.65,0,0,0,0
"CA5010010","inside","total",65.11,0,104.81,0,0,0,0
"CA5010010","inside","water",24.94,0,64.64,39.7,0,0,0
"CA5010013","inside","sewer",41.79,0,41.79,0,0,0,0
"CA5010013","inside","storm",0,0,0,0,0,0,0
"CA5010013","inside","total",60.94,0,82.79,0,0,0,0
"CA5010013","inside","water",19.15,0,41,21.85,0,0,0
"CA5010014","inside","sewer",61.27,0,61.27,0,0,0,0
"CA5010014","inside","storm",0,0,0,0,0,0,0
"CA5010014","inside","total",76.68,0,118.99,0,0,0,0
"CA5010014","inside","water",15.41,0,57.72,42.31,0,0,0
"CA5010017","inside","sewer",49.94,0,49.94,0,0,0,0
"CA5010017","inside","storm",0,0,0,0,0,0,0
"CA5010017","inside","total",66.73,0,129.01,0,0,0,0
"CA5010017","inside","water",16.79,0,79.07,62.28,0,0,0
"CA5010017","outside","sewer",74.91,0,74.91,0,0,0,0
"CA5010017","outside","total",91.7,0,91.7,0,0,0,0
"CA5010017","outside","water",16.79,0,16.79,0,0,0,0
"CA5010018","inside","sewer",49.48,0,49.48,0,0,0,0
"CA5010018","inside","storm",0,0,0,0,0,0,0
"CA5010018","inside","total",76.55,0,89.15,0,0,0,0
"CA5010018","inside","water",27.07,0,39.67,12.6,0,0,0
"CA5010019","inside","sewer",42.95,0,42.95,0,0,0,0
"CA5010019","inside","storm",0,0,0,0,0,0,0
"CA5010019","inside","total",88.15,5.65,115.85,0,0,0,0
"CA5010019","inside","water",45.2,5.65,72.9,22.05,0,0,0
"CA5010028","inside","sewer",59.03,0,59.03,0,0,0,0
"CA5010028","inside","storm",0,0,0,0,0,0,0
"CA5010028","inside","total",101.6,0,165.05,0,0,0,0
"CA5010028","inside","water",42.57,0,106.02,63.45,0,0,0
"CA5010028","outside","sewer",59.03,0,59.03,0,0,0,0
"CA5010028","outside","total",122.88,0,218.05,0,0,0,0
"CA5010028","outside","water",63.85,0,159.02,95.17,0,0,0
"CA5100107","inside","sewer",103.5,0,103.5,0,0,0,0
"CA5100107","inside","storm",0,0,0,0,0,0,0
"CA5100107","inside","total",173.5,0,173.5,0,0,0,0
"CA5100107","inside","water",70,0,70,0,0,0,0
"CA5110002","inside","sewer",61.78,0,61.78,0,0,0,0
"CA5110002","inside","storm",0,0,0,0,0,0,0
"CA5110002","inside","total",102.82,0,113.44,0,0,0,0
"CA5110002","inside","water",41.04,0,51.66,10.62,0,0,0
"CA5210005","inside","sewer",44.59,0,44.59,0,0,0,0
"CA5210005","inside","storm",0,0,0,0,0,0,0
"CA5210005","inside","total",66.02,0,82.33,0,0,0,0
"CA5210005","inside","water",21.43,0,37.74,16.31,0,0,0
"CA5310001","inside","sewer",28,0,28,0,0,0,0
"CA5310001","inside","storm",0,0,0,0,0,0,0
"CA5310001","inside","total",61.5,0,104.4,0,0,0,0
"CA5310001","inside","water",33.5,0,76.4,42.9,0,0,0
"CA5410001","inside","sewer",33.4,0,81.25,47.85,0,0,0
"CA5410001","inside","storm",0,0,0,0,0,0,0
"CA5410001","inside","total",60.5,0,128.75,68.25,0,0,0
"CA5410001","inside","water",27.1,0,47.5,20.4,0,0,0
"CA5410001","outside","sewer",33.4,0,81.25,47.85,0,0,0
"CA5410001","outside","total",60.5,0,144.95,84.45,0,0,0
"CA5410001","outside","water",27.1,0,63.7,36.6,0,0,0
"CA5410002","inside","sewer",33.7,0,33.7,0,0,0,0
"CA5410002","inside","storm",0,0,0,0,0,0,0
"CA5410002","inside","total",45.79,0,91.09,0,0,0,0
"CA5410002","inside","water",12.09,0,57.39,45.3,0,0,0
"CA5410003","inside","sewer",26.06,0,26.06,0,0,0,0
"CA5410003","inside","storm",0,0,0,0,0,0,0
"CA5410003","inside","total",53.84,0,71.38,0,0,0,0
"CA5410003","inside","water",27.78,0,45.32,17.54,0,0,0
"CA5410004","inside","sewer",56.61,0,56.61,0,0,0,0
"CA5410004","inside","storm",0,0,0,0,0,0,0
"CA5410004","inside","total",82.02,0,86.38,0,0,0,0
"CA5410004","inside","water",25.41,0,29.77,4.36,0,0,0
"CA5410010","inside","sewer",26.87,0,26.87,0,0,0,0
"CA5410010","inside","storm",0,0,0,0,0,0,0
"CA5410010","inside","total",46.76,0,87.36,0,2.3,0,0
"CA5410010","inside","water",19.89,0,60.49,38.3,2.3,0,0
"CA5410010","outside","sewer",26.87,0,26.87,0,0,0,0
"CA5410010","outside","total",46.76,0,85.06,0,0,0,0
"CA5410010","outside","water",19.89,0,58.19,38.3,0,0,0
"CA5410014","inside","sewer",21.5,0,21.5,0,0,0,0
"CA5410014","inside","storm",0,0,0,0,0,0,0
"CA5410014","inside","total",54.25,0,54.25,0,0,0,0
"CA5410014","inside","water",32.75,0,32.75,0,0,0,0
"CA5410015","inside","sewer",53.9,0,53.9,0,0,0,0
"CA5410015","inside","storm",0,0,0,0,0,0,0
"CA5410015","inside","total",70.6,0,87.6,0,0,0,0
"CA5410015","inside","water",16.7,0,33.7,17,0,0,0
"CA5410020","inside","sewer",59.5,0,59.5,0,0,0,0
"CA5410020","inside","storm",0,0,0,0,0,0,0
"CA5410020","inside","total",93.1,0,94.35,0,0,0,0
"CA5410020","inside","water",33.6,0,34.85,1.25,0,0,0
"CA5500363","inside","sewer",51,0,51,0,0,0,0
"CA5500363","inside","storm",0,0,0,0,0,0,0
"CA5500363","inside","total",115.5,0,170.04,0,0,0,0
"CA5500363","inside","water",64.5,0,119.04,54.54,0,0,0
"CA5510001","inside","sewer",51,0,51,0,0,0,0
"CA5510001","inside","storm",0,0,0,0,0,0,0
"CA5510001","inside","total",115.5,0,166.83,0,0,0,0
"CA5510001","inside","water",64.5,0,115.83,51.33,0,0,0
"CA5510002","inside","sewer",51,0,51,0,0,0,0
"CA5510002","inside","storm",0,0,0,0,0,0,0
"CA5510002","inside","total",115.5,0,170.04,0,0,0,0
"CA5510002","inside","water",64.5,0,119.04,54.54,0,0,0
"CA5510003","inside","sewer",51,0,51,0,0,0,0
"CA5510003","inside","storm",0,0,0,0,0,0,0
"CA5510003","inside","total",115.5,0,170.04,0,0,0,0
"CA5510003","inside","water",64.5,0,119.04,54.54,0,0,0
"CA5510005","inside","sewer",58.5,0,58.5,0,0,0,0
"CA5510005","inside","storm",0,0,0,0,0,0,0
"CA5510005","inside","total",120,0,173.38,0,0,0,0
"CA5510005","inside","water",61.5,0,114.88,53.38,0,0,0
"CA5510009","inside","sewer",83.59,20.42,268.86,164.85,0,0,0
"CA5510009","inside","storm",0,0,0,0,0,0,0
"CA5510009","inside","total",123.23,35.99,526.44,367.22,0,0,0
"CA5510009","inside","water",39.64,15.57,257.58,202.37,0,0,0
"CA5510013","inside","sewer",51,0,51,0,0,0,0
"CA5510013","inside","storm",0,0,0,0,0,0,0
"CA5510013","inside","total",115.5,0,170.04,0,0,0,0
"CA5510013","inside","water",64.5,0,119.04,54.54,0,0,0
"CA5510015","inside","sewer",51,0,51,0,0,0,0
"CA5510015","inside","storm",0,0,0,0,0,0,0
"CA5510015","inside","total",115.5,0,170.04,0,0,0,0
"CA5510015","inside","water",64.5,0,119.04,54.54,0,0,0
"CA5510021","inside","sewer",51,0,51,0,0,0,0
"CA5510021","inside","storm",0,0,0,0,0,0,0
"CA5510021","inside","total",115.5,0,170.04,0,0,0,0
"CA5510021","inside","water",64.5,0,119.04,54.54,0,0,0
"CA5510025","inside","sewer",51,0,51,0,0,0,0
"CA5510025","inside","storm",0,0,0,0,0,0,0
"CA5510025","inside","total",115.5,0,170.04,0,0,0,0
"CA5510025","inside","water",64.5,0,119.04,54.54,0,0,0
"CA5510033","inside","sewer",51,0,51,0,0,0,0
"CA5510033","inside","storm",0,0,0,0,0,0,0
"CA5510033","inside","total",115.5,0,170.04,0,0,0,0
"CA5510033","inside","water",64.5,0,119.04,54.54,0,0,0
"CA5610002","inside","sewer",103.36,0,103.36,0,0,0,0
"CA5610002","inside","storm",0,0,0,0,0,0,0
"CA5610002","inside","total",146.32,0,189.5,0,0,0,0
"CA5610002","inside","water",42.96,0,86.14,43.18,0,0,0
"CA5610005","inside","sewer",57.3,1.34,58.64,0,0,0,0
"CA5610005","inside","storm",0,0,0,0,0,0,0
"CA5610005","inside","total",93.21,1.34,141.47,0,0,0,0
"CA5610005","inside","water",35.91,0,82.83,46.92,0,0,0
"CA5610007","inside","sewer",34.94,0,73.48,38.54,0,0,0
"CA5610007","inside","storm",0,0,0,0,0,0,0
"CA5610007","inside","total",56.2,0,188.68,132.48,0,0,0
"CA5610007","inside","water",21.26,0,115.2,93.94,0,0,0
"CA5610008","inside","sewer",56.95,0,56.95,0,0,0,0
"CA5610008","inside","storm",0,0,0,0,0,0,0
"CA5610008","inside","total",79.45,0,151.03,0,0,0,0
"CA5610008","inside","water",22.5,0,94.08,71.58,0,0,0
"CA5610009","inside","sewer",36,0,36,0,0,0,0
"CA5610009","inside","storm",0,0,0,0,0,0,0
"CA5610009","inside","total",61.79,0,193.66,0,0,0,0
"CA5610009","inside","water",25.79,0,157.66,131.87,0,0,0
"CA5610011","inside","sewer",78.49,5.89,119.47,35.09,0,0,0
"CA5610011","inside","storm",0,0,0,0,0,0,0
"CA5610011","inside","total",120.95,5.89,231.51,104.67,0,0,0
"CA5610011","inside","water",42.46,0,112.04,69.58,0,0,0
"CA5610014","inside","sewer",57.3,2.34,59.64,0,0,0,0
"CA5610014","inside","storm",0,0,0,0,0,0,0
"CA5610014","inside","total",86.05,2.34,107.94,0,0,0,0
"CA5610014","inside","water",28.75,0,48.3,19.55,0,0,0
"CA5610017","inside","sewer",12.84,2.3,71.54,56.4,0,0,0
"CA5610017","inside","storm",0,0,0,0,0,0,0
"CA5610017","inside","total",29.68,2.3,185.1,153.12,0,0,0
"CA5610017","inside","water",16.84,0,113.56,96.72,0,0,0
"CA5610017","outside","sewer",12.84,0,69.24,56.4,0,0,0
"CA5610017","outside","total",29.68,0,194.82,165.14,0,0,0
"CA5610017","outside","water",16.84,0,125.58,108.74,0,0,0
"CA5610018","inside","sewer",28,0,28,0,0,0,0
"CA5610018","inside","storm",0,0,0,0,0,0,0
"CA5610018","inside","total",42.02,0,128.92,0,0,0,0
"CA5610018","inside","water",14.02,0,100.92,86.9,0,0,0
"CA5610019","inside","sewer",55.83,0,55.83,0,0,0,0
"CA5610019","inside","storm",0,0,0,0,0,0,0
"CA5610019","inside","total",79.65,0,138.25,0,0,0,0
"CA5610019","inside","water",23.82,0,82.42,58.6,0,0,0
"CA5610020","inside","sewer",29.95,0,29.95,0,0,0,0
"CA5610020","inside","storm",0,0,0,0,0,0,0
"CA5610020","inside","total",56.04,0,163.79,0,0,0,0
"CA5610020","inside","water",26.09,0,133.84,107.75,0,0,0
"CA5610022","inside","sewer",57.3,1.34,58.64,0,0,0,0
"CA5610022","inside","storm",0,0,0,0,0,0,0
"CA5610022","inside","total",59.3,1.34,199.05,0,0,0,0
"CA5610022","inside","water",2,0,140.41,138.41,0,0,0
"CA5610023","inside","sewer",42.24,0,42.24,0,0,0,0
"CA5610023","inside","storm",0,0,0,0,0,0,0
"CA5610023","inside","total",72.74,0,149.95,0,0,0,0
"CA5610023","inside","water",30.5,0,107.71,77.21,0,0,0
"CA5610024","inside","sewer",57.3,1.59,58.89,0,0,0,0
"CA5610024","inside","storm",0,0,0,0,0,0,0
"CA5610024","inside","total",97.69,3.1,128.37,0,0,0,0
"CA5610024","inside","water",40.39,1.51,69.48,27.58,0,0,0
"CA5610039","inside","sewer",26.4,0,142.58,116.18,0,0,0
"CA5610039","inside","storm",0,0,0,0,0,0,0
"CA5610039","inside","total",70.98,0,396.31,325.33,0,0,0
"CA5610039","inside","water",44.58,0,253.73,209.15,0,0,0
"CA5610058","inside","sewer",55.83,0,55.83,0,0,0,0
"CA5610058","inside","storm",0,0,0,0,0,0,0
"CA5610058","inside","total",64.83,0,155.41,0,0,0,0
"CA5610058","inside","water",9,0,99.58,90.58,0,0,0
"CA5610059","inside","sewer",44.48,0,44.48,0,0,0,0
"CA5610059","inside","storm",0,0,0,0,0,0,0
"CA5610059","inside","total",69.68,0,155.24,0,0,0,0
"CA5610059","inside","water",25.2,0,110.76,85.56,0,0,0
"CA5610063","inside","sewer",43.03,0,43.03,0,0,0,0
"CA5610063","inside","storm",0,0,0,0,0,0,0
"CA5610063","inside","total",56.29,0,131.86,0,0,0,0
"CA5610063","inside","water",13.26,0,88.83,75.57,0,0,0
"CA5710001","inside","sewer",18.26,3.94,84.96,62.76,0,0,0
"CA5710001","inside","storm",0,0,0,0,0,0,0
"CA5710001","inside","total",31.33,3.94,198.49,163.22,0,0,0
"CA5710001","inside","water",13.07,0,113.53,100.46,0,0,0
"CA5710001","outside","sewer",18.26,0,81.02,62.76,0,0,0
"CA5710001","outside","total",33.94,0,217.25,183.31,0,0,0
"CA5710001","outside","water",15.68,0,136.23,120.55,0,0,0
"CA5710003","inside","sewer",10.88,0,10.88,0,0,0,0
"CA5710003","inside","storm",0,0,0,0,0,0,0
"CA5710003","inside","total",35.49,0,84.22,0,0,0,0
"CA5710003","inside","water",24.61,0,73.34,48.73,0,0,0
"CA5710005","inside","sewer",0,0,32.48,32.48,0,0,0
"CA5710005","inside","storm",0,0,0,0,0,0,0
"CA5710005","inside","total",0,0,93.2,60.68,0,0,0
"CA5710005","inside","water",32.52,0,60.72,28.2,0,0,0
"CA5710006","inside","sewer",62.15,0,62.15,0,0,0,0
"CA5710006","inside","storm",0,0,0,0,0,0,0
"CA5710006","inside","total",117.8,0,204.08,0,0,0,0
"CA5710006","inside","water",55.65,0,141.93,86.28,0,0,0
"CA5710007","inside","sewer",54.5,0,54.5,0,0,0,0
"CA5710007","inside","storm",0,0,0,0,0,0,0
"CA5710007","inside","total",99.54,0,128.02,0,0,0,0
"CA5710007","inside","water",45.04,0,73.52,28.48,0,0,0
"CA5805001","inside","sewer",40,0,40,0,0,0,0
"CA5805001","inside","storm",0,0,0,0,0,0,0
"CA5805001","inside","total",59.5,0,86.88,0,0,0,0
"CA5805001","inside","water",19.5,0,46.88,27.38,0,0,0
"CA5810002","inside","sewer",36.8,0,36.8,0,0,0,0
"CA5810002","inside","storm",0,0,0,0,0,0,0
"CA5810002","inside","total",49.1,0,70.15,0,0,0,0
"CA5810002","inside","water",12.3,0,33.35,21.05,0,0,0
"CA5810003","inside","sewer",40,0,40,0,0,0,0
"CA5810003","inside","storm",0,0,0,0,0,0,0
"CA5810003","inside","total",59.5,0,86.88,0,0,0,0
"CA5810003","inside","water",19.5,0,46.88,27.38,0,0,0
"CA5810004","inside","sewer",59.77,0,59.77,0,0,0,0
"CA5810004","inside","storm",0,0,0,0,0,0,0
"CA5810004","inside","total",108.71,0,128.41,0,0,0,0
"CA5810004","inside","water",48.94,0,68.64,19.7,0,0,0
"NC0100010","inside","sewer",21.5,0,109.36,87.86,0,0,0
"NC0100010","inside","storm",0,0,0,0,0,0,0
"NC0100010","inside","total",43,0,228.71,185.71,0,0,0
"NC0100010","inside","water",21.5,0,119.35,97.85,0,0,0
"NC0100010","outside","sewer",43,0,218.79,175.79,0,0,0
"NC0100010","outside","total",86,0,447.56,361.56,0,0,0
"NC0100010","outside","water",43,0,228.77,185.77,0,0,0
"NC0102010","inside","sewer",18.5,0,95.44,69.44,0,0,7.5
"NC0102010","inside","storm",0,0,0,0,0,0,0
"NC0102010","inside","total",37,0,190.88,138.88,0,0,15
"NC0102010","inside","water",18.5,0,95.44,69.44,0,0,7.5
"NC0102010","outside","sewer",35.25,0,185.77,135.52,0,0,15
"NC0102010","outside","total",70.5,0,371.54,271.04,0,0,30
"NC0102010","outside","water",35.25,0,185.77,135.52,0,0,15
"NC0102015","inside","sewer",32.89,0,32.89,0,0,0,0
"NC0102015","inside","storm",0,0,0,0,0,0,0
"NC0102015","inside","total",49.89,0,111.64,0,0,0,0
"NC0102015","inside","water",17,0,78.75,61.75,0,0,0
"NC0102020","inside","sewer",21.84,0,57.69,35.85,0,0,0
"NC0102020","inside","storm",0,0,0,0,0,0,0
"NC0102020","inside","total",55.2,0,127.35,72.15,0,0,0
"NC0102020","inside","water",33.36,0,69.66,36.3,0,0,0
"NC0103010","inside","sewer",13.96,0,93.64,79.68,0,0,0
"NC0103010","inside","storm",0,0,0,0,0,0,0
"NC0103010","inside","total",30.71,0,206.84,176.13,0,0,0
"NC0103010","inside","water",16.75,0,113.2,96.45,0,0,0
"NC0103010","outside","sewer",20.53,0,192.64,172.11,0,0,0
"NC0103010","outside","total",45.18,0,400.71,355.53,0,0,0
"NC0103010","outside","water",24.65,0,208.07,183.42,0,0,0
"NC0105010","inside","sewer",13.25,0,105.08,91.83,0,0,0
"NC0105010","inside","storm",0,0,0,0,0,0,0
"NC0105010","inside","total",26.55,0,218.89,192.34,0,0,0
"NC0105010","inside","water",13.3,0,113.81,100.51,0,0,0
"NC0105010","outside","sewer",26.5,0,210.17,183.67,0,0,0
"NC0105010","outside","total",53.1,0,437.8,384.7,0,0,0
"NC0105010","outside","water",26.6,0,227.63,201.03,0,0,0
"NC0105015","inside","sewer",6.83,0,51.81,44.98,0,0,0
"NC0105015","inside","storm",0,0,0,0,0,0,0
"NC0105015","inside","total",34.26,0,126.02,91.76,0,0,0
"NC0105015","inside","water",27.43,0,74.21,46.78,0,0,0
"NC0105015","outside","sewer",13.66,0,103.61,89.95,0,0,0
"NC0105015","outside","total",68.52,0,251.98,183.46,0,0,0
"NC0105015","outside","water",54.86,0,148.37,93.51,0,0,0
"NC0105020","inside","sewer",19,0,64.5,45.5,0,0,0
"NC0105020","inside","storm",0,0,0,0,0,0,0
"NC0105020","inside","total",33,0,117.5,84.5,0,0,0
"NC0105020","inside","water",14,0,53,39,0,0,0
"NC0106010","inside","sewer",18.5,0,78.99,60.49,0,0,0
"NC0106010","inside","storm",0,0,0,0,0,0,0
"NC0106010","inside","total",40,0,127.99,87.99,0,0,0
"NC0106010","inside","water",21.5,0,49,27.5,0,0,0
"NC0106010","outside","sewer",22.5,0,93.99,71.49,0,0,0
"NC0106010","outside","total",48,0,157.99,109.99,0,0,0
"NC0106010","outside","water",25.5,0,64,38.5,0,0,0
"NC0106015","inside","sewer",24.5,0,108.42,83.92,0,0,0
"NC0106015","inside","storm",0,0,0,0,0,0,0
"NC0106015","inside","total",49,0,216.69,167.69,0,0,0
"NC0106015","inside","water",24.5,0,108.27,83.77,0,0,0
"NC0106015","outside","sewer",48,0,293.94,245.94,0,0,0
"NC0106015","outside","total",97,0,510.51,413.51,0,0,0
"NC0106015","outside","water",49,0,216.57,167.57,0,0,0
"NC0106025","inside","sewer",20,0,52.62,32.62,0,0,0
"NC0106025","inside","storm",0,0,0,0,0,0,0
"NC0106025","inside","total",37,0,102.24,65.24,0,0,0
"NC0106025","inside","water",17,0,49.62,32.62,0,0,0
"NC0106025","outside","sewer",40,0,105.22,65.22,0,0,0
"NC0106025","outside","total",74,0,204.44,130.44,0,0,0
"NC0106025","outside","water",34,0,99.22,65.22,0,0,0
"NC0106107","inside","sewer",46.31,0,100.61,54.3,0,0,0
"NC0106107","inside","storm",0,0,0,0,0,0,0
"NC0106107","inside","total",73.84,0,234.34,160.5,0,0,0
"NC0106107","inside","water",27.53,0,133.73,106.2,0,0,0
"NC0111010","inside","sewer",8.95,2.45,106.25,94.85,0,0,0
"NC0111010","inside","storm",0,0,5.1,0,0,0,0
"NC0111010","inside","total",15.29,6.71,201.27,179.27,0,0,0
"NC0111010","inside","water",6.34,4.26,95.02,84.42,0,0,0
"NC0111010","outside","sewer",8.95,2.45,106.45,95.05,0,0,0
"NC0111010","outside","total",15.29,6.71,201.47,179.47,0,0,0
"NC0111010","outside","water",6.34,4.26,95.02,84.42,0,0,0
"NC0111020","inside","sewer",8.95,2.45,106.25,94.85,0,0,0
"NC0111020","inside","storm",0,0,0,0,0,0,0
"NC0111020","inside","total",15.4,2.45,206.45,188.6,0,0,0
"NC0111020","inside","water",6.45,0,100.2,93.75,0,0,0
"NC0111020","outside","sewer",8.95,2.45,106.45,95.05,0,0,0
"NC0111020","outside","total",15.4,2.45,265.6,247.75,0,0,0
"NC0111020","outside","water",6.45,0,159.15,152.7,0,0,0
"NC0111030","inside","sewer",8.52,0,103.17,94.65,0,0,0
"NC0111030","inside","storm",0,0,0,0,0,0,0
"NC0111030","inside","total",22.59,0,208.41,185.82,0,0,0
"NC0111030","inside","water",14.07,0,105.24,91.17,0,0,0
"NC0111484","inside","sewer",8.95,2.45,106.25,94.85,0,0,0
"NC0111484","inside","storm",0,0,0,0,0,0,0
"NC0111484","inside","total",23.3,2.45,194.85,169.1,0,0,0
"NC0111484","inside","water",14.35,0,88.6,74.25,0,0,0
"NC0112010","inside","sewer",6.95,0,35.15,28.2,0,0,0
"NC0112010","inside","storm",0,0,0,0,0,0,0
"NC0112010","inside","total",39.75,0,106.95,67.2,0,0,0
"NC0112010","inside","water",32.8,0,71.8,39,0,0,0
"NC0112010","outside","sewer",13,0,65.8,52.8,0,0,0
"NC0112010","outside","total",64.15,0,189.54,125.39,0,0,0
"NC0112010","outside","water",51.15,0,123.74,72.59,0,0,0
"NC0112015","inside","sewer",16.33,0,70.51,50.7,0,0,3.48
"NC0112015","inside","storm",0,0,0,0,0,0,0
"NC0112015","inside","total",25.33,0,98.26,69.45,0,0,3.48
"NC0112015","inside","water",9,0,27.75,18.75,0,0,0
"NC0112015","outside","sewer",24.3,6.86,132.56,101.4,0,0,0
"NC0112015","outside","total",38.85,6.86,184.61,138.9,0,0,0
"NC0112015","outside","water",14.55,0,52.05,37.5,0,0,0
"NC0112045","inside","sewer",17.4,0,36.6,19.2,0,0,0
"NC0112045","inside","storm",0,0,0,0,0,0,0
"NC0112045","inside","total",34.8,0,69.6,34.8,0,0,0
"NC0112045","inside","water",17.4,0,33,15.6,0,0,0
"NC0112045","outside","sewer",34.65,0,70.05,35.4,0,0,0
"NC0112045","outside","total",69.3,0,134.1,64.8,0,0,0
"NC0112045","outside","water",34.65,0,64.05,29.4,0,0,0
"NC0112055","inside","sewer",19,0,78.99,59.99,0,0,0
"NC0112055","inside","storm",0,0,0,0,0,0,0
"NC0112055","inside","total",50,0,175.98,125.98,0,0,0
"NC0112055","inside","water",31,0,96.99,65.99,0,0,0
"NC0112055","outside","sewer",38,0,97.99,59.99,0,0,0
"NC0112055","outside","total",86,0,211.98,125.98,0,0,0
"NC0112055","outside","water",48,0,113.99,65.99,0,0,0
"NC0112060","inside","sewer",32.89,0,32.89,0,0,0,0
"NC0112060","inside","storm",0,0,0,0,0,0,0
"NC0112060","inside","total",57.89,0,104.69,0,0,0,0
"NC0112060","inside","water",25,0,71.8,46.8,0,0,0
"NC0112065","inside","sewer",24,0,106.5,82.5,0,0,0
"NC0112065","inside","storm",0,0,0,0,0,0,0
"NC0112065","inside","total",48,0,208.59,160.59,0,0,0
"NC0112065","inside","water",24,0,102.09,78.09,0,0,0
"NC0112103","inside","sewer",32.89,0,32.89,0,0,0,0
"NC0112103","inside","storm",0,0,0,0,0,0,0
"NC0112103","inside","total",49.89,0,124.81,0,0,0,0
"NC0112103","inside","water",17,0,91.92,74.92,0,0,0
"NC0113010","inside","sewer",3.39,0,87.69,84.3,0,0,0
"NC0113010","inside","storm",0,0,5.12,0,0,0,0
"NC0113010","inside","total",7.43,0,196.27,188.84,0,0,0
"NC0113010","inside","water",4.04,0,108.58,104.54,0,0,0
"NC0113010","outside","sewer",3.8,0,104.9,101.1,0,0,0
"NC0113010","outside","total",8.34,0,282.3,273.96,0,0,0
"NC0113010","outside","water",4.54,0,177.4,172.86,0,0,0
"NC0113020","inside","sewer",25.45,0,120.69,95.24,0,0,0
"NC0113020","inside","storm",0,0,0,0,0,0,0
"NC0113020","inside","total",48.93,0,199.81,150.88,0,0,0
"NC0113020","inside","water",23.48,0,79.12,55.64,0,0,0
"NC0113020","outside","sewer",25.45,0,120.69,95.24,0,0,0
"NC0113020","outside","total",66.54,0,259.27,192.73,0,0,0
"NC0113020","outside","water",41.09,0,138.58,97.49,0,0,0
"NC0113025","inside","sewer",9.07,0,108.9,99.83,0,0,0
"NC0113025","inside","storm",0,0,5.62,0,0,0,0
"NC0113025","inside","total",20.44,0,228.35,207.91,0,0,0
"NC0113025","inside","water",11.37,0,119.45,108.08,0,0,0
"NC0113025","outside","sewer",13.39,0,155.73,142.34,0,0,0
"NC0113025","outside","total",29.64,0,311.59,281.95,0,0,0
"NC0113025","outside","water",16.25,0,155.86,139.61,0,0,0
"NC0114010","inside","sewer",9.24,0,63.98,54.74,0,0,0
"NC0114010","inside","storm",0,0,0,0,0,0,0
"NC0114010","inside","total",19.78,0,121.14,101.36,0,0,0
"NC0114010","inside","water",10.54,0,57.16,46.62,0,0,0
"NC0114010","outside","sewer",18.49,0,128.1,109.61,0,0,0
"NC0114010","outside","total",39.57,0,242.55,202.98,0,0,0
"NC0114010","outside","water",21.08,0,114.45,93.37,0,0,0
"NC0114025","inside","sewer",32.89,0,32.89,0,0,0,0
"NC0114025","inside","storm",0,0,0,0,0,0,0
"NC0114025","inside","total",51.64,0,115.83,0,0,0,0
"NC0114025","inside","water",18.75,0,82.94,64.19,0,0,0
"NC0114030","inside","sewer",16.18,0,63.13,46.95,0,0,0
"NC0114030","inside","storm",0,0,0,0,0,0,0
"NC0114030","inside","total",42.28,0,133.03,90.75,0,0,0
"NC0114030","inside","water",26.1,0,69.9,43.8,0,0,0
"NC0114030","outside","sewer",28.41,0,110.31,81.9,0,0,0
"NC0114030","outside","total",74.1,0,232.79,158.69,0,0,0
"NC0114030","outside","water",45.69,0,122.48,76.79,0,0,0
"NC0114035","inside","sewer",15.6,0,122.85,107.25,0,0,0
"NC0114035","inside","storm",0,0,0,0,0,0,0
"NC0114035","inside","total",31.2,0,216.45,185.25,0,0,0
"NC0114035","inside","water",15.6,0,93.6,78,0,0,0
"NC0114035","outside","sewer",31.2,0,245.7,214.5,0,0,0
"NC0114035","outside","total",62.4,0,432.9,370.5,0,0,0
"NC0114035","outside","water",31.2,0,187.2,156,0,0,0
"NC0114040","inside","sewer",27.15,0,125.94,98.79,0,0,0
"NC0114040","inside","storm",0,0,0,0,0,0,0
"NC0114040","inside","total",47.75,0,235.52,187.77,0,0,0
"NC0114040","inside","water",20.6,0,109.58,88.98,0,0,0
"NC0114040","outside","sewer",27.15,0,125.94,98.79,0,0,0
"NC0114040","outside","total",68.35,0,345.12,276.77,0,0,0
"NC0114040","outside","water",41.2,0,219.18,177.98,0,0,0
"NC0118010","inside","sewer",16.08,0,64.08,48,0,0,0
"NC0118010","inside","storm",0,0,0,0,0,0,0
"NC0118010","inside","total",32.76,0,105.06,72.3,0,0,0
"NC0118010","inside","water",16.68,0,40.98,24.3,0,0,0
"NC0118010","outside","sewer",32.16,0,80.76,48.6,0,0,0
"NC0118010","outside","total",65.52,0,162.72,97.2,0,0,0
"NC0118010","outside","water",33.36,0,81.96,48.6,0,0,0
"NC0118015","inside","sewer",33.29,0,103.24,69.95,0,0,0
"NC0118015","inside","storm",0,0,0,0,0,0,0
"NC0118015","inside","total",60.8,0,170.11,109.31,0,0,0
"NC0118015","inside","water",27.51,0,66.87,39.36,0,0,0
"NC0118015","outside","sewer",66.55,0,206.1,139.55,0,0,0
"NC0118015","outside","total",121.51,0,339.77,218.26,0,0,0
"NC0118015","outside","water",54.96,0,133.67,78.71,0,0,0
"NC0118020","inside","sewer",13.79,0,69.74,55.95,0,0,0
"NC0118020","inside","storm",0,0,0,0,0,0,0
"NC0118020","inside","total",27.84,0,115.89,88.05,0,0,0
"NC0118020","inside","water",14.05,0,46.15,32.1,0,0,0
"NC0118020","outside","sewer",27.58,0,139.33,111.75,0,0,0
"NC0118020","outside","total",55.68,0,231.63,175.95,0,0,0
"NC0118020","outside","water",28.1,0,92.3,64.2,0,0,0
"NC0118025","inside","sewer",21.62,0,50.3,28.68,0,0,0
"NC0118025","inside","storm",0,0,0,0,0,0,0
"NC0118025","inside","total",42.27,0,100.35,58.08,0,0,0
"NC0118025","inside","water",20.65,0,50.05,29.4,0,0,0
"NC0118025","outside","sewer",43.24,0,100.48,57.24,0,0,0
"NC0118025","outside","total",84.53,0,200.57,116.04,0,0,0
"NC0118025","outside","water",41.29,0,100.09,58.8,0,0,0
"NC0118030","inside","sewer",16.47,0,79.7,63.23,0,0,0
"NC0118030","inside","storm",0,0,0,0,0,0,0
"NC0118030","inside","total",32.63,0,133.78,101.15,0,0,0
"NC0118030","inside","water",16.16,0,54.08,37.92,0,0,0
"NC0118030","outside","sewer",32.93,0,164.2,131.27,0,0,0
"NC0118030","outside","total",65.25,0,272.35,207.1,0,0,0
"NC0118030","outside","water",32.32,0,108.15,75.83,0,0,0
"NC0118035","inside","sewer",22.95,0,105.75,82.8,0,0,0
"NC0118035","inside","storm",0,0,0,0,0,0,0
"NC0118035","inside","total",37.27,0,171.22,133.95,0,0,0
"NC0118035","inside","water",14.32,0,65.47,51.15,0,0,0
"NC0118035","outside","sewer",45.9,0,211.8,165.9,0,0,0
"NC0118035","outside","total",74.54,0,342.74,268.2,0,0,0
"NC0118035","outside","water",28.64,0,130.94,102.3,0,0,0
"NC0118040","inside","sewer",32.16,0,128.01,95.85,0,0,0
"NC0118040","inside","storm",0,0,0,0,0,0,0
"NC0118040","inside","total",65.52,0,209.9,144.38,0,0,0
"NC0118040","inside","water",33.36,0,81.89,48.53,0,0,0
"NC0120010","inside","sewer",12,0,37.85,25.85,0,0,0
"NC0120010","inside","storm",0,0,0,0,0,0,0
"NC0120010","inside","total",32.6,0,119.75,87.15,0,0,0
"NC0120010","inside","water",20.6,0,81.9,61.3,0,0,0
"NC0120010","outside","sewer",24,0,75.7,51.7,0,0,0
"NC0120010","outside","total",65.2,0,236.74,171.54,0,0,0
"NC0120010","outside","water",41.2,0,161.04,119.84,0,0,0
"NC0120020","inside","sewer",28,0,117.99,89.99,0,0,0
"NC0120020","inside","storm",0,0,0,0,0,0,0
"NC0120020","inside","total",56,0,235.98,179.98,0,0,0
"NC0120020","inside","water",28,0,117.99,89.99,0,0,0
"NC0120020","outside","sewer",56,0,175.99,119.99,0,0,0
"NC0120020","outside","total",112,0,351.98,239.98,0,0,0
"NC0120020","outside","water",56,0,175.99,119.99,0,0,0
"NC0122010","inside","sewer",27.6,0,89.48,61.88,0,0,0
"NC0122010","inside","storm",0,0,0,0,0,0,0
"NC0122010","inside","total",55.2,0,178.96,123.76,0,0,0
"NC0122010","inside","water",27.6,0,89.48,61.88,0,0,0
"NC0123010","inside","sewer",19.97,0,84.32,64.35,0,0,0
"NC0123010","inside","storm",0,0,2.5,0,0,0,0
"NC0123010","inside","total",33.64,0,133.24,99.6,0,0,0
"NC0123010","inside","water",13.67,0,48.92,35.25,0,0,0
"NC0123010","outside","sewer",32.02,0,140.02,108,0,0,0
"NC0123010","outside","total",57.83,0,235.73,177.9,0,0,0
"NC0123010","outside","water",25.81,0,95.71,69.9,0,0,0
"NC0123020","inside","sewer",16.19,0,59.99,43.8,0,0,0
"NC0123020","inside","storm",0,0,2.5,0,0,0,0
"NC0123020","inside","total",29.82,0,112.62,82.8,0,0,0
"NC0123020","inside","water",13.63,0,52.63,39,0,0,0
"NC0123020","outside","sewer",30.94,0,126.64,95.7,0,0,0
"NC0123020","outside","total",56.91,0,234.66,177.75,0,0,0
"NC0123020","outside","water",25.97,0,108.02,82.05,0,0,0
"NC0123025","inside","sewer",18.5,0,96.49,77.99,0,0,0
"NC0123025","inside","storm",0,0,0,0,0,0,0
"NC0123025","inside","total",37,0,192.98,155.98,0,0,0
"NC0123025","inside","water",18.5,0,96.49,77.99,0,0,0
"NC0123025","outside","sewer",30,0,146.99,116.99,0,0,0
"NC0123025","outside","total",60,0,293.98,233.98,0,0,0
"NC0123025","outside","water",30,0,146.99,116.99,0,0,0
"NC0123030","inside","sewer",25.14,0,134.59,109.45,0,0,0
"NC0123030","inside","storm",0,0,0,0,0,0,0
"NC0123030","inside","total",42.81,0,223.36,180.55,0,0,0
"NC0123030","inside","water",17.67,0,88.77,71.1,0,0,0
"NC0123030","outside","sewer",53,0,282.17,229.17,0,0,0
"NC0123030","outside","total",82.59,0,431.09,348.5,0,0,0
"NC0123030","outside","water",29.59,0,148.92,119.33,0,0,0
"NC0123035","inside","sewer",23.55,0,124.5,100.95,0,0,0
"NC0123035","inside","storm",0,0,0,0,0,0,0
"NC0123035","inside","total",36.75,0,207.89,171.14,0,0,0
"NC0123035","inside","water",13.2,0,83.39,70.19,0,0,0
"NC0123035","outside","sewer",24.67,0,130.42,105.75,0,0,0
"NC0123035","outside","total",37.87,0,213.81,175.94,0,0,0
"NC0123035","outside","water",13.2,0,83.39,70.19,0,0,0
"NC0123045","inside","sewer",12.5,0,124.25,111.75,0,0,0
"NC0123045","inside","storm",0,0,0,0,0,0,0
"NC0123045","inside","total",21.5,0,230,208.5,0,0,0
"NC0123045","inside","water",9,0,105.75,96.75,0,0,0
"NC0136010","inside","sewer",16.5,0,76.2,59.7,0,0,0
"NC0136010","inside","storm",0,0,0,0,0,0,0
"NC0136010","inside","total",28.9,0,133.93,105.03,0,0,0
"NC0136010","inside","water",12.4,0,57.73,45.33,0,0,0
"NC0136010","outside","sewer",26.5,0,130.15,103.65,0,0,0
"NC0136010","outside","total",48.2,0,242.52,194.32,0,0,0
"NC0136010","outside","water",21.7,0,112.37,90.67,0,0,0
"NC0136015","inside","sewer",17.28,0,133.75,116.47,0,0,0
"NC0136015","inside","storm",0,0,5,0,0,0,0
"NC0136015","inside","total",31.95,0,246.7,214.75,0,0,0
"NC0136015","inside","water",14.67,0,112.95,98.28,0,0,0
"NC0136015","outside","sewer",34.56,0,267.5,232.94,0,0,0
"NC0136015","outside","total",63.9,0,493.41,429.51,0,0,0
"NC0136015","outside","water",29.34,0,225.91,196.57,0,0,0
"NC0136020","inside","sewer",9.4,6.3,69.25,53.55,0,0,0
"NC0136020","inside","storm",0,0,2.5,0,0,0,0
"NC0136020","inside","total",17.9,9.65,128.15,100.6,0,0,0
"NC0136020","inside","water",8.5,3.35,58.9,47.05,0,0,0
"NC0136020","outside","sewer",16.7,12.6,136.37,107.07,0,0,0
"NC0136020","outside","total",31.5,19.3,251.94,201.14,0,0,0
"NC0136020","outside","water",14.8,6.7,115.57,94.07,0,0,0
"NC0136025","inside","sewer",14.6,0,160.19,145.59,0,0,0
"NC0136025","inside","storm",0,0,3.07,0,0,0,0
"NC0136025","inside","total",25.35,0,256.73,231.38,0,0,0
"NC0136025","inside","water",10.75,0,96.54,85.79,0,0,0
"NC0136025","outside","sewer",29.2,0,320.38,291.18,0,0,0
"NC0136025","outside","total",50.7,0,513.47,462.77,0,0,0
"NC0136025","outside","water",21.5,0,193.09,171.59,0,0,0
"NC0136030","inside","sewer",16,0,78.92,62.92,0,0,0
"NC0136030","inside","storm",0,0,0,0,0,0,0
"NC0136030","inside","total",32,0,171.09,139.09,0,0,0
"NC0136030","inside","water",16,0,92.17,76.17,0,0,0
"NC0136030","outside","sewer",32,0,157.83,125.83,0,0,0
"NC0136030","outside","total",64,0,315.66,251.66,0,0,0
"NC0136030","outside","water",32,0,157.83,125.83,0,0,0
"NC0136034","inside","sewer",0,0,123.15,96.15,27,0,0
"NC0136034","inside","storm",0,0,0,0,0,0,0
"NC0136034","inside","total",0,0,223.94,192.3,27,0,0
"NC0136034","inside","water",4.64,0,100.79,96.15,0,0,0
"NC0136034","outside","sewer",0,0,192.45,192.45,0,0,0
"NC0136034","outside","total",0,0,389.54,384.9,0,0,0
"NC0136034","outside","water",4.64,0,197.09,192.45,0,0,0
"NC0136045","inside","sewer",4.1,0,142.55,138.45,0,0,0
"NC0136045","inside","storm",0,0,0,0,0,0,0
"NC0136045","inside","total",7.83,0,223.68,215.85,0,0,0
"NC0136045","inside","water",3.73,0,81.13,77.4,0,0,0
"NC0136045","outside","sewer",4.1,0,168.65,164.55,0,0,0
"NC0136045","outside","total",7.83,0,265.23,257.4,0,0,0
"NC0136045","outside","water",3.73,0,96.58,92.85,0,0,0
"NC0136060","inside","sewer",10.82,0,97.08,86.26,0,0,0
"NC0136060","inside","storm",0,0,0,0,0,0,0
"NC0136060","inside","total",20.14,0,203.05,182.91,0,0,0
"NC0136060","inside","water",9.32,0,105.97,96.65,0,0,0
"NC0136060","outside","sewer",21.63,0,194.01,172.38,0,0,0
"NC0136060","outside","total",40.27,0,405.96,365.69,0,0,0
"NC0136060","outside","water",18.64,0,211.95,193.31,0,0,0
"NC0136065","inside","sewer",11.42,0,108.75,97.33,0,0,0
"NC0136065","inside","storm",0,0,4.52,0,0,0,0
"NC0136065","inside","total",21.84,0,216.5,194.66,0,0,0
"NC0136065","inside","water",10.42,0,107.75,97.33,0,0,0
"NC0136065","outside","sewer",15.7,0,113.03,97.33,0,0,0
"NC0136065","outside","total",45.33,0,332.05,286.72,0,0,0
"NC0136065","outside","water",29.63,0,219.02,189.39,0,0,0
"NC0136075","inside","sewer",16.5,0,76.2,59.7,0,0,0
"NC0136075","inside","storm",0,0,0,0,0,0,0
"NC0136075","inside","total",28.9,0,133.93,105.03,0,0,0
"NC0136075","inside","water",12.4,0,57.73,45.33,0,0,0
"NC0136075","outside","sewer",26.5,0,130.15,103.65,0,0,0
"NC0136075","outside","total",48.2,0,242.52,194.32,0,0,0
"NC0136075","outside","water",21.7,0,112.37,90.67,0,0,0
"NC0138010","inside","sewer",24.4,0,156.26,131.86,0,0,0
"NC0138010","inside","storm",0,0,0,0,0,0,0
"NC0138010","inside","total",50.1,0,320.7,270.6,0,0,0
"NC0138010","inside","water",25.7,0,164.44,138.74,0,0,0
"NC0138010","outside","sewer",34.55,0,175.29,140.74,0,0,0
"NC0138010","outside","total",70.9,0,359.75,288.85,0,0,0
"NC0138010","outside","water",36.35,0,184.46,148.11,0,0,0
"NC0138101","inside","sewer",30,0,30,0,0,0,0
"NC0138101","inside","storm",0,0,0,0,0,0,0
"NC0138101","inside","total",50,0,50,0,0,0,0
"NC0138101","inside","water",20,0,20,0,0,0,0
"NC0144010","inside","sewer",19.49,0,63.93,44.44,0,0,0
"NC0144010","inside","storm",0,0,0,0,0,0,0
"NC0144010","inside","total",35.67,0,109.85,74.18,0,0,0
"NC0144010","inside","water",16.18,0,45.92,29.74,0,0,0
"NC0144010","outside","sewer",35.22,0,116.49,81.27,0,0,0
"NC0144010","outside","total",64.39,0,198.57,134.18,0,0,0
"NC0144010","outside","water",29.17,0,82.08,52.91,0,0,0
"NC0144015","inside","sewer",7.5,0,30.78,23.28,0,0,0
"NC0144015","inside","storm",0,0,0,0,0,0,0
"NC0144015","inside","total",22.5,0,92.34,69.84,0,0,0
"NC0144015","inside","water",15,0,61.56,46.56,0,0,0
"NC0144015","outside","sewer",15,0,61.56,46.56,0,0,0
"NC0144015","outside","total",45,0,184.67,139.67,0,0,0
"NC0144015","outside","water",30,0,123.11,93.11,0,0,0
"NC0144025","inside","sewer",24.99,0,173.83,148.84,0,0,0
"NC0144025","inside","storm",0,0,0,0,0,0,0
"NC0144025","inside","total",53.71,0,249.22,195.51,0,0,0
"NC0144025","inside","water",28.72,0,75.39,46.67,0,0,0
"NC0144025","outside","sewer",24.99,0,173.83,148.84,0,0,0
"NC0144025","outside","total",75.26,0,306.12,230.86,0,0,0
"NC0144025","outside","water",50.27,0,132.29,82.02,0,0,0
"NC0144035","inside","sewer",24.5,0,146.99,122.49,0,0,0
"NC0144035","inside","storm",0,0,0,0,0,0,0
"NC0144035","inside","total",47.94,0,287.67,239.73,0,0,0
"NC0144035","inside","water",23.44,0,140.68,117.24,0,0,0
"NC0144035","outside","sewer",34.42,0,206.53,172.11,0,0,0
"NC0144035","outside","total",67.37,0,404.22,336.85,0,0,0
"NC0144035","outside","water",32.95,0,197.69,164.74,0,0,0
"NC0144040","inside","sewer",16,0,81.99,65.99,0,0,0
"NC0144040","inside","storm",0,0,0,0,0,0,0
"NC0144040","inside","total",44.25,0,170.23,125.98,0,0,0
"NC0144040","inside","water",28.25,0,88.24,59.99,0,0,0
"NC0144040","outside","sewer",33,0,140.99,107.99,0,0,0
"NC0144040","outside","total",61.25,0,229.23,167.98,0,0,0
"NC0144040","outside","water",28.25,0,88.24,59.99,0,0,0
"NC0145010","inside","sewer",7.21,0,82.96,75.75,0,0,0
"NC0145010","inside","storm",0,0,3,0,0,0,0
"NC0145010","inside","total",13.21,0,134.74,121.53,0,0,0
"NC0145010","inside","water",6,0,51.78,45.78,0,0,0
"NC0145010","outside","sewer",10.82,0,124.52,113.7,0,0,0
"NC0145010","outside","total",19.82,0,202.13,182.31,0,0,0
"NC0145010","outside","water",9,0,77.61,68.61,0,0,0
"NC0149010","inside","sewer",12.11,0,91.92,79.81,0,0,0
"NC0149010","inside","storm",0,0,4.7,0,0,0,0
"NC0149010","inside","total",20.23,0,148.16,127.93,0,0,0
"NC0149010","inside","water",8.12,0,56.24,48.12,0,0,0
"NC0149010","outside","sewer",30.28,0,229.8,199.52,0,0,0
"NC0149010","outside","total",50.58,0,370.41,319.83,0,0,0
"NC0149010","outside","water",20.3,0,140.61,120.31,0,0,0
"NC0149015","inside","sewer",9.39,0,103.59,94.2,0,0,0
"NC0149015","inside","storm",0,0,3.4,0,0,0,0
"NC0149015","inside","total",16.5,0,190.48,173.98,0,0,0
"NC0149015","inside","water",7.11,0,86.89,79.78,0,0,0
"NC0149015","outside","sewer",18.78,0,207.18,188.4,0,0,0
"NC0149015","outside","total",33,0,380.98,347.98,0,0,0
"NC0149015","outside","water",14.22,0,173.8,159.58,0,0,0
"NC0149025","inside","sewer",32.89,0,32.89,0,0,0,0
"NC0149025","inside","storm",0,0,0,0,0,0,0
"NC0149025","inside","total",44.89,0,101.89,0,0,0,0
"NC0149025","inside","water",12,0,69,57,0,0,0
"NC0149030","inside","sewer",0,0,160.95,160.95,0,0,0
"NC0149030","inside","storm",0,0,0,0,0,0,0
"NC0149030","inside","total",0,0,276.75,276.75,0,0,0
"NC0149030","inside","water",0,0,115.8,115.8,0,0,0
"NC0149030","outside","sewer",0,0,321.9,321.9,0,0,0
"NC0149030","outside","total",0,0,553.5,553.5,0,0,0
"NC0149030","outside","water",0,0,231.6,231.6,0,0,0
"NC0149158","inside","sewer",32.89,0,32.89,0,0,0,0
"NC0149158","inside","storm",0,0,0,0,0,0,0
"NC0149158","inside","total",47.89,0,159.35,0,0,0,0
"NC0149158","inside","water",15,0,126.46,111.46,0,0,0
"NC0150035","inside","sewer",18.05,0,50.9,0,32.85,0,0
"NC0150035","inside","storm",0,0,0,0,0,0,0
"NC0150035","inside","total",36.1,0,101.5,0,65.4,0,0
"NC0150035","inside","water",18.05,0,50.6,0,32.55,0,0
"NC0155010","inside","sewer",24.77,0,120.96,96.19,0,0,0
"NC0155010","inside","storm",0,0,0,0,0,0,0
"NC0155010","inside","total",41.32,0,195.75,154.43,0,0,0
"NC0155010","inside","water",16.55,0,74.79,58.24,0,0,0
"NC0155010","outside","sewer",49.54,0,257.52,207.98,0,0,0
"NC0155010","outside","total",82.64,0,407.09,324.45,0,0,0
"NC0155010","outside","water",33.1,0,149.57,116.47,0,0,0
"NC0155035","inside","sewer",29.1,0,114.97,85.87,0,0,0
"NC0155035","inside","storm",0,0,0,0,0,0,0
"NC0155035","inside","total",51.36,0,244.32,192.96,0,0,0
"NC0155035","inside","water",22.26,0,129.35,107.09,0,0,0
"NC0155035","outside","sewer",58.2,0,229.94,171.74,0,0,0
"NC0155035","outside","total",102.72,0,374.2,271.48,0,0,0
"NC0155035","outside","water",44.52,0,144.26,99.74,0,0,0
"NC0156010","inside","sewer",13.23,0,52.23,39,0,0,0
"NC0156010","inside","storm",0,0,0,0,0,0,0
"NC0156010","inside","total",26.46,0,104.46,78,0,0,0
"NC0156010","inside","water",13.23,0,52.23,39,0,0,0
"NC0156010","outside","sewer",33.04,0,130.24,97.2,0,0,0
"NC0156010","outside","total",66.08,0,260.48,194.4,0,0,0
"NC0156010","outside","water",33.04,0,130.24,97.2,0,0,0
"NC0156025","inside","sewer",0,0,65.85,65.85,0,0,0
"NC0156025","inside","storm",0,0,0,0,0,0,0
"NC0156025","inside","total",0,0,129.9,117.9,0,0,0
"NC0156025","inside","water",12,0,64.05,52.05,0,0,0
"NC0156025","outside","sewer",0,0,131.7,131.7,0,0,0
"NC0156025","outside","total",0,0,247.65,235.65,0,0,0
"NC0156025","outside","water",12,0,115.95,103.95,0,0,0
"NC0157010","inside","sewer",8.7,0,74.7,66,0,0,0
"NC0157010","inside","storm",0,0,0,0,0,0,0
"NC0157010","inside","total",27.25,0,138.75,111.5,0,0,0
"NC0157010","inside","water",18.55,0,64.05,45.5,0,0,0
"NC0157010","outside","sewer",17.4,0,117.9,100.5,0,0,0
"NC0157010","outside","total",54.5,0,245.99,191.49,0,0,0
"NC0157010","outside","water",37.1,0,128.09,90.99,0,0,0
"NC0157015","inside","sewer",36,0,110.99,74.99,0,0,0
"NC0157015","inside","storm",0,0,0,0,0,0,0
"NC0157015","inside","total",72,0,221.98,149.98,0,0,0
"NC0157015","inside","water",36,0,110.99,74.99,0,0,0
"NC0157015","outside","sewer",72,0,146.99,74.99,0,0,0
"NC0157015","outside","total",144,0,293.98,149.98,0,0,0
"NC0157015","outside","water",72,0,146.99,74.99,0,0,0
"NC0158010","inside","sewer",15.3,0,88.03,72.73,0,0,0
"NC0158010","inside","storm",0,0,0,0,0,0,0
"NC0158010","inside","total",30.6,0,176.06,145.46,0,0,0
"NC0158010","inside","water",15.3,0,88.03,72.73,0,0,0
"NC0158010","outside","sewer",15.3,0,88.03,72.73,0,0,0
"NC0158010","outside","total",39.68,0,224.31,184.63,0,0,0
"NC0158010","outside","water",24.38,0,136.28,111.9,0,0,0
"NC0158015","inside","sewer",29.65,0,91.53,61.88,0,0,0
"NC0158015","inside","storm",0,0,0,0,0,0,0
"NC0158015","inside","total",50.48,0,220.51,170.03,0,0,0
"NC0158015","inside","water",20.83,0,128.98,108.15,0,0,0
"NC0158015","outside","sewer",46.49,0,109.93,63.44,0,0,0
"NC0158015","outside","total",92.98,0,280.17,187.19,0,0,0
"NC0158015","outside","water",46.49,0,170.24,123.75,0,0,0
"NC0158020","inside","sewer",16.25,0,141.25,125,0,0,0
"NC0158020","inside","storm",0,0,0,0,0,0,0
"NC0158020","inside","total",32.5,0,282.5,250,0,0,0
"NC0158020","inside","water",16.25,0,141.25,125,0,0,0
"NC0160010","inside","sewer",13.1,0,113.17,100.07,0,0,0
"NC0160010","inside","storm",0,0,4.58428571428571,0,0,0,0
"NC0160010","inside","total",19.07,0,210.05,190.98,0,0,0
"NC0160010","inside","water",5.97,0,96.88,90.91,0,0,0
"NC0160156","inside","sewer",46.31,0,100.61,54.3,0,0,0
"NC0160156","inside","storm",0,0,0,0,0,0,0
"NC0160156","inside","total",73.84,0,234.34,160.5,0,0,0
"NC0160156","inside","water",27.53,0,133.73,106.2,0,0,0
"NC0161015","inside","sewer",19.5,0,41.5,22,0,0,0
"NC0161015","inside","storm",0,0,0,0,0,0,0
"NC0161015","inside","total",39,0,83,44,0,0,0
"NC0161015","inside","water",19.5,0,41.5,22,0,0,0
"NC0161015","outside","sewer",29.5,0,62.5,33,0,0,0
"NC0161015","outside","total",59,0,125,66,0,0,0
"NC0161015","outside","water",29.5,0,62.5,33,0,0,0
"NC0175010","inside","sewer",22.51,0,106.5,83.99,0,0,0
"NC0175010","inside","storm",0,0,0,0,0,0,0
"NC0175010","inside","total",39.12,0,179.11,139.99,0,0,0
"NC0175010","inside","water",16.61,0,72.61,56,0,0,0
"NC0175010","outside","sewer",49.43,0,301.41,251.98,0,0,0
"NC0175010","outside","total",83.98,0,503.95,419.97,0,0,0
"NC0175010","outside","water",34.55,0,202.54,167.99,0,0,0
"NC0175015","inside","sewer",27.84,0,83.24,55.4,0,0,0
"NC0175015","inside","storm",0,0,0,0,0,0,0
"NC0175015","inside","total",47.08,0,141.33,94.25,0,0,0
"NC0175015","inside","water",19.24,0,58.09,38.85,0,0,0
"NC0175015","outside","sewer",55.67,0,166.47,110.8,0,0,0
"NC0175015","outside","total",94.14,0,282.74,188.6,0,0,0
"NC0175015","outside","water",38.47,0,116.27,77.8,0,0,0
"NC0175020","inside","sewer",20,0,158.75,138.75,0,0,0
"NC0175020","inside","storm",0,0,0,0,0,0,0
"NC0175020","inside","total",40,0,317.5,277.5,0,0,0
"NC0175020","inside","water",20,0,158.75,138.75,0,0,0
"NC0175020","outside","sewer",37.3,0,196.6,159.3,0,0,0
"NC0175020","outside","total",74.6,0,393.2,318.6,0,0,0
"NC0175020","outside","water",37.3,0,196.6,159.3,0,0,0
"NC0180038","inside","sewer",12.5,0,107.99,95.49,0,0,0
"NC0180038","inside","storm",0,0,5,0,0,0,0
"NC0180038","inside","total",25,0,256.47,231.47,0,0,0
"NC0180038","inside","water",12.5,0,148.48,135.98,0,0,0
"NC0180040","inside","sewer",4.54,0,111.02,106.48,0,0,0
"NC0180040","inside","storm",0,0,4,0,0,0,0
"NC0180040","inside","total",8.69,0,195.18,186.49,0,0,0
"NC0180040","inside","water",4.15,0,84.16,80.01,0,0,0
"NC0180050","inside","sewer",10,0,91.3,81.3,0,0,0
"NC0180050","inside","storm",0,0,0,0,0,0,0
"NC0180050","inside","total",22.65,0,155.85,133.2,0,0,0
"NC0180050","inside","water",12.65,0,64.55,51.9,0,0,0
"NC0180050","outside","sewer",20,0,182.6,162.6,0,0,0
"NC0180050","outside","total",45.3,0,311.7,266.4,0,0,0
"NC0180050","outside","water",25.3,0,129.1,103.8,0,0,0
"NC0180055","inside","sewer",33,0,142.24,109.24,0,0,0
"NC0180055","inside","storm",0,0,0,0,0,0,0
"NC0180055","inside","total",42.5,0,177.04,134.54,0,0,0
"NC0180055","inside","water",9.5,0,34.8,25.3,0,0,0
"NC0180055","outside","sewer",33,0,142.24,109.24,0,0,0
"NC0180055","outside","total",56.75,0,234.73,177.98,0,0,0
"NC0180055","outside","water",23.75,0,92.49,68.74,0,0,0
"NC0180060","inside","sewer",5.45,0,193.54,188.09,0,0,0
"NC0180060","inside","storm",0,0,0,0,0,0,0
"NC0180060","inside","total",10.44,0,354.94,344.5,0,0,0
"NC0180060","inside","water",4.99,0,161.4,156.41,0,0,0
"NC0180065","inside","sewer",3.8,0,104.3,100.5,0,0,0
"NC0180065","inside","storm",0,0,7.25,0,0,0,0
"NC0180065","inside","total",10.75,0,215.56,204.81,0,0,0
"NC0180065","inside","water",6.95,0,111.26,104.31,0,0,0
"NC0180065","outside","sewer",3.8,0,104.3,100.5,0,0,0
"NC0180065","outside","total",11.95,0,234.49,222.54,0,0,0
"NC0180065","outside","water",8.15,0,130.19,122.04,0,0,0
"NC0181020","inside","sewer",69.5,0,69.5,0,0,0,0
"NC0181020","inside","storm",0,0,0,0,0,0,0
"NC0181020","inside","total",96.5,0,174.65,0,0,0,0
"NC0181020","inside","water",27,0,105.15,78.15,0,0,0
"NC0181020","outside","sewer",139.5,0,139.5,0,0,0,0
"NC0181020","outside","total",193.5,0,349.78,0,0,0,0
"NC0181020","outside","water",54,0,210.28,156.28,0,0,0
"NC0181038","inside","sewer",28.15,0,111.17,83.02,0,0,0
"NC0181038","inside","storm",0,0,0,0,0,0,0
"NC0181038","inside","total",43.65,0,227.41,183.76,0,0,0
"NC0181038","inside","water",15.5,0,116.24,100.74,0,0,0
"NC0181038","outside","sewer",28.15,0,111.17,83.02,0,0,0
"NC0181038","outside","total",57.95,0,259.76,201.81,0,0,0
"NC0181038","outside","water",29.8,0,148.59,118.79,0,0,0
"NC0181107","inside","sewer",69.5,0,69.5,0,0,0,0
"NC0181107","inside","storm",0,0,0,0,0,0,0
"NC0181107","inside","total",96.5,0,174.65,0,0,0,0
"NC0181107","inside","water",27,0,105.15,78.15,0,0,0
"NC0181107","outside","sewer",139.5,0,139.5,0,0,0,0
"NC0181107","outside","total",193.5,0,349.78,0,0,0,0
"NC0181107","outside","water",54,0,210.28,156.28,0,0,0
"NC0184010","inside","sewer",9.43,0,55.61,46.18,0,0,0
"NC0184010","inside","storm",0,0,0,0,0,0,0
"NC0184010","inside","total",21.07,0,110.54,89.47,0,0,0
"NC0184010","inside","water",11.64,0,54.93,43.29,0,0,0
"NC0184010","outside","sewer",18.86,0,111.23,92.37,0,0,0
"NC0184010","outside","total",42.12,0,221.4,179.28,0,0,0
"NC0184010","outside","water",23.26,0,110.17,86.91,0,0,0
"NC0184015","inside","sewer",21.75,0,100.28,78.53,0,0,0
"NC0184015","inside","storm",0,0,0,0,0,0,0
"NC0184015","inside","total",43.5,0,200.56,157.06,0,0,0
"NC0184015","inside","water",21.75,0,100.28,78.53,0,0,0
"NC0184015","outside","sewer",43.49,0,200.56,157.07,0,0,0
"NC0184015","outside","total",86.98,0,401.12,314.14,0,0,0
"NC0184015","outside","water",43.49,0,200.56,157.07,0,0,0
"NC0184020","inside","sewer",26.25,0,125.3,99.05,0,0,0
"NC0184020","inside","storm",0,0,0,0,0,0,0
"NC0184020","inside","total",44.63,0,220.15,175.52,0,0,0
"NC0184020","inside","water",18.38,0,94.85,76.47,0,0,0
"NC0184020","outside","sewer",51.51,0,190.08,138.57,0,0,0
"NC0184020","outside","total",82.38,0,393.48,311.1,0,0,0
"NC0184020","outside","water",30.87,0,203.4,172.53,0,0,0
"NC0184025","inside","sewer",32.89,0,32.89,0,0,0,0
"NC0184025","inside","storm",0,0,0,0,0,0,0
"NC0184025","inside","total",51.89,0,149.62,0,0,0,0
"NC0184025","inside","water",19,0,116.73,97.73,0,0,0
"NC0184035","inside","sewer",17.2,0,146.2,129,0,0,0
"NC0184035","inside","storm",0,0,0,0,0,0,0
"NC0184035","inside","total",40.15,0,284.25,244.09,0,0,0
"NC0184035","inside","water",22.95,0,138.05,115.09,0,0,0
"NC0187010","inside","sewer",14.32,0,60.52,46.2,0,0,0
"NC0187010","inside","storm",0,0,0,0,0,0,0
"NC0187010","inside","total",28.64,0,116.24,87.6,0,0,0
"NC0187010","inside","water",14.32,0,55.72,41.4,0,0,0
"NC0187010","outside","sewer",28.64,0,119.24,90.6,0,0,0
"NC0187010","outside","total",57.28,0,229.03,171.75,0,0,0
"NC0187010","outside","water",28.64,0,109.79,81.15,0,0,0
"NC0188010","inside","sewer",13.65,0,131.24,117.59,0,0,0
"NC0188010","inside","storm",0,0,0,0,0,0,0
"NC0188010","inside","total",30,0,265.18,235.18,0,0,0
"NC0188010","inside","water",16.35,0,133.94,117.59,0,0,0
"NC0188010","outside","sewer",20.5,0,197.24,176.74,0,0,0
"NC0188010","outside","total",43.7,0,397.18,353.48,0,0,0
"NC0188010","outside","water",23.2,0,199.94,176.74,0,0,0
"NC0188104","inside","sewer",31.61,0,133.16,101.55,0,0,0
"NC0188104","inside","storm",0,0,0,0,0,0,0
"NC0188104","inside","total",63.88,0,265.48,201.6,0,0,0
"NC0188104","inside","water",32.27,0,132.32,100.05,0,0,0
"NC0188115","inside","sewer",18,0,95.48,77.48,0,0,0
"NC0188115","inside","storm",0,0,0,0,0,0,0
"NC0188115","inside","total",34.75,0,177.21,142.46,0,0,0
"NC0188115","inside","water",16.75,0,81.73,64.98,0,0,0
"NC0188115","outside","sewer",27,0,110.73,83.73,0,0,0
"NC0188115","outside","total",52,0,206.96,154.96,0,0,0
"NC0188115","outside","water",25,0,96.23,71.23,0,0,0
"NC0190015","inside","sewer",34.8,0,159.3,124.5,0,0,0
"NC0190015","inside","storm",0,0,0,0,0,0,0
"NC0190015","inside","total",48.8,0,230.3,181.5,0,0,0
"NC0190015","inside","water",14,0,71,57,0,0,0
"NC0190015","outside","sewer",68,0,249.5,181.5,0,0,0
"NC0190015","outside","total",96,0,391.5,295.5,0,0,0
"NC0190015","outside","water",28,0,142,114,0,0,0
"NC0190030","inside","sewer",31.5,0,110.25,78.75,0,0,0
"NC0190030","inside","storm",0,0,0,0,0,0,0
"NC0190030","inside","total",42.75,0,204.75,162,0,0,0
"NC0190030","inside","water",11.25,0,94.5,83.25,0,0,0
"NC0190030","outside","sewer",63,0,220.5,157.5,0,0,0
"NC0190030","outside","total",85.5,0,409.5,324,0,0,0
"NC0190030","outside","water",22.5,0,189,166.5,0,0,0
"NC0190413","inside","sewer",13.4,0,90.2,76.8,0,0,0
"NC0190413","inside","storm",0,0,0,0,0,0,0
"NC0190413","inside","total",24.35,0,176.43,152.08,0,0,0
"NC0190413","inside","water",10.95,0,86.23,75.28,0,0,0
"NC0195010","inside","sewer",15.75,0,87.24,71.49,0,0,0
"NC0195010","inside","storm",0,0,0,0,0,0,0
"NC0195010","inside","total",31.5,0,186.66,155.16,0,0,0
"NC0195010","inside","water",15.75,0,99.42,83.67,0,0,0
"NC0195010","outside","sewer",31.5,0,174.49,142.99,0,0,0
"NC0195010","outside","total",63,0,373.35,310.35,0,0,0
"NC0195010","outside","water",31.5,0,198.86,167.36,0,0,0
"NC0195020","inside","sewer",23.5,0,101.62,78.12,0,0,0
"NC0195020","inside","storm",0,0,0,0,0,0,0
"NC0195020","inside","total",47,0.5,203.74,156.24,0,0,0
"NC0195020","inside","water",23.5,0.5,102.12,78.12,0,0,0
"NC0195104","inside","sewer",38,0,117.98,79.98,0,0,0
"NC0195104","inside","storm",0,0,0,0,0,0,0
"NC0195104","inside","total",77.5,0,237.46,159.96,0,0,0
"NC0195104","inside","water",39.5,0,119.48,79.98,0,0,0
"NC0195104","outside","sewer",76,0,235.97,159.97,0,0,0
"NC0195104","outside","total",152,0,471.94,319.94,0,0,0
"NC0195104","outside","water",76,0,235.97,159.97,0,0,0
"NC0197010","inside","sewer",4.59,0,62.79,58.2,0,0,0
"NC0197010","inside","storm",0,0,0,0,0,0,0
"NC0197010","inside","total",13.67,0,131.57,117.9,0,0,0
"NC0197010","inside","water",9.08,0,68.78,59.7,0,0,0
"NC0197010","outside","sewer",6.89,0,94.04,87.15,0,0,0
"NC0197010","outside","total",20.5,0,194.5,174,0,0,0
"NC0197010","outside","water",13.61,0,100.46,86.85,0,0,0
"NC0197015","inside","sewer",32.89,0,32.89,0,0,0,0
"NC0197015","inside","storm",0,0,0,0,0,0,0
"NC0197015","inside","total",44.89,0,99.36,0,0,0,0
"NC0197015","inside","water",12,0,66.47,54.47,0,0,0
"NC0197020","inside","sewer",32.89,0,32.89,0,0,0,0
"NC0197020","inside","storm",0,0,0,0,0,0,0
"NC0197020","inside","total",44.29,0,110.09,0,0,0,0
"NC0197020","inside","water",11.4,0,77.2,65.8,0,0,0
"NC0197025","inside","sewer",6.05,0,48.41,42.36,0,0,0
"NC0197025","inside","storm",0,0,0,0,0,0,0
"NC0197025","inside","total",12.78,0,78.9,66.12,0,0,0
"NC0197025","inside","water",6.73,0,30.49,23.76,0,0,0
"NC0197025","outside","sewer",12.1,0,96.93,84.83,0,0,0
"NC0197025","outside","total",25.56,0,157.91,132.35,0,0,0
"NC0197025","outside","water",13.46,0,60.98,47.52,0,0,0
"NC0197035","inside","sewer",20.61,0,99.78,86.04,0,0,0
"NC0197035","inside","storm",0,0,0,0,0,0,0
"NC0197035","inside","total",48.81,0,202.17,160.23,0,0,0
"NC0197035","inside","water",28.2,0,102.39,74.19,0,0,0
"NC0197035","outside","sewer",40.55,0,240.96,220.69,0,0,0
"NC0197035","outside","total",68.75,0,343.35,294.88,0,0,0
"NC0197035","outside","water",28.2,0,102.39,74.19,0,0,0
"NC0197040","inside","sewer",32.89,0,32.89,0,0,0,0
"NC0197040","inside","storm",0,0,0,0,0,0,0
"NC0197040","inside","total",47.89,0,106.39,0,0,0,0
"NC0197040","inside","water",15,0,73.5,58.5,0,0,0
"NC0201010","inside","sewer",5.06,0,75.89,70.83,0,0,0
"NC0201010","inside","storm",0,0,5,0,0,0,0
"NC0201010","inside","total",9.18,0,135.64,126.46,0,0,0
"NC0201010","inside","water",4.12,0,59.75,55.63,0,0,0
"NC0201010","outside","sewer",10.12,0,151.79,141.67,0,0,0
"NC0201010","outside","total",18.36,0,271.27,252.91,0,0,0
"NC0201010","outside","water",8.24,0,119.48,111.24,0,0,0
"NC0201015","inside","sewer",5.97,0,95.52,89.55,0,0,0
"NC0201015","inside","storm",0,0,2,0,0,0,0
"NC0201015","inside","total",10.78,0,172.48,161.7,0,0,0
"NC0201015","inside","water",4.81,0,76.96,72.15,0,0,0
"NC0201015","outside","sewer",22.78,0,112.33,89.55,0,0,0
"NC0201015","outside","total",32.4,0,266.25,233.85,0,0,0
"NC0201015","outside","water",9.62,0,153.92,144.3,0,0,0
"NC0201018","inside","sewer",6.56,0,98.39,91.83,0,0,0
"NC0201018","inside","storm",0,0,0,0,0,0,0
"NC0201018","inside","total",12.67,0,190.03,177.36,0,0,0
"NC0201018","inside","water",6.11,0,91.64,85.53,0,0,0
"NC0201018","outside","sewer",13.12,0,196.79,183.67,0,0,0
"NC0201018","outside","total",25.34,0,380.08,354.74,0,0,0
"NC0201018","outside","water",12.22,0,183.29,171.07,0,0,0
"NC0201020","inside","sewer",23.42,0,175.64,152.22,0,0,0
"NC0201020","inside","storm",0,0,0,0,0,0,0
"NC0201020","inside","total",37.12,0,284.23,247.11,0,0,0
"NC0201020","inside","water",13.7,0,108.59,94.89,0,0,0
"NC0201020","outside","sewer",46.84,0,351.28,304.44,0,0,0
"NC0201020","outside","total",74.24,0,568.47,494.23,0,0,0
"NC0201020","outside","water",27.4,0,217.19,189.79,0,0,0
"NC0201025","inside","sewer",10.26,0,148.76,138.5,0,0,0
"NC0201025","inside","storm",0,0,3,0,0,0,0
"NC0201025","inside","total",18.6,0,232.16,213.56,0,0,0
"NC0201025","inside","water",8.34,0,83.4,75.06,0,0,0
"NC0201025","outside","sewer",30.78,0,307.79,277.01,0,0,0
"NC0201025","outside","total",47.46,0,474.58,427.12,0,0,0
"NC0201025","outside","water",16.68,0,166.79,150.11,0,0,0
"NC0201030","inside","sewer",32.91,0,273.17,240.26,0,0,0
"NC0201030","inside","storm",0,0,0,0,0,0,0
"NC0201030","inside","total",51.6,0,383.34,331.74,0,0,0
"NC0201030","inside","water",18.69,0,110.17,91.48,0,0,0
"NC0201030","outside","sewer",32.91,0,273.17,240.26,0,0,0
"NC0201030","outside","total",56.27,0,410.96,354.69,0,0,0
"NC0201030","outside","water",23.36,0,137.79,114.43,0,0,0
"NC0201035","inside","sewer",9,0,110.25,101.25,0,0,0
"NC0201035","inside","storm",0,0,0,0,0,0,0
"NC0201035","inside","total",17.5,0,204.25,186.75,0,0,0
"NC0201035","inside","water",8.5,0,94,85.5,0,0,0
"NC0201035","outside","sewer",18,0,220.5,202.5,0,0,0
"NC0201035","outside","total",35,0,408.5,373.5,0,0,0
"NC0201035","outside","water",17,0,188,171,0,0,0
"NC0217010","inside","sewer",11.15,0,88.17,77.02,0,0,0
"NC0217010","inside","storm",0,0,0,0,0,0,0
"NC0217010","inside","total",25.45,0,200.94,175.49,0,0,0
"NC0217010","inside","water",14.3,0,112.77,98.47,0,0,0
"NC0217010","outside","sewer",22.31,0,176.14,153.83,0,0,0
"NC0217010","outside","total",50.92,0,402.35,351.43,0,0,0
"NC0217010","outside","water",28.61,0,226.21,197.6,0,0,0
"NC0229010","inside","sewer",14.01,0,87.2,73.19,0,0,0
"NC0229010","inside","storm",0,0,0,0,0,0,0
"NC0229010","inside","total",29.34,0,142.23,112.89,0,0,0
"NC0229010","inside","water",15.33,0,55.03,39.7,0,0,0
"NC0229010","outside","sewer",28.72,0,178.71,149.99,0,0,0
"NC0229010","outside","total",60.15,0,291.55,231.4,0,0,0
"NC0229010","outside","water",31.43,0,112.84,81.41,0,0,0
"NC0229020","inside","sewer",18.1,0,114.7,96.6,0,0,0
"NC0229020","inside","storm",0,0,1,0,0,0,0
"NC0229020","inside","total",27.8,0,200,172.2,0,0,0
"NC0229020","inside","water",9.7,0,85.3,75.6,0,0,0
"NC0229020","outside","sewer",40.73,0,312.23,271.5,0,0,0
"NC0229020","outside","total",62.56,0,504.16,441.6,0,0,0
"NC0229020","outside","water",21.83,0,191.93,170.1,0,0,0
"NC0229030","inside","sewer",25.5,0,113.27,87.77,0,0,0
"NC0229030","inside","storm",0,0,0,0,0,0,0
"NC0229030","inside","total",51,0,226.54,175.54,0,0,0
"NC0229030","inside","water",25.5,0,113.27,87.77,0,0,0
"NC0229030","outside","sewer",51,0,226.55,175.55,0,0,0
"NC0229030","outside","total",102,0,453.1,351.1,0,0,0
"NC0229030","outside","water",51,0,226.55,175.55,0,0,0
"NC0229035","inside","sewer",58,0,133,75,0,0,0
"NC0229035","inside","storm",0,0,0,0,0,0,0
"NC0229035","inside","total",79,0,231.99,152.99,0,0,0
"NC0229035","inside","water",21,0,98.99,77.99,0,0,0
"NC0230010","inside","sewer",16.41,0,84.31,67.9,0,0,0
"NC0230010","inside","storm",0,0,0,0,0,0,0
"NC0230010","inside","total",31.55,0,157.36,125.81,0,0,0
"NC0230010","inside","water",15.14,0,73.05,57.91,0,0,0
"NC0230010","outside","sewer",32.54,0,137.7,105.16,0,0,0
"NC0230010","outside","total",58.83,0,262.81,203.98,0,0,0
"NC0230010","outside","water",26.29,0,125.11,98.82,0,0,0
"NC0230015","inside","sewer",20.67,0,127.99,107.32,0,0,0
"NC0230015","inside","storm",0,0,0,0,0,0,0
"NC0230015","inside","total",34.26,0,212.18,177.92,0,0,0
"NC0230015","inside","water",13.59,0,84.19,70.6,0,0,0
"NC0234010","inside","sewer",7.26,0,77.04,69.78,0,0,0
"NC0234010","inside","storm",0,0,4.5,0,0,0,0
"NC0234010","inside","total",13.62,0,149.07,135.45,0,0,0
"NC0234010","inside","water",6.36,0,72.03,65.67,0,0,0
"NC0234010","outside","sewer",9.9,0,114.57,104.67,0,0,0
"NC0234010","outside","total",18.91,0,222.09,203.18,0,0,0
"NC0234010","outside","water",9.01,0,107.52,98.51,0,0,0
"NC0235010","inside","sewer",30,0,130.09,100.09,0,0,0
"NC0235010","inside","storm",0,0,0,0,0,0,0
"NC0235010","inside","total",55,0,249.98,194.98,0,0,0
"NC0235010","inside","water",25,0,119.89,94.89,0,0,0
"NC0235015","inside","sewer",21.45,0,157.81,136.36,0,0,0
"NC0235015","inside","storm",0,0,0,0,0,0,0
"NC0235015","inside","total",41.38,0,236.37,194.99,0,0,0
"NC0235015","inside","water",19.93,0,78.56,58.63,0,0,0
"NC0235015","outside","sewer",42.9,0,315.62,272.72,0,0,0
"NC0235015","outside","total",82.76,0,472.73,389.97,0,0,0
"NC0235015","outside","water",39.86,0,157.11,117.25,0,0,0
"NC0235025","inside","sewer",12.1,0,84.7,72.6,0,0,0
"NC0235025","inside","storm",0,0,0,0,0,0,0
"NC0235025","inside","total",22.85,0,183.19,160.34,0,0,0
"NC0235025","inside","water",10.75,0,98.49,87.74,0,0,0
"NC0235025","outside","sewer",12.1,0,168.7,156.6,0,0,0
"NC0235025","outside","total",22.85,0,355.1,332.25,0,0,0
"NC0235025","outside","water",10.75,0,186.4,175.65,0,0,0
"NC0235030","inside","sewer",35,2.5,137.59,100.09,0,0,0
"NC0235030","inside","storm",0,0,0,0,0,0,0
"NC0235030","inside","total",65,5,264.98,194.98,0,0,0
"NC0235030","inside","water",30,2.5,127.39,94.89,0,0,0
"NC0239010","inside","sewer",10.61,3,142.91,129.3,0,0,0
"NC0239010","inside","storm",0,0,3.5,0,0,0,0
"NC0239010","inside","total",16.85,3,258.47,238.62,0,0,0
"NC0239010","inside","water",6.24,0,115.56,109.32,0,0,0
"NC0239010","outside","sewer",16.07,3,148.37,129.3,0,0,0
"NC0239010","outside","total",22.31,3,329.49,304.18,0,0,0
"NC0239010","outside","water",6.24,0,181.12,174.88,0,0,0
"NC0239018","inside","sewer",36,0,145.19,109.19,0,0,0
"NC0239018","inside","storm",0,0,0,0,0,0,0
"NC0239018","inside","total",60.37,0,337.89,277.52,0,0,0
"NC0239018","inside","water",24.37,0,192.7,168.33,0,0,0
"NC0239018","outside","sewer",72,0,290.38,218.38,0,0,0
"NC0239018","outside","total",120.74,0,675.72,554.98,0,0,0
"NC0239018","outside","water",48.74,0,385.34,336.6,0,0,0
"NC0239107","inside","sewer",52.12,0,187.31,135.19,0,0,0
"NC0239107","inside","storm",0,0,5.58,0,0,0,0
"NC0239107","inside","total",80.24,0,300.05,219.81,0,0,0
"NC0239107","inside","water",28.12,0,112.74,84.62,0,0,0
"NC0241010","inside","sewer",4,0,81.61,77.61,0,0,0
"NC0241010","inside","storm",0,0,2.7,0,0,0,0
"NC0241010","inside","total",9.22,0,154.85,145.63,0,0,0
"NC0241010","inside","water",5.22,0,73.24,68.02,0,0,0
"NC0241010","outside","sewer",10.08,0,202.19,192.11,0,0,0
"NC0241010","outside","total",23.19,0,384.72,361.53,0,0,0
"NC0241010","outside","water",13.11,0,182.53,169.42,0,0,0
"NC0241020","inside","sewer",14.54,0,123.02,108.48,0,0,0
"NC0241020","inside","storm",0,0,4,0,0,0,0
"NC0241020","inside","total",23.93,0,194.77,170.84,0,0,0
"NC0241020","inside","water",9.39,0,71.75,62.36,0,0,0
"NC0241020","outside","sewer",29.08,0,246.04,216.96,0,0,0
"NC0241020","outside","total",47.86,0,389.74,341.88,0,0,0
"NC0241020","outside","water",18.78,0,143.7,124.92,0,0,0
"NC0241025","inside","sewer",18.11,0,181.04,162.93,0,0,0
"NC0241025","inside","storm",0,0,0.75,0,0,0,0
"NC0241025","inside","total",25.19,0,251.84,226.65,0,0,0
"NC0241025","inside","water",7.08,0,70.8,63.72,0,0,0
"NC0241025","outside","sewer",36.22,0,291.08,254.86,0,0,0
"NC0241025","outside","total",50.38,0,432.67,382.29,0,0,0
"NC0241025","outside","water",14.16,0,141.59,127.43,0,0,0
"NC0241030","inside","sewer",9.2,0,92.19,82.99,0,0,0
"NC0241030","inside","storm",0,0,0,0,0,0,0
"NC0241030","inside","total",15.3,0,153.32,138.02,0,0,0
"NC0241030","inside","water",6.1,0,61.13,55.03,0,0,0
"NC0241030","outside","sewer",18.4,0,184.39,165.99,0,0,0
"NC0241030","outside","total",30.6,0,306.65,276.05,0,0,0
"NC0241030","outside","water",12.2,0,122.26,110.06,0,0,0
"NC0273010","inside","sewer",8.91,0,90.36,81.45,0,0,0
"NC0273010","inside","storm",0,0,0,0,0,0,0
"NC0273010","inside","total",20.24,0,164.99,144.75,0,0,0
"NC0273010","inside","water",11.33,0,74.63,63.3,0,0,0
"NC0273010","outside","sewer",17.82,0,167.07,149.25,0,0,0
"NC0273010","outside","total",40.48,0,302.68,262.2,0,0,0
"NC0273010","outside","water",22.66,0,135.61,112.95,0,0,0
"NC0276010","inside","sewer",17.18,0,69.31,52.13,0,0,0
"NC0276010","inside","storm",0,0,0,0,0,0,0
"NC0276010","inside","total",31.09,0,134.05,102.96,0,0,0
"NC0276010","inside","water",13.91,0,64.74,50.83,0,0,0
"NC0276010","outside","sewer",42.95,0,173.37,130.42,0,0,0
"NC0276010","outside","total",77.73,0,335.23,257.5,0,0,0
"NC0276010","outside","water",34.78,0,161.86,127.08,0,0,0
"NC0276015","inside","sewer",10.86,0,118.05,107.19,0,0,0
"NC0276015","inside","storm",0,0,0,0,0,0,0
"NC0276015","inside","total",21.72,0,236.1,214.38,0,0,0
"NC0276015","inside","water",10.86,0,118.05,107.19,0,0,0
"NC0276015","outside","sewer",21.72,0,236.09,214.37,0,0,0
"NC0276015","outside","total",43.44,0,472.18,428.74,0,0,0
"NC0276015","outside","water",21.72,0,236.09,214.37,0,0,0
"NC0276020","inside","sewer",13.5,0,81,67.5,0,0,0
"NC0276020","inside","storm",0,0,0,0,0,0,0
"NC0276020","inside","total",25.5,0,162,136.5,0,0,0
"NC0276020","inside","water",12,0,81,69,0,0,0
"NC0276020","outside","sewer",13.5,0,81,67.5,0,0,0
"NC0276020","outside","total",32.5,0,199,166.5,0,0,0
"NC0276020","outside","water",19,0,118,99,0,0,0
"NC0276025","inside","sewer",10.69,0,81.55,70.86,0,0,0
"NC0276025","inside","storm",0,0,0,0,0,0,0
"NC0276025","inside","total",26.99,0,143.66,116.67,0,0,0
"NC0276025","inside","water",16.3,0,62.11,45.81,0,0,0
"NC0276025","outside","sewer",15.59,0,153.15,137.56,0,0,0
"NC0276025","outside","total",42.82,0,268.86,226.04,0,0,0
"NC0276025","outside","water",27.23,0,115.71,88.48,0,0,0
"NC0276030","inside","sewer",18.48,0,109.47,90.99,0,0,0
"NC0276030","inside","storm",0,0,5,0,0,0,0
"NC0276030","inside","total",33.76,0,185.2,151.44,0,0,0
"NC0276030","inside","water",15.28,0,75.73,60.45,0,0,0
"NC0276030","outside","sewer",36.96,0,218.95,181.99,0,0,0
"NC0276030","outside","total",67.52,0,370.4,302.88,0,0,0
"NC0276030","outside","water",30.56,0,151.45,120.89,0,0,0
"NC0276035","inside","sewer",14.55,0,112.05,97.5,0,0,0
"NC0276035","inside","storm",0,0,0,0,0,0,0
"NC0276035","inside","total",39.55,0,234.55,195,0,0,0
"NC0276035","inside","water",25,0,122.5,97.5,0,0,0
"NC0276035","outside","sewer",14.55,0,112.05,97.5,0,0,0
"NC0276035","outside","total",44.55,0,249.54,204.99,0,0,0
"NC0276035","outside","water",30,0,137.49,107.49,0,0,0
"NC0279010","inside","sewer",11.72,0,109.22,97.5,0,0,0
"NC0279010","inside","storm",0,0,0,0,0,0,0
"NC0279010","inside","total",24.07,0,197.92,173.85,0,0,0
"NC0279010","inside","water",12.35,0,88.7,76.35,0,0,0
"NC0279010","outside","sewer",23.44,0,218.44,195,0,0,0
"NC0279010","outside","total",48.14,0,395.84,347.7,0,0,0
"NC0279010","outside","water",24.7,0,177.4,152.7,0,0,0
"NC0279020","inside","sewer",20.46,0,94.25,73.79,0,0,0
"NC0279020","inside","storm",0,0,0,0,0,0,0
"NC0279020","inside","total",28.24,0,134.11,105.87,0,0,0
"NC0279020","inside","water",7.78,0,39.86,32.08,0,0,0
"NC0279020","outside","sewer",81.84,0,377.01,295.17,0,0,0
"NC0279020","outside","total",105.18,0,496.6,391.42,0,0,0
"NC0279020","outside","water",23.34,0,119.59,96.25,0,0,0
"NC0279025","inside","sewer",8.5,0,98.5,90,0,0,0
"NC0279025","inside","storm",0,0,0,0,0,0,0
"NC0279025","inside","total",17,0,197,180,0,0,0
"NC0279025","inside","water",8.5,0,98.5,90,0,0,0
"NC0279025","outside","sewer",8.5,0,188.5,180,0,0,0
"NC0279025","outside","total",17,0,377,360,0,0,0
"NC0279025","outside","water",8.5,0,188.5,180,0,0,0
"NC0279030","inside","sewer",16.09,0,106.99,90.9,0,0,0
"NC0279030","inside","storm",0,0,0,0,0,0,0
"NC0279030","inside","total",26.21,0,213.71,187.5,0,0,0
"NC0279030","inside","water",10.12,0,106.72,96.6,0,0,0
"NC0279030","outside","sewer",32.18,0,213.98,181.8,0,0,0
"NC0279030","outside","total",52.42,0,427.42,375,0,0,0
"NC0279030","outside","water",20.24,0,213.44,193.2,0,0,0
"NC0279035","inside","sewer",15.78,0,135.79,120.01,0,0,0
"NC0279035","inside","storm",0,0,0,0,0,0,0
"NC0279035","inside","total",31.56,0,271.58,240.02,0,0,0
"NC0279035","inside","water",15.78,0,135.79,120.01,0,0,0
"NC0279035","outside","sewer",28.58,0,234.98,206.4,0,0,0
"NC0279035","outside","total",57.16,0,469.96,412.8,0,0,0
"NC0279035","outside","water",28.58,0,234.98,206.4,0,0,0
"NC0279040","inside","sewer",32.89,0,32.89,0,0,0,0
"NC0279040","inside","storm",0,0,0,0,0,0,0
"NC0279040","inside","total",58.89,0,148.34,0,0,0,0
"NC0279040","inside","water",26,0,115.45,89.45,0,0,0
"NC0279050","inside","sewer",12,0,147,135,0,0,0
"NC0279050","inside","storm",0,0,0,0,0,0,0
"NC0279050","inside","total",31,0,301,270,0,0,0
"NC0279050","inside","water",19,0,154,135,0,0,0
"NC0285010","inside","sewer",57.5,0,143.04,85.54,0,0,0
"NC0285010","inside","storm",0,0,0,0,0,0,0
"NC0285010","inside","total",72.43,0,199.57,127.14,0,0,0
"NC0285010","inside","water",14.93,0,56.53,41.6,0,0,0
"NC0285010","outside","sewer",71.88,0,178.87,106.99,0,0,0
"NC0285010","outside","total",90.55,0,249.67,159.12,0,0,0
"NC0285010","outside","water",18.67,0,70.8,52.13,0,0,0
"NC0285015","inside","sewer",17.25,0,97,79.75,0,0,0
"NC0285015","inside","storm",0,0,0,0,0,0,0
"NC0285015","inside","total",33.37,0,180.99,147.62,0,0,0
"NC0285015","inside","water",16.12,0,83.99,67.87,0,0,0
"NC0285015","outside","sewer",31.47,0,171.21,139.74,0,0,0
"NC0285015","outside","total",59.38,0,316.37,256.99,0,0,0
"NC0285015","outside","water",27.91,0,145.16,117.25,0,0,0
"NC0285025","inside","sewer",17,0,88.99,71.99,0,0,0
"NC0285025","inside","storm",0,0,0,0,0,0,0
"NC0285025","inside","total",41,0,231.49,190.49,0,0,0
"NC0285025","inside","water",24,0,142.5,118.5,0,0,0
"NC0286010","inside","sewer",27.92,0,135.52,107.6,0,0,0
"NC0286010","inside","storm",0,0,0,0,0,0,0
"NC0286010","inside","total",51.81,0,254.57,202.76,0,0,0
"NC0286010","inside","water",23.89,0,119.05,95.16,0,0,0
"NC0286010","outside","sewer",28.82,0,137.29,108.47,0,0,0
"NC0286010","outside","total",53.62,0,258.4,204.78,0,0,0
"NC0286010","outside","water",24.8,0,121.11,96.31,0,0,0
"NC0286020","inside","sewer",22.75,0,172.24,149.49,0,0,0
"NC0286020","inside","storm",0,0,0,0,0,0,0
"NC0286020","inside","total",39.25,0,279.73,240.48,0,0,0
"NC0286020","inside","water",16.5,0,107.49,90.99,0,0,0
"NC0286020","outside","sewer",22.75,0,172.24,149.49,0,0,0
"NC0286020","outside","total",55.75,0,387.23,331.48,0,0,0
"NC0286020","outside","water",33,0,214.99,181.99,0,0,0
"NC0286025","inside","sewer",16,2.5,103.89,85.39,0,0,0
"NC0286025","inside","storm",0,0,0,0,0,0,0
"NC0286025","inside","total",32,5,207.78,170.78,0,0,0
"NC0286025","inside","water",16,2.5,103.89,85.39,0,0,0
"NC0286025","outside","sewer",32,2.5,205.29,170.79,0,0,0
"NC0286025","outside","total",64,5,410.58,341.58,0,0,0
"NC0286025","outside","water",32,2.5,205.29,170.79,0,0,0
"NC0286030","inside","sewer",12.5,0,87.5,75,0,0,0
"NC0286030","inside","storm",0,0,0,0,0,0,0
"NC0286030","inside","total",25,0,146.5,121.5,0,0,0
"NC0286030","inside","water",12.5,0,59,46.5,0,0,0
"NC0286030","outside","sewer",25,0,165.25,140.25,0,0,0
"NC0286030","outside","total",50,0,285.5,235.5,0,0,0
"NC0286030","outside","water",25,0,120.25,95.25,0,0,0
"NC0291010","inside","sewer",14.98,0,121.86,106.88,0,0,0
"NC0291010","inside","storm",0,0,0,0,0,0,0
"NC0291010","inside","total",27,0,175.19,148.19,0,0,0
"NC0291010","inside","water",12.02,0,53.33,41.31,0,0,0
"NC0291010","outside","sewer",37.43,0,304.92,267.49,0,0,0
"NC0291010","outside","total",67.47,0,438.03,370.56,0,0,0
"NC0291010","outside","water",30.04,0,133.11,103.07,0,0,0
"NC0293010","inside","sewer",9.28,0,144.43,135.15,0,0,0
"NC0293010","inside","storm",0,0,0,0,0,0,0
"NC0293010","inside","total",22.69,0,227.74,205.05,0,0,0
"NC0293010","inside","water",13.41,0,83.31,69.9,0,0,0
"NC0293010","outside","sewer",25.39,0,230.14,204.75,0,0,0
"NC0293010","outside","total",49.87,0,360.07,310.2,0,0,0
"NC0293010","outside","water",24.48,0,129.93,105.45,0,0,0
"NC0293015","inside","sewer",13,0,88,75,0,0,0
"NC0293015","inside","storm",0,0,0,0,0,0,0
"NC0293015","inside","total",38,0,188,150,0,0,0
"NC0293015","inside","water",25,0,100,75,0,0,0
"NC0293020","inside","sewer",14.5,0,93.25,78.75,0,0,0
"NC0293020","inside","storm",0,0,0,0,0,0,0
"NC0293020","inside","total",34,0,187.75,153.75,0,0,0
"NC0293020","inside","water",19.5,0,94.5,75,0,0,0
"NC0293020","outside","sewer",21.25,0,133.75,112.5,0,0,0
"NC0293020","outside","total",46,0,244.75,198.75,0,0,0
"NC0293020","outside","water",24.75,0,111,86.25,0,0,0
"NC0299010","inside","sewer",22.5,0,165.49,142.99,0,0,0
"NC0299010","inside","storm",0,0,0,0,0,0,0
"NC0299010","inside","total",46.7,0,316.43,269.73,0,0,0
"NC0299010","inside","water",24.2,0,150.94,126.74,0,0,0
"NC0299010","outside","sewer",22.5,0,165.49,142.99,0,0,0
"NC0299010","outside","total",70.9,0,467.37,396.47,0,0,0
"NC0299010","outside","water",48.4,0,301.88,253.48,0,0,0
"NC0299015","inside","sewer",13.08,0,58.71,45.63,0,0,0
"NC0299015","inside","storm",0,0,0,0,0,0,0
"NC0299015","inside","total",25.54,0,114.57,89.03,0,0,0
"NC0299015","inside","water",12.46,0,55.86,43.4,0,0,0
"NC0299015","outside","sewer",26.19,0,117.48,91.29,0,0,0
"NC0299015","outside","total",51.13,0,229.37,178.24,0,0,0
"NC0299015","outside","water",24.94,0,111.89,86.95,0,0,0
"NC0299020","inside","sewer",21,0,130.19,109.19,0,0,0
"NC0299020","inside","storm",0,0,0,0,0,0,0
"NC0299020","inside","total",42,0,192.14,150.14,0,0,0
"NC0299020","inside","water",21,0,61.95,40.95,0,0,0
"NC0299020","outside","sewer",36.5,0,254.88,218.38,0,0,0
"NC0299020","outside","total",73,0,373.27,300.27,0,0,0
"NC0299020","outside","water",36.5,0,118.39,81.89,0,0,0
"NC0299025","inside","sewer",29,0,108.75,79.75,0,0,0
"NC0299025","inside","storm",0,0,0,0,0,0,0
"NC0299025","inside","total",58,0,301.59,243.59,0,0,0
"NC0299025","inside","water",29,0,192.84,163.84,0,0,0
"NC0299025","outside","sewer",55,0,200,145,0,0,0
"NC0299025","outside","total",92.5,0,431.79,339.29,0,0,0
"NC0299025","outside","water",37.5,0,231.79,194.29,0,0,0
"NC0304010","inside","sewer",13,0,54.34,41.34,0,0,0
"NC0304010","inside","storm",0,0,0,0,0,0,0
"NC0304010","inside","total",26,0,114.82,88.82,0,0,0
"NC0304010","inside","water",13,0,60.48,47.48,0,0,0
"NC0304012","inside","sewer",26.42,0,92.06,65.64,0,0,0
"NC0304012","inside","storm",0,0,0,0,0,0,0
"NC0304012","inside","total",47.52,0,169.44,121.92,0,0,0
"NC0304012","inside","water",21.1,0,77.38,56.28,0,0,0
"NC0304012","outside","sewer",33.93,0,100.87,66.94,0,0,0
"NC0304012","outside","total",60.45,0,183.67,123.22,0,0,0
"NC0304012","outside","water",26.52,0,82.8,56.28,0,0,0
"NC0304020","inside","sewer",31.31,0,106.9,75.59,0,0,0
"NC0304020","inside","storm",0,0,0,0,0,0,0
"NC0304020","inside","total",48.59,0,201.13,152.54,0,0,0
"NC0304020","inside","water",17.28,0,94.23,76.95,0,0,0
"NC0304020","outside","sewer",37.61,0,106.9,69.29,0,0,0
"NC0304020","outside","total",60.94,0,226.29,165.35,0,0,0
"NC0304020","outside","water",23.33,0,119.39,96.06,0,0,0
"NC0304025","inside","sewer",19.05,0,195.75,176.7,0,0,0
"NC0304025","inside","storm",0,0,0,0,0,0,0
"NC0304025","inside","total",32.8,0,313.15,280.35,0,0,0
"NC0304025","inside","water",13.75,0,117.4,103.65,0,0,0
"NC0304025","outside","sewer",28.25,0,306.2,277.95,0,0,0
"NC0304025","outside","total",48.96,0,484.41,435.45,0,0,0
"NC0304025","outside","water",20.71,0,178.21,157.5,0,0,0
"NC0304030","inside","sewer",19.5,0,87,67.5,0,0,0
"NC0304030","inside","storm",0,0,0,0,0,0,0
"NC0304030","inside","total",37,0,158.5,121.5,0,0,0
"NC0304030","inside","water",17.5,0,71.5,54,0,0,0
"NC0304034","inside","sewer",23,0,127.99,104.99,0,0,0
"NC0304034","inside","storm",0,0,0,0,0,0,0
"NC0304034","inside","total",39,0,248.98,209.98,0,0,0
"NC0304034","inside","water",16,0,120.99,104.99,0,0,0
"NC0304034","outside","sewer",23.5,0,135.49,111.99,0,0,0
"NC0304034","outside","total",42,0,356.98,314.98,0,0,0
"NC0304034","outside","water",18.5,0,221.49,202.99,0,0,0
"NC0304040","inside","sewer",35.19,0,96.99,61.8,0,0,0
"NC0304040","inside","storm",0,0,0,0,0,0,0
"NC0304040","inside","total",55.82,0,154.37,98.55,0,0,0
"NC0304040","inside","water",20.63,0,57.38,36.75,0,0,0
"NC0304040","outside","sewer",35.19,0,96.99,61.8,0,0,0
"NC0304040","outside","total",60.39,0,158.94,98.55,0,0,0
"NC0304040","outside","water",25.2,0,61.95,36.75,0,0,0
"NC0309010","inside","sewer",6.3,0,87.67,81.37,0,0,0
"NC0309010","inside","storm",0,0,0,0,0,0,0
"NC0309010","inside","total",19.15,0,149.73,130.58,0,0,0
"NC0309010","inside","water",12.85,0,62.06,49.21,0,0,0
"NC0309010","outside","sewer",15.75,0,219.24,203.49,0,0,0
"NC0309010","outside","total",47.88,0,374.39,326.51,0,0,0
"NC0309010","outside","water",32.13,0,155.15,123.02,0,0,0
"NC0309015","inside","sewer",15.18,0,76.06,60.88,0,0,0
"NC0309015","inside","storm",0,0,0,0,0,0,0
"NC0309015","inside","total",25.67,0,140.41,114.74,0,0,0
"NC0309015","inside","water",10.49,0,64.35,53.86,0,0,0
"NC0309015","outside","sewer",30.36,0,152.12,121.76,0,0,0
"NC0309015","outside","total",51.34,0,280.82,229.48,0,0,0
"NC0309015","outside","water",20.98,0,128.7,107.72,0,0,0
"NC0309020","inside","sewer",13.5,0,81,67.5,0,0,0
"NC0309020","inside","storm",0,0,0,0,0,0,0
"NC0309020","inside","total",24,0,148.87,124.87,0,0,0
"NC0309020","inside","water",10.5,0,67.87,57.37,0,0,0
"NC0309020","outside","sewer",27,0,161.99,134.99,0,0,0
"NC0309020","outside","total",48,0,297.73,249.73,0,0,0
"NC0309020","outside","water",21,0,135.74,114.74,0,0,0
"NC0309025","inside","sewer",22.7,0,106.1,83.4,0,0,0
"NC0309025","inside","storm",0,0,0,0,0,0,0
"NC0309025","inside","total",33.2,0,197.6,164.4,0,0,0
"NC0309025","inside","water",10.5,0,91.5,81,0,0,0
"NC0309025","outside","sewer",42.2,0,215.6,173.4,0,0,0
"NC0309025","outside","total",63.2,0,362.6,299.4,0,0,0
"NC0309025","outside","water",21,0,147,126,0,0,0
"NC0309030","inside","sewer",21.1,0,83.18,62.08,0,0,0
"NC0309030","inside","storm",0,0,0,0,0,0,0
"NC0309030","inside","total",33.86,0,147.4,113.54,0,0,0
"NC0309030","inside","water",12.76,0,64.22,51.46,0,0,0
"NC0309030","outside","sewer",42.19,0,166.32,124.13,0,0,0
"NC0309030","outside","total",67.72,0,294.69,226.97,0,0,0
"NC0309030","outside","water",25.53,0,128.37,102.84,0,0,0
"NC0319010","inside","sewer",14.75,0,82.25,67.5,0,0,0
"NC0319010","inside","storm",0,0,0,0,0,0,0
"NC0319010","inside","total",37.75,0,172.75,135,0,0,0
"NC0319010","inside","water",23,0,90.5,67.5,0,0,0
"NC0319010","outside","sewer",29.5,0,164.5,135,0,0,0
"NC0319010","outside","total",75.5,0,345.5,270,0,0,0
"NC0319010","outside","water",46,0,181,135,0,0,0
"NC0319015","inside","sewer",14.64,0,164.57,149.93,0,0,0
"NC0319015","inside","storm",0,0,0,0,0,0,0
"NC0319015","inside","total",28.23,0,274.93,246.7,0,0,0
"NC0319015","inside","water",13.59,0,110.36,96.77,0,0,0
"NC0319015","outside","sewer",29.28,0,329.14,299.86,0,0,0
"NC0319015","outside","total",56.46,0,549.88,493.42,0,0,0
"NC0319015","outside","water",27.18,0,220.74,193.56,0,0,0
"NC0319025","inside","sewer",46,0,85,39,0,0,0
"NC0319025","inside","storm",0,0,0,0,0,0,0
"NC0319025","inside","total",71,0,239.99,168.99,0,0,0
"NC0319025","inside","water",25,0,154.99,129.99,0,0,0
"NC0319025","outside","sewer",46,0,85,39,0,0,0
"NC0319025","outside","total",82,0,309.49,227.49,0,0,0
"NC0319025","outside","water",36,0,224.49,188.49,0,0,0
"NC0319050","inside","sewer",15,0,168.98,153.98,0,0,0
"NC0319050","inside","storm",0,0,0,0,0,0,0
"NC0319050","inside","total",30,0,314.46,284.46,0,0,0
"NC0319050","inside","water",15,0,145.48,130.48,0,0,0
"NC0319126","inside","sewer",15,0,168.98,153.98,0,0,0
"NC0319126","inside","storm",0,0,0,0,0,0,0
"NC0319126","inside","total",30,0,314.46,284.46,0,0,0
"NC0319126","inside","water",15,0,145.48,130.48,0,0,0
"NC0326010","inside","sewer",14.5,1,94.7,79.2,0,0,0
"NC0326010","inside","storm",0,0,6,0,0,0,0
"NC0326010","inside","total",29,3,171.37,139.37,0,0,0
"NC0326010","inside","water",14.5,2,76.67,60.17,0,0,0
"NC0326010","outside","sewer",25.4,1,165,138.6,0,0,0
"NC0326010","outside","total",50.8,3,297.67,243.87,0,0,0
"NC0326010","outside","water",25.4,2,132.67,105.27,0,0,0
"NC0326020","inside","sewer",9.25,0,114.22,104.97,0,0,0
"NC0326020","inside","storm",0,0,2.75,0,0,0,0
"NC0326020","inside","total",12.67,0,233.59,220.92,0,0,0
"NC0326020","inside","water",3.42,0,119.37,115.95,0,0,0
"NC0326020","outside","sewer",18.5,0,228.46,209.96,0,0,0
"NC0326020","outside","total",25.34,0,467.21,441.87,0,0,0
"NC0326020","outside","water",6.84,0,238.75,231.91,0,0,0
"NC0326030","inside","sewer",20.5,0,80.5,60,0,0,0
"NC0326030","inside","storm",0,0,0,0,0,0,0
"NC0326030","inside","total",37.5,0,142.5,105,0,0,0
"NC0326030","inside","water",17,0,62,45,0,0,0
"NC0326030","outside","sewer",27.25,0,109.75,82.5,0,0,0
"NC0326030","outside","total",48.25,0,190.75,142.5,0,0,0
"NC0326030","outside","water",21,0,81,60,0,0,0
"NC0326040","inside","sewer",16.4,0,128.9,112.5,0,0,0
"NC0326040","inside","storm",0,0,0,0,0,0,0
"NC0326040","inside","total",34.4,0,190.1,155.7,0,0,0
"NC0326040","inside","water",18,0,61.2,43.2,0,0,0
"NC0326040","outside","sewer",16.4,0,128.9,112.5,0,0,0
"NC0326040","outside","total",36.4,0,193.45,157.05,0,0,0
"NC0326040","outside","water",20,0,64.55,44.55,0,0,0
"NC0332010","inside","sewer",8.29,0,95.12,86.83,0,0,0
"NC0332010","inside","storm",0,0,6.75,0,0,0,0
"NC0332010","inside","total",15.8,0,188.2,172.4,0,0,0
"NC0332010","inside","water",7.51,0,93.08,85.57,0,0,0
"NC0332010","outside","sewer",16.58,0,190.23,173.65,0,0,0
"NC0332010","outside","total",31.6,0,376.37,344.77,0,0,0
"NC0332010","outside","water",15.02,0,186.14,171.12,0,0,0
"NC0343010","inside","sewer",13.75,0,103.75,90,0,0,0
"NC0343010","inside","storm",0,0,2,0,0,0,0
"NC0343010","inside","total",28.5,0,178.9,150.4,0,0,0
"NC0343010","inside","water",14.75,0,75.15,60.4,0,0,0
"NC0343010","outside","sewer",27.5,0,207.5,180,0,0,0
"NC0343010","outside","total",57,0,357.76,300.76,0,0,0
"NC0343010","outside","water",29.5,0,150.26,120.76,0,0,0
"NC0343015","inside","sewer",16,0,104.5,88.5,0,0,0
"NC0343015","inside","storm",0,0,0,0,0,0,0
"NC0343015","inside","total",35.8,0,170.45,134.65,0,0,0
"NC0343015","inside","water",19.8,0,65.95,46.15,0,0,0
"NC0343015","outside","sewer",32,0,209,177,0,0,0
"NC0343015","outside","total",71.6,0,340.89,269.29,0,0,0
"NC0343015","outside","water",39.6,0,131.89,92.29,0,0,0
"NC0343025","inside","sewer",18.8,0,104.01,85.2,0,0,0
"NC0343025","inside","storm",0,0,0,0,0,0,0
"NC0343025","inside","total",37.64,0,206.89,169.24,0,0,0
"NC0343025","inside","water",18.84,0,102.88,84.04,0,0,0
"NC0343025","outside","sewer",28.7,0,187.81,159.11,0,0,0
"NC0343025","outside","total",53.73,0,324.24,270.51,0,0,0
"NC0343025","outside","water",25.03,0,136.43,111.4,0,0,0
"NC0343045","inside","sewer",15,0,105,90,0,0,0
"NC0343045","inside","storm",0,0,0,0,0,0,0
"NC0343045","inside","total",35,0,196.49,161.49,0,0,0
"NC0343045","inside","water",20,0,91.49,71.49,0,0,0
"NC0347010","inside","sewer",16.14,0,53.99,37.85,0,0,0
"NC0347010","inside","storm",0,0,0,0,0,0,0
"NC0347010","inside","total",26.9,0,89.95,63.05,0,0,0
"NC0347010","inside","water",10.76,0,35.96,25.2,0,0,0
"NC0347010","outside","sewer",29.86,0,96.16,66.3,0,0,0
"NC0347010","outside","total",49.77,0,162.72,112.95,0,0,0
"NC0347010","outside","water",19.91,0,66.56,46.65,0,0,0
"NC0347025","inside","sewer",21,0,120,99,0,0,0
"NC0347025","inside","storm",0,0,0,0,0,0,0
"NC0347025","inside","total",33.25,0,195.99,162.74,0,0,0
"NC0347025","inside","water",12.25,0,75.99,63.74,0,0,0
"NC0347030","inside","sewer",21,0,120,99,0,0,0
"NC0347030","inside","storm",0,0,0,0,0,0,0
"NC0347030","inside","total",33.25,0,195.99,162.74,0,0,0
"NC0347030","inside","water",12.25,0,75.99,63.74,0,0,0
"NC0351010","inside","sewer",12.63,0,142.83,130.2,0,0,0
"NC0351010","inside","storm",0,0,0,0,0,0,0
"NC0351010","inside","total",23.05,0,227.69,204.64,0,0,0
"NC0351010","inside","water",10.42,0,84.86,74.44,0,0,0
"NC0351010","outside","sewer",22.11,0,278.76,256.65,0,0,0
"NC0351010","outside","total",40.34,0,445.78,405.44,0,0,0
"NC0351010","outside","water",18.23,0,167.02,148.79,0,0,0
"NC0351015","inside","sewer",7.98,0,196.39,184.66,3.75,0,0
"NC0351015","inside","storm",0,0,0,0,0,0,0
"NC0351015","inside","total",12.98,0,298.86,278.38,7.5,0,0
"NC0351015","inside","water",5,0,102.47,93.72,3.75,0,0
"NC0351015","outside","sewer",15.97,0,371.56,351.84,3.75,0,0
"NC0351015","outside","total",24.97,0,533.3,500.83,7.5,0,0
"NC0351015","outside","water",9,0,161.74,148.99,3.75,0,0
"NC0351020","inside","sewer",21.91,0,106.51,84.6,0,0,0
"NC0351020","inside","storm",0,0,0,0,0,0,0
"NC0351020","inside","total",43.97,0,200.23,156.26,0,0,0
"NC0351020","inside","water",22.06,0,93.72,71.66,0,0,0
"NC0351020","outside","sewer",27.39,0,133.14,105.75,0,0,0
"NC0351020","outside","total",54.47,0,249.71,195.24,0,0,0
"NC0351020","outside","water",27.08,0,116.57,89.49,0,0,0
"NC0351025","inside","sewer",13.5,0,95.25,81.75,0,0,0
"NC0351025","inside","storm",0,0,0,0,0,0,0
"NC0351025","inside","total",25,0,171.1,146.1,0,0,0
"NC0351025","inside","water",11.5,0,75.85,64.35,0,0,0
"NC0351025","outside","sewer",15,0,153.3,138.3,0,0,0
"NC0351025","outside","total",28.5,0,270.75,242.25,0,0,0
"NC0351025","outside","water",13.5,0,117.45,103.95,0,0,0
"NC0351030","inside","sewer",8.5,0,145.9,137.4,0,0,0
"NC0351030","inside","storm",0,0,0,0,0,0,0
"NC0351030","inside","total",13.5,0,241.5,228,0,0,0
"NC0351030","inside","water",5,0,95.6,90.6,0,0,0
"NC0351030","outside","sewer",15,0,260.1,245.1,0,0,0
"NC0351030","outside","total",25,0,419.8,394.8,0,0,0
"NC0351030","outside","water",10,0,159.7,149.7,0,0,0
"NC0351035","inside","sewer",25.08,0,132.46,107.38,0,0,0
"NC0351035","inside","storm",0,0,0,0,0,0,0
"NC0351035","inside","total",39.38,0,195.4,156.02,0,0,0
"NC0351035","inside","water",14.3,0,62.94,48.64,0,0,0
"NC0351035","outside","sewer",38.5,0,201.18,162.68,0,0,0
"NC0351035","outside","total",60.39,0,306.65,246.26,0,0,0
"NC0351035","outside","water",21.89,0,105.47,83.58,0,0,0
"NC0351040","inside","sewer",19,0,109,90,0,0,0
"NC0351040","inside","storm",0,0,0,0,0,0,0
"NC0351040","inside","total",31,0,166,135,0,0,0
"NC0351040","inside","water",12,0,57,45,0,0,0
"NC0351040","outside","sewer",26.65,0,152.65,126,0,0,0
"NC0351040","outside","total",45.15,0,225.15,180,0,0,0
"NC0351040","outside","water",18.5,0,72.5,54,0,0,0
"NC0351045","inside","sewer",15.78,0,141.33,125.55,0,0,0
"NC0351045","inside","storm",0,0,0,0,0,0,0
"NC0351045","inside","total",39.13,0,203.68,164.55,0,0,0
"NC0351045","inside","water",23.35,0,62.35,39,0,0,0
"NC0351045","outside","sewer",28.73,0,233.33,204.6,0,0,0
"NC0351045","outside","total",65.26,0,334.21,268.95,0,0,0
"NC0351045","outside","water",36.53,0,100.88,64.35,0,0,0
"NC0351050","inside","sewer",10.5,0,141.11,130.61,0,0,0
"NC0351050","inside","storm",0,0,0,0,0,0,0
"NC0351050","inside","total",21,0,286.41,265.41,0,0,0
"NC0351050","inside","water",10.5,0,145.3,134.8,0,0,0
"NC0351050","outside","sewer",15.75,0,146.36,130.61,0,0,0
"NC0351050","outside","total",31.5,0,364.3,332.8,0,0,0
"NC0351050","outside","water",15.75,0,217.94,202.19,0,0,0
"NC0351070","inside","sewer",26.5,0,115.75,89.25,0,0,0
"NC0351070","inside","storm",0,0,0,0,0,0,0
"NC0351070","inside","total",45.5,0,199.04,153.54,0,0,0
"NC0351070","inside","water",19,0,83.29,64.29,0,0,0
"NC0351195","inside","sewer",72.04,0,72.04,0,0,0,0
"NC0351195","inside","storm",0,0,0,0,0,0,0
"NC0351195","inside","total",91.29,0,178.74,0,0,0,0
"NC0351195","inside","water",19.25,0,106.7,87.45,0,0,0
"NC0353010","inside","sewer",16.08,0,107.48,91.4,0,0,0
"NC0353010","inside","storm",0,0,0,0,0,0,0
"NC0353010","inside","total",31.13,0,200.29,169.16,0,0,0
"NC0353010","inside","water",15.05,0,92.81,77.76,0,0,0
"NC0353010","outside","sewer",24.11,0,161.04,136.93,0,0,0
"NC0353010","outside","total",54.2,0,346.13,291.93,0,0,0
"NC0353010","outside","water",30.09,0,185.09,155,0,0,0
"NC0353015","inside","sewer",8,0,81.5,73.5,0,0,0
"NC0353015","inside","storm",0,0,0,0,0,0,0
"NC0353015","inside","total",16,0,154.5,138.5,0,0,0
"NC0353015","inside","water",8,0,73,65,0,0,0
"NC0353015","outside","sewer",8,0,154.99,146.99,0,0,0
"NC0353015","outside","total",16,0,292.98,276.98,0,0,0
"NC0353015","outside","water",8,0,137.99,129.99,0,0,0
"NC0353101","inside","sewer",35.52,0,161.67,126.15,0,0,0
"NC0353101","inside","storm",0,0,0,0,0,0,0
"NC0353101","inside","total",50.12,0,252.32,202.2,0,0,0
"NC0353101","inside","water",14.6,0,90.65,76.05,0,0,0
"NC0362015","inside","sewer",15,0,126.54,111.54,0,0,0
"NC0362015","inside","storm",0,0,0,0,0,0,0
"NC0362015","inside","total",22.68,1.62,235.58,211.28,0,0,0
"NC0362015","inside","water",7.68,1.62,109.04,99.74,0,0,0
"NC0362015","outside","sewer",32.6,0,130.09,97.49,0,0,0
"NC0362015","outside","total",44.2,1.62,317.31,271.49,0,0,0
"NC0362015","outside","water",11.6,1.62,187.22,174,0,0,0
"NC0362020","inside","sewer",19.5,0,116.87,97.37,0,0,0
"NC0362020","inside","storm",0,0,0,0,0,0,0
"NC0362020","inside","total",34.13,0,197.8,163.67,0,0,0
"NC0362020","inside","water",14.63,0,80.93,66.3,0,0,0
"NC0362020","outside","sewer",19.5,0,116.87,97.37,0,0,0
"NC0362020","outside","total",37.5,0,227.56,190.06,0,0,0
"NC0362020","outside","water",18,0,110.69,92.69,0,0,0
"NC0362025","inside","sewer",24.25,0,102.25,78,0,0,0
"NC0362025","inside","storm",0,0,0,0,0,0,0
"NC0362025","inside","total",45.33,0,201.33,156,0,0,0
"NC0362025","inside","water",21.08,0,99.08,78,0,0,0
"NC0362025","outside","sewer",30,0,108,78,0,0,0
"NC0362025","outside","total",57.82,0,213.82,156,0,0,0
"NC0362025","outside","water",27.82,0,105.82,78,0,0,0
"NC0362030","inside","sewer",26.22,0,89.27,63.05,0,0,0
"NC0362030","inside","storm",0,0,0,0,0,0,0
"NC0362030","inside","total",51.53,0,198.81,147.28,0,0,0
"NC0362030","inside","water",25.31,0,109.54,84.23,0,0,0
"NC0362030","outside","sewer",42.74,0,105.79,63.05,0,0,0
"NC0362030","outside","total",87.19,0,318.71,231.52,0,0,0
"NC0362030","outside","water",44.45,0,212.92,168.47,0,0,0
"NC0362035","inside","sewer",12,0,83.49,71.49,0,0,0
"NC0362035","inside","storm",0,0,0,0,0,0,0
"NC0362035","inside","total",24,0,166.98,142.98,0,0,0
"NC0362035","inside","water",12,0,83.49,71.49,0,0,0
"NC0362035","outside","sewer",22,0,164.99,142.99,0,0,0
"NC0362035","outside","total",44,0,329.98,285.98,0,0,0
"NC0362035","outside","water",22,0,164.99,142.99,0,0,0
"NC0363010","inside","sewer",4.99,0,92.44,87.45,0,0,0
"NC0363010","inside","storm",0,0,0,0,0,0,0
"NC0363010","inside","total",16.25,0,152.9,136.65,0,0,0
"NC0363010","inside","water",11.26,0,60.46,49.2,0,0,0
"NC0363010","outside","sewer",9.98,0,184.88,174.9,0,0,0
"NC0363010","outside","total",32.5,0,305.8,273.3,0,0,0
"NC0363010","outside","water",22.52,0,120.92,98.4,0,0,0
"NC0363015","inside","sewer",21.6,0,143.56,121.96,0,0,0
"NC0363015","inside","storm",0,0,0,0,0,0,0
"NC0363015","inside","total",42,0,257,215,0,0,0
"NC0363015","inside","water",20.4,0,113.44,93.04,0,0,0
"NC0363015","outside","sewer",21.6,0,208.24,186.64,0,0,0
"NC0363015","outside","total",62.4,0,435.68,373.28,0,0,0
"NC0363015","outside","water",40.8,0,227.44,186.64,0,0,0
"NC0363030","inside","sewer",11,0,99.84,88.84,0,0,0
"NC0363030","inside","storm",0,0,0,0,0,0,0
"NC0363030","inside","total",23,0,177.12,154.12,0,0,0
"NC0363030","inside","water",12,0,77.28,65.28,0,0,0
"NC0363030","outside","sewer",16.5,0,149.74,133.24,0,0,0
"NC0363030","outside","total",34.5,0,265.84,231.34,0,0,0
"NC0363030","outside","water",18,0,116.1,98.1,0,0,0
"NC0363035","inside","sewer",28.4,0,54.4,26,0,0,0
"NC0363035","inside","storm",0,0,0,0,0,0,0
"NC0363035","inside","total",61,0,126,65,0,0,0
"NC0363035","inside","water",32.6,0,71.6,39,0,0,0
"NC0363045","inside","sewer",11.33,0,104.7,93.37,0,0,0
"NC0363045","inside","storm",0,0,0,0,0,0,0
"NC0363045","inside","total",21.02,0,189.39,168.37,0,0,0
"NC0363045","inside","water",9.69,0,84.69,75,0,0,0
"NC0363103","inside","sewer",11.33,0,104.7,93.37,0,0,0
"NC0363103","inside","storm",0,0,0,0,0,0,0
"NC0363103","inside","total",21.02,0,189.39,168.37,0,0,0
"NC0363103","inside","water",9.69,0,84.69,75,0,0,0
"NC0363108","inside","sewer",11.33,0,104.7,93.37,0,0,0
"NC0363108","inside","storm",0,0,0,0,0,0,0
"NC0363108","inside","total",21.02,0,189.39,168.37,0,0,0
"NC0363108","inside","water",9.69,0,84.69,75,0,0,0
"NC0363112","inside","sewer",4.99,0,92.44,87.45,0,0,0
"NC0363112","inside","storm",0,0,0,0,0,0,0
"NC0363112","inside","total",16.25,0,152.9,136.65,0,0,0
"NC0363112","inside","water",11.26,0,60.46,49.2,0,0,0
"NC0363112","outside","sewer",9.98,0,184.88,174.9,0,0,0
"NC0363112","outside","total",32.5,0,305.8,273.3,0,0,0
"NC0363112","outside","water",22.52,0,120.92,98.4,0,0,0
"NC0363117","inside","sewer",11.33,0,104.7,93.37,0,0,0
"NC0363117","inside","storm",0,0,0,0,0,0,0
"NC0363117","inside","total",21.02,0,189.39,168.37,0,0,0
"NC0363117","inside","water",9.69,0,84.69,75,0,0,0
"NC0363152","inside","sewer",11.33,0,104.7,93.37,0,0,0
"NC0363152","inside","storm",0,0,0,0,0,0,0
"NC0363152","inside","total",21.02,0,189.39,168.37,0,0,0
"NC0363152","inside","water",9.69,0,84.69,75,0,0,0
"NC0363153","inside","sewer",11.33,0,104.7,93.37,0,0,0
"NC0363153","inside","storm",0,0,0,0,0,0,0
"NC0363153","inside","total",21.02,0,189.39,168.37,0,0,0
"NC0363153","inside","water",9.69,0,84.69,75,0,0,0
"NC0368010","inside","sewer",12.85,0,116.95,104.1,0,0,0
"NC0368010","inside","storm",0,0,14.78,0,0,0,0
"NC0368010","inside","total",28.86,0,259.64,230.78,0,0,0
"NC0368010","inside","water",16.01,0,142.69,126.68,0,0,0
"NC0368015","inside","sewer",34.23,0,205.34,171.11,0,0,0
"NC0368015","inside","storm",0,0,6.25,0,0,0,0
"NC0368015","inside","total",57.38,0,344.23,286.85,0,0,0
"NC0368015","inside","water",23.15,0,138.89,115.74,0,0,0
"NC0368015","outside","sewer",66.73,0,400.33,333.6,0,0,0
"NC0368015","outside","total",111.88,0,671.21,559.33,0,0,0
"NC0368015","outside","water",45.15,0,270.88,225.73,0,0,0
"NC0368020","inside","sewer",32.89,0,32.89,0,0,0,0
"NC0368020","inside","storm",0,0,0,0,0,0,0
"NC0368020","inside","total",50.89,0,133.39,0,0,0,0
"NC0368020","inside","water",18,0,100.5,82.5,0,0,0
"NC0377010","inside","sewer",13,0,80.5,67.5,0,0,0
"NC0377010","inside","storm",0,0,0,0,0,0,0
"NC0377010","inside","total",31,0,143.5,112.5,0,0,0
"NC0377010","inside","water",18,0,63,45,0,0,0
"NC0377010","outside","sewer",18,0,145.48,127.48,0,0,0
"NC0377010","outside","total",46,0,248.47,202.47,0,0,0
"NC0377010","outside","water",28,0,102.99,74.99,0,0,0
"NC0377015","inside","sewer",4.9,0,33.5,28.6,0,0,0
"NC0377015","inside","storm",0,0,0,0,0,0,0
"NC0377015","inside","total",14.2,0,71.4,57.2,0,0,0
"NC0377015","inside","water",9.3,0,37.9,28.6,0,0,0
"NC0377020","inside","sewer",36,0,85.42,49.42,0,0,0
"NC0377020","inside","storm",0,0,0,0,0,0,0
"NC0377020","inside","total",49.76,0,129.98,80.22,0,0,0
"NC0377020","inside","water",13.76,0,44.56,30.8,0,0,0
"NC0377020","outside","sewer",54,0,128.19,74.19,0,0,0
"NC0377020","outside","total",82.66,0,203.05,120.39,0,0,0
"NC0377020","outside","water",28.66,0,74.86,46.2,0,0,0
"NC0378010","inside","sewer",18.15,0,85.91,67.76,0,0,0
"NC0378010","inside","storm",0,0,4.25,0,0,0,0
"NC0378010","inside","total",27.38,0,142.32,114.94,0,0,0
"NC0378010","inside","water",9.23,0,56.41,47.18,0,0,0
"NC0378010","outside","sewer",45.33,0,214.58,169.25,0,0,0
"NC0378010","outside","total",68.23,0,355.21,286.98,0,0,0
"NC0378010","outside","water",22.9,0,140.63,117.73,0,0,0
"NC0378015","inside","sewer",32,0,87.85,55.85,0,0,0
"NC0378015","inside","storm",0,0,0,0,0,0,0
"NC0378015","inside","total",56,0,145.35,89.35,0,0,0
"NC0378015","inside","water",24,0,57.5,33.5,0,0,0
"NC0378015","outside","sewer",48.18,0,152.35,104.17,0,0,0
"NC0378015","outside","total",84.18,0,247.85,163.67,0,0,0
"NC0378015","outside","water",36,0,95.5,59.5,0,0,0
"NC0378020","inside","sewer",5.41,0,156.87,151.46,0,0,0
"NC0378020","inside","storm",0,0,0,0,0,0,0
"NC0378020","inside","total",15.93,0,262.29,246.36,0,0,0
"NC0378020","inside","water",10.52,0,105.42,94.9,0,0,0
"NC0378020","outside","sewer",0,0,324.6,324.6,0,0,0
"NC0378020","outside","total",0,0,535.42,514.38,0,0,0
"NC0378020","outside","water",21.04,0,210.82,189.78,0,0,0
"NC0378025","inside","sewer",27.43,0,82.55,55.12,0,0,0
"NC0378025","inside","storm",0,0,0,0,0,0,0
"NC0378025","inside","total",50.71,0,151.33,100.62,0,0,0
"NC0378025","inside","water",23.28,0,68.78,45.5,0,0,0
"NC0378025","outside","sewer",54.86,17.23,182.32,110.23,0,0,0
"NC0378025","outside","total",101.42,17.23,319.87,201.22,0,0,0
"NC0378025","outside","water",46.56,0,137.55,90.99,0,0,0
"NC0378030","inside","sewer",28,0,74.7,46.7,0,0,0
"NC0378030","inside","storm",0,0,0,0,0,0,0
"NC0378030","inside","total",46,0,148.2,102.2,0,0,0
"NC0378030","inside","water",18,0,73.5,55.5,0,0,0
"NC0378030","outside","sewer",56,0,149.38,93.38,0,0,0
"NC0378030","outside","total",92,0,296.36,204.36,0,0,0
"NC0378030","outside","water",36,0,146.98,110.98,0,0,0
"NC0378035","inside","sewer",17.77,0,44.27,26.5,0,0,0
"NC0378035","inside","storm",0,0,0,0,0,0,0
"NC0378035","inside","total",33.93,0,84.55,50.62,0,0,0
"NC0378035","inside","water",16.16,0,40.28,24.12,0,0,0
"NC0378035","outside","sewer",35.53,0,88.65,53.12,0,0,0
"NC0378035","outside","total",67.83,0,169.2,101.37,0,0,0
"NC0378035","outside","water",32.3,0,80.55,48.25,0,0,0
"NC0378040","inside","sewer",0,0,67.84,30.03,0,37.81,0
"NC0378040","inside","storm",0,0,0,0,0,0,0
"NC0378040","inside","total",0,0,116.87,60.06,0,0,0
"NC0378040","inside","water",19,0,49.03,30.03,0,0,0
"NC0378040","outside","sewer",0,0,119.87,60.06,0,59.81,0
"NC0378040","outside","total",0,0,217.93,120.12,0,0,0
"NC0378040","outside","water",38,0,98.06,60.06,0,0,0
"NC0378045","inside","sewer",19.29,0,185.18,165.89,0,0,0
"NC0378045","inside","storm",0,0,0,0,0,0,0
"NC0378045","inside","total",44.93,0,376.71,331.78,0,0,0
"NC0378045","inside","water",25.64,0,191.53,165.89,0,0,0
"NC0378045","outside","sewer",19.29,0,185.18,165.89,0,0,0
"NC0378045","outside","total",54.58,0,386.36,331.78,0,0,0
"NC0378045","outside","water",35.29,0,201.18,165.89,0,0,0
"NC0382010","inside","sewer",14.43,0,54.94,40.51,0,0,0
"NC0382010","inside","storm",0,0,0,0,0,0,0
"NC0382010","inside","total",28.27,0,104.23,75.96,0,0,0
"NC0382010","inside","water",13.84,0,49.29,35.45,0,0,0
"NC0382010","outside","sewer",28.86,0,109.87,81.01,0,0,0
"NC0382010","outside","total",56.54,0,208.45,151.91,0,0,0
"NC0382010","outside","water",27.68,0,98.58,70.9,0,0,0
"NC0382015","inside","sewer",22,0,86.19,64.19,0,0,0
"NC0382015","inside","storm",0,0,0,0,0,0,0
"NC0382015","inside","total",41,0,169.38,128.38,0,0,0
"NC0382015","inside","water",19,0,83.19,64.19,0,0,0
"NC0382015","outside","sewer",35,0,136.99,101.99,0,0,0
"NC0382015","outside","total",68.5,0,272.48,203.98,0,0,0
"NC0382015","outside","water",33.5,0,135.49,101.99,0,0,0
"NC0382020","inside","sewer",21,0,81,60,0,0,0
"NC0382020","inside","storm",0,0,0,0,0,0,0
"NC0382020","inside","total",34,0,146.5,112.5,0,0,0
"NC0382020","inside","water",13,0,65.5,52.5,0,0,0
"NC0382020","outside","sewer",36,0,103.5,67.5,0,0,0
"NC0382020","outside","total",58,0,185.5,127.5,0,0,0
"NC0382020","outside","water",22,0,82,60,0,0,0
"NC0382025","inside","sewer",10.5,0,100.5,90,0,0,0
"NC0382025","inside","storm",0,0,0,0,0,0,0
"NC0382025","inside","total",21,0,167.25,146.25,0,0,0
"NC0382025","inside","water",10.5,0,66.75,56.25,0,0,0
"NC0382025","outside","sewer",16.25,0,132.5,116.25,0,0,0
"NC0382025","outside","total",32.5,0,227.5,195,0,0,0
"NC0382025","outside","water",16.25,0,95,78.75,0,0,0
"NC0382035","inside","sewer",19.5,0,81.75,62.25,0,0,0
"NC0382035","inside","storm",0,0,0,0,0,0,0
"NC0382035","inside","total",35,0,152,117,0,0,0
"NC0382035","inside","water",15.5,0,70.25,54.75,0,0,0
"NC0382035","outside","sewer",19.5,0,81.75,62.25,0,0,0
"NC0382035","outside","total",43.25,0,160.25,117,0,0,0
"NC0382035","outside","water",23.75,0,78.5,54.75,0,0,0
"NC0383010","inside","sewer",11.68,0,64.18,52.5,0,0,0
"NC0383010","inside","storm",0,0,0,0,0,0,0
"NC0383010","inside","total",24.86,0,107.3,82.44,0,0,0
"NC0383010","inside","water",13.18,0,43.12,29.94,0,0,0
"NC0383010","outside","sewer",23.36,0,75.86,52.5,0,0,0
"NC0383010","outside","total",55.21,0,167.78,112.57,0,0,0
"NC0383010","outside","water",31.85,0,91.92,60.07,0,0,0
"NC0383015","inside","sewer",10.35,0,39.75,29.4,0,0,0
"NC0383015","inside","storm",0,0,0,0,0,0,0
"NC0383015","inside","total",35.2,0,87.53,52.33,0,0,0
"NC0383015","inside","water",24.85,0,47.78,22.93,0,0,0
"NC0383015","outside","sewer",10.35,0,39.75,29.4,0,0,0
"NC0383015","outside","total",51.05,0,126.31,75.26,0,0,0
"NC0383015","outside","water",40.7,0,86.56,45.86,0,0,0
"NC0383020","inside","sewer",19,0,56.5,37.5,0,0,0
"NC0383020","inside","storm",0,0,0,0,0,0,0
"NC0383020","inside","total",37,0,112,75,0,0,0
"NC0383020","inside","water",18,0,55.5,37.5,0,0,0
"NC0383020","outside","sewer",23,0,86,63,0,0,0
"NC0383020","outside","total",46,0,172,126,0,0,0
"NC0383020","outside","water",23,0,86,63,0,0,0
"NC0392010","inside","sewer",9.01,5.62,105.47,90.84,0,0,0
"NC0392010","inside","storm",0,0,5,0,0,0,0
"NC0392010","inside","total",16.39,7.5,210.96,184.82,2.25,0,0
"NC0392010","inside","water",7.38,1.88,105.49,93.98,2.25,0,0
"NC0392010","outside","sewer",18.02,5.62,205.31,181.67,0,0,0
"NC0392010","outside","total",32.78,7.5,412.15,369.62,2.25,0,0
"NC0392010","outside","water",14.76,1.88,206.84,187.95,2.25,0,0
"NC0392020","inside","sewer",3.32,0,161.57,158.25,0,0,0
"NC0392020","inside","storm",0,0,0,0,0,0,0
"NC0392020","inside","total",6.64,0,255.09,248.45,0,0,0
"NC0392020","inside","water",3.32,0,93.52,90.2,0,0,0
"NC0392020","outside","sewer",4.98,0,242.43,237.45,0,0,0
"NC0392020","outside","total",9.96,0,382.77,372.81,0,0,0
"NC0392020","outside","water",4.98,0,140.34,135.36,0,0,0
"NC0392045","inside","sewer",9.46,0,110.86,101.4,0,0,0
"NC0392045","inside","storm",0,0,0,0,0,0,0
"NC0392045","inside","total",15,0,189.92,174.92,0,0,0
"NC0392045","inside","water",5.54,0,79.06,73.52,0,0,0
"NC0392045","outside","sewer",18.91,0,221.71,202.8,0,0,0
"NC0392045","outside","total",29.99,0,379.83,349.84,0,0,0
"NC0392045","outside","water",11.08,0,158.12,147.04,0,0,0
"NC0392050","inside","sewer",18.75,0,293.42,274.67,0,0,0
"NC0392050","inside","storm",0,0,3,0,0,0,0
"NC0392050","inside","total",31.25,0,397.47,366.22,0,0,0
"NC0392050","inside","water",12.5,0,104.05,91.55,0,0,0
"NC0392050","outside","sewer",18.75,0,293.42,274.67,0,0,0
"NC0392050","outside","total",43.75,0,501.54,457.79,0,0,0
"NC0392050","outside","water",25,0,208.12,183.12,0,0,0
"NC0392055","inside","sewer",14.2,0,105.4,91.2,0,0,0
"NC0392055","inside","storm",0,0,0,0,0,0,0
"NC0392055","inside","total",24.43,0,193.18,168.75,0,0,0
"NC0392055","inside","water",10.23,0,87.78,77.55,0,0,0
"NC0392055","outside","sewer",28.4,0,210.8,182.4,0,0,0
"NC0392055","outside","total",48.86,0,386.36,337.5,0,0,0
"NC0392055","outside","water",20.46,0,175.56,155.1,0,0,0
"NC0407010","inside","sewer",20.65,0,105.55,84.9,0,0,0
"NC0407010","inside","storm",0,0,4,0,0,0,0
"NC0407010","inside","total",35.98,0,182.28,146.3,0,0,0
"NC0407010","inside","water",15.33,0,76.73,61.4,0,0,0
"NC0407010","outside","sewer",42.76,0,127.66,84.9,0,0,0
"NC0407010","outside","total",75.34,0,236.9,161.56,0,0,0
"NC0407010","outside","water",32.58,0,109.24,76.66,0,0,0
"NC0407015","inside","sewer",38.5,0,151.05,112.55,0,0,0
"NC0407015","inside","storm",0,0,0,0,0,0,0
"NC0407015","inside","total",68.5,0,269.24,200.74,0,0,0
"NC0407015","inside","water",30,0,118.19,88.19,0,0,0
"NC0407020","inside","sewer",17.3,0,63.05,45.75,0,0,0
"NC0407020","inside","storm",0,0,0,0,0,0,0
"NC0407020","inside","total",38.93,0,136.73,97.8,0,0,0
"NC0407020","inside","water",21.63,0,73.68,52.05,0,0,0
"NC0407020","outside","sewer",17.3,0,63.05,45.75,0,0,0
"NC0407020","outside","total",60.55,0,210.4,149.85,0,0,0
"NC0407020","outside","water",43.25,0,147.35,104.1,0,0,0
"NC0407025","inside","sewer",18.7,0,193.93,175.23,0,0,0
"NC0407025","inside","storm",0,0,0,0,0,0,0
"NC0407025","inside","total",31.6,0,271.32,239.72,0,0,0
"NC0407025","inside","water",12.9,0,77.39,64.49,0,0,0
"NC0407025","outside","sewer",37.4,0,212.63,175.23,0,0,0
"NC0407025","outside","total",63.2,0,302.92,239.72,0,0,0
"NC0407025","outside","water",25.8,0,90.29,64.49,0,0,0
"NC0407030","inside","sewer",31,0,160.99,129.99,0,0,0
"NC0407030","inside","storm",0,0,0,0,0,0,0
"NC0407030","inside","total",62,0,321.98,259.98,0,0,0
"NC0407030","inside","water",31,0,160.99,129.99,0,0,0
"NC0408010","inside","sewer",11,0,63.5,52.5,0,0,0
"NC0408010","inside","storm",0,0,0,0,0,0,0
"NC0408010","inside","total",22,0,113,91,0,0,0
"NC0408010","inside","water",11,0,49.5,38.5,0,0,0
"NC0408010","outside","sewer",22,0,126.99,104.99,0,0,0
"NC0408010","outside","total",44,0,225.98,181.98,0,0,0
"NC0408010","outside","water",22,0,98.99,76.99,0,0,0
"NC0408015","inside","sewer",15,0,56.25,41.25,0,0,0
"NC0408015","inside","storm",0,0,0,0,0,0,0
"NC0408015","inside","total",41,0,119.75,78.75,0,0,0
"NC0408015","inside","water",26,0,63.5,37.5,0,0,0
"NC0408015","outside","sewer",20,0,83.75,63.75,0,0,0
"NC0408015","outside","total",56,0,168.5,112.5,0,0,0
"NC0408015","outside","water",36,0,84.75,48.75,0,0,0
"NC0408040","inside","sewer",37,0,37,0,0,0,0
"NC0408040","inside","storm",0,0,0,0,0,0,0
"NC0408040","inside","total",72,0,72,0,0,0,0
"NC0408040","inside","water",35,0,35,0,0,0,0
"NC0410010","inside","sewer",70.17,0,149.6,79.43,0,0,0
"NC0410010","inside","storm",0,0,0,0,0,0,0
"NC0410010","inside","total",95.09,0,250.94,155.85,0,0,0
"NC0410010","inside","water",24.92,0,101.34,76.42,0,0,0
"NC0410010","outside","sewer",145.34,0,342.72,197.38,0,0,0
"NC0410010","outside","total",185.86,0,497.95,312.09,0,0,0
"NC0410010","outside","water",40.52,0,155.23,114.71,0,0,0
"NC0410020","inside","sewer",38.41,0,130.03,91.62,0,0,0
"NC0410020","inside","storm",0,0,4.13,0,0,0,0
"NC0410020","inside","total",62.13,0,208.94,146.81,0,0,0
"NC0410020","inside","water",23.72,0,78.91,55.19,0,0,0
"NC0410020","outside","sewer",48.01,0,162.51,114.5,0,0,0
"NC0410020","outside","total",77.66,0,261.17,183.51,0,0,0
"NC0410020","outside","water",29.65,0,98.66,69.01,0,0,0
"NC0410025","inside","sewer",42.09,0,183.22,141.13,0,0,0
"NC0410025","inside","storm",0,0,0,0,0,0,0
"NC0410025","inside","total",62.08,0,277.97,215.89,0,0,0
"NC0410025","inside","water",19.99,0,94.75,74.76,0,0,0
"NC0410025","outside","sewer",60.14,0,271.88,211.74,0,0,0
"NC0410025","outside","total",89.12,0,413.06,323.94,0,0,0
"NC0410025","outside","water",28.98,0,141.18,112.2,0,0,0
"NC0410035","inside","sewer",15,0,88.05,73.05,0,0,0
"NC0410035","inside","storm",0,0,0,0,0,0,0
"NC0410035","inside","total",30,0,163.2,133.2,0,0,0
"NC0410035","inside","water",15,0,75.15,60.15,0,0,0
"NC0410035","outside","sewer",15,0,88.05,73.05,0,0,0
"NC0410035","outside","total",37.5,0,200.7,163.2,0,0,0
"NC0410035","outside","water",22.5,0,112.65,90.15,0,0,0
"NC0410045","inside","sewer",39,0,116.99,77.99,0,0,0
"NC0410045","inside","storm",0,0,0,0,0,0,0
"NC0410045","inside","total",51,0,176.24,125.24,0,0,0
"NC0410045","inside","water",12,0,59.25,47.25,0,0,0
"NC0410060","inside","sewer",14.1,0,106.93,92.83,0,0,0
"NC0410060","inside","storm",0,0,0,0,0,0,0
"NC0410060","inside","total",32.1,0,229.73,197.63,0,0,0
"NC0410060","inside","water",18,0,122.8,104.8,0,0,0
"NC0410065","inside","sewer",20,0,134.99,114.99,0,0,0
"NC0410065","inside","storm",0,0,0,0,0,0,0
"NC0410065","inside","total",36.5,0,213.99,177.49,0,0,0
"NC0410065","inside","water",16.5,0,79,62.5,0,0,0
"NC0410130","inside","sewer",65.95,0,65.95,0,0,0,0
"NC0410130","inside","storm",0,0,8,0,0,0,0
"NC0410130","inside","total",86.85,14.9,218.52,0,0,0,0
"NC0410130","inside","water",20.9,14.9,152.57,116.77,0,0,0
"NC0415010","inside","sewer",32.89,0,32.89,0,0,0,0
"NC0415010","inside","storm",0,0,0,0,0,0,0
"NC0415010","inside","total",56.89,0,136.36,0,0,0,0
"NC0415010","inside","water",24,0,103.47,79.47,0,0,0
"NC0415015","inside","sewer",29,0,136.97,107.97,0,0,0
"NC0415015","inside","storm",0,0,0,0,0,0,0
"NC0415015","inside","total",54,0,243.94,189.94,0,0,0
"NC0415015","inside","water",25,0,106.97,81.97,0,0,0
"NC0416010","inside","sewer",21.17,0,273.17,252,0,0,0
"NC0416010","inside","storm",0,0,5.85,0,0,0,0
"NC0416010","inside","total",31.54,0,359.59,328.05,0,0,0
"NC0416010","inside","water",10.37,0,86.42,76.05,0,0,0
"NC0416010","outside","sewer",42.34,0,546.34,504,0,0,0
"NC0416010","outside","total",63.08,0,681.23,618.15,0,0,0
"NC0416010","outside","water",20.74,0,134.89,114.15,0,0,0
"NC0416015","inside","sewer",20.37,0,152.83,132.46,0,0,0
"NC0416015","inside","storm",0,0,0,0,0,0,0
"NC0416015","inside","total",37.66,0,282.56,244.9,0,0,0
"NC0416015","inside","water",17.29,0,129.73,112.44,0,0,0
"NC0416015","outside","sewer",20.37,0,152.83,132.46,0,0,0
"NC0416015","outside","total",46.26,0,347.06,300.8,0,0,0
"NC0416015","outside","water",25.89,0,194.23,168.34,0,0,0
"NC0416020","inside","sewer",18,0,146.96,128.96,0,0,0
"NC0416020","inside","storm",0,0,0,0,0,0,0
"NC0416020","inside","total",35,0,259.94,224.94,0,0,0
"NC0416020","inside","water",17,0,112.98,95.98,0,0,0
"NC0416020","outside","sewer",18,0,146.96,128.96,0,0,0
"NC0416020","outside","total",52,0,372.92,320.92,0,0,0
"NC0416020","outside","water",34,0,225.96,191.96,0,0,0
"NC0416028","inside","sewer",80,0,80,0,0,0,0
"NC0416028","inside","storm",0,0,0,0,0,0,0
"NC0416028","inside","total",95,0,125,0,0,0,0
"NC0416028","inside","water",15,0,45,30,0,0,0
"NC0416031","inside","sewer",32.89,0,32.89,0,0,0,0
"NC0416031","inside","storm",0,0,0,0,0,0,0
"NC0416031","inside","total",43.89,0,98.96,0,0,0,0
"NC0416031","inside","water",11,0,66.07,55.07,0,0,0
"NC0416031","outside","sewer",32.89,0,32.89,0,0,0,0
"NC0416031","outside","total",49.39,0,131.99,0,0,0,0
"NC0416031","outside","water",16.5,0,99.1,82.6,0,0,0
"NC0416040","inside","sewer",32.89,0,32.89,0,0,0,0
"NC0416040","inside","storm",0,0,0,0,0,0,0
"NC0416040","inside","total",51.19,0,181.06,0,0,0,0
"NC0416040","inside","water",18.3,0,148.17,129.87,0,0,0
"NC0421010","inside","sewer",8.95,0,105.7,96.75,0,0,0
"NC0421010","inside","storm",0,0,0,0,0,0,0
"NC0421010","inside","total",17.18,0,212.02,194.84,0,0,0
"NC0421010","inside","water",8.23,0,106.32,98.09,0,0,0
"NC0421010","outside","sewer",15.95,0,159.8,143.85,0,0,0
"NC0421010","outside","total",24.18,0,266.12,241.94,0,0,0
"NC0421010","outside","water",8.23,0,106.32,98.09,0,0,0
"NC0424010","inside","sewer",15,0,90.75,75.75,0,0,0
"NC0424010","inside","storm",0,0,0,0,0,0,0
"NC0424010","inside","total",21,0,126.75,105.75,0,0,0
"NC0424010","inside","water",6,0,36,30,0,0,0
"NC0424010","outside","sewer",30,0,181.5,151.5,0,0,0
"NC0424010","outside","total",42,0,253.5,211.5,0,0,0
"NC0424010","outside","water",12,0,72,60,0,0,0
"NC0424020","inside","sewer",17,0,139.97,122.97,0,0,0
"NC0424020","inside","storm",0,0,0,0,0,0,0
"NC0424020","inside","total",31,0,271.44,240.44,0,0,0
"NC0424020","inside","water",14,0,131.47,117.47,0,0,0
"NC0424020","outside","sewer",32,0,277.94,245.94,0,0,0
"NC0424020","outside","total",58,0,538.88,480.88,0,0,0
"NC0424020","outside","water",26,0,260.94,234.94,0,0,0
"NC0424030","inside","sewer",36.8,0,129.74,92.94,0,0,0
"NC0424030","inside","storm",0,0,0,0,0,0,0
"NC0424030","inside","total",52.3,0,164.74,112.44,0,0,0
"NC0424030","inside","water",15.5,0,35,19.5,0,0,0
"NC0424040","inside","sewer",30.2,0,114.19,83.99,0,0,0
"NC0424040","inside","storm",0,0,0,0,0,0,0
"NC0424040","inside","total",47.2,0,155.19,107.99,0,0,0
"NC0424040","inside","water",17,0,41,24,0,0,0
"NC0424040","outside","sewer",46.5,0,154.49,107.99,0,0,0
"NC0424040","outside","total",67.5,0,205.49,137.99,0,0,0
"NC0424040","outside","water",21,0,51,30,0,0,0
"NC0424045","inside","sewer",35.5,0,108.09,72.59,0,0,0
"NC0424045","inside","storm",0,0,0,0,0,0,0
"NC0424045","inside","total",53.5,0,159.09,105.59,0,0,0
"NC0424045","inside","water",18,0,51,33,0,0,0
"NC0424045","outside","sewer",40.75,0,109.49,68.74,0,0,0
"NC0424045","outside","total",70.75,0,191.74,120.99,0,0,0
"NC0424045","outside","water",30,0,82.25,52.25,0,0,0
"NC0424050","inside","sewer",19.5,0,82.5,63,0,0,0
"NC0424050","inside","storm",0,0,0,0,0,0,0
"NC0424050","inside","total",36,0,131.5,95.5,0,0,0
"NC0424050","inside","water",16.5,0,49,32.5,0,0,0
"NC0424055","inside","sewer",25,0,109.49,84.49,0,0,0
"NC0424055","inside","storm",0,0,0,0,0,0,0
"NC0424055","inside","total",44,0,158.49,114.49,0,0,0
"NC0424055","inside","water",19,0,49,30,0,0,0
"NC0425010","inside","sewer",14.75,0,99.95,85.2,0,0,0
"NC0425010","inside","storm",0,0,2.1,0,0,0,0
"NC0425010","inside","total",36.37,0,172.32,135.95,0,0,0
"NC0425010","inside","water",21.62,0,72.37,50.75,0,0,0
"NC0425010","outside","sewer",29.49,0,199.89,170.4,0,0,0
"NC0425010","outside","total",72.73,0,344.62,271.89,0,0,0
"NC0425010","outside","water",43.24,0,144.73,101.49,0,0,0
"NC0425015","inside","sewer",25.73,0,135.5,109.77,0,0,0
"NC0425015","inside","storm",0,0,0,0,0,0,0
"NC0425015","inside","total",37.48,10.5,204.43,156.45,0,0,0
"NC0425015","inside","water",11.75,10.5,68.93,46.68,0,0,0
"NC0425015","outside","sewer",25.73,0,135.5,109.77,0,0,0
"NC0425015","outside","total",60.99,10.5,321.47,249.98,0,0,0
"NC0425015","outside","water",35.26,10.5,185.97,140.21,0,0,0
"NC0425020","inside","sewer",27.25,0,65.19,37.94,0,0,0
"NC0425020","inside","storm",0,0,0,0,0,0,0
"NC0425020","inside","total",51.15,0,116.09,64.94,0,0,0
"NC0425020","inside","water",23.9,0,50.9,27,0,0,0
"NC0425020","outside","sewer",33.12,0,79.6,46.48,0,0,0
"NC0425020","outside","total",59.98,0,148.9,88.92,0,0,0
"NC0425020","outside","water",26.86,0,69.3,42.44,0,0,0
"NC0425025","inside","sewer",27,0,83,56,0,0,0
"NC0425025","inside","storm",0,0,0,0,0,0,0
"NC0425025","inside","total",45,0,181.72,136.72,0,0,0
"NC0425025","inside","water",18,0,98.72,80.72,0,0,0
"NC0425025","outside","sewer",47.25,0,145.24,97.99,0,0,0
"NC0425025","outside","total",68.25,0,246.96,178.71,0,0,0
"NC0425025","outside","water",21,0,101.72,80.72,0,0,0
"NC0425040","inside","sewer",26.67,0,152.45,125.78,0,0,0
"NC0425040","inside","storm",0,0,0,0,0,0,0
"NC0425040","inside","total",41.67,0,225.2,183.53,0,0,0
"NC0425040","inside","water",15,0,72.75,57.75,0,0,0
"NC0425040","outside","sewer",43.75,0,252.4,208.65,0,0,0
"NC0425040","outside","total",58.75,0,325.15,266.4,0,0,0
"NC0425040","outside","water",15,0,72.75,57.75,0,0,0
"NC0425113","inside","sewer",24.18,0,160.38,136.2,0,0,0
"NC0425113","inside","storm",0,0,0,0,0,0,0
"NC0425113","inside","total",34.42,0,230.92,196.5,0,0,0
"NC0425113","inside","water",10.24,0,70.54,60.3,0,0,0
"NC0427010","inside","sewer",40,0,260.45,220.45,0,0,0
"NC0427010","inside","storm",0,0,0,0,0,0,0
"NC0427010","inside","total",60,0,353.93,293.93,0,0,0
"NC0427010","inside","water",20,0,93.48,73.48,0,0,0
"NC0427105","inside","sewer",3.98,0,155.82,151.84,0,0,0
"NC0427105","inside","storm",0,0,0,0,0,0,0
"NC0427105","inside","total",13.98,0,267.07,253.09,0,0,0
"NC0427105","inside","water",10,0,111.25,101.25,0,0,0
"NC0428015","inside","sewer",24,0,265.89,241.89,0,0,0
"NC0428015","inside","storm",0,0,0,0,0,0,0
"NC0428015","inside","total",46,0,388.72,342.72,0,0,0
"NC0428015","inside","water",22,0,122.83,100.83,0,0,0
"NC0428015","outside","sewer",24,0,265.89,241.89,0,0,0
"NC0428015","outside","total",51.67,0,401.05,349.38,0,0,0
"NC0428015","outside","water",27.67,0,135.16,107.49,0,0,0
"NC0428020","inside","sewer",18.7,0,123.7,105,0,0,0
"NC0428020","inside","storm",0,0,0,0,0,0,0
"NC0428020","inside","total",36.97,0,194.75,157.78,0,0,0
"NC0428020","inside","water",18.27,0,71.05,52.78,0,0,0
"NC0428020","outside","sewer",37.4,0,247.55,210.15,0,0,0
"NC0428020","outside","total",69.58,0,384.73,315.15,0,0,0
"NC0428020","outside","water",32.18,0,137.18,105,0,0,0
"NC0431010","inside","sewer",21.63,0,91.23,69.6,0,0,0
"NC0431010","inside","storm",0,0,4.85,0,0,0,0
"NC0431010","inside","total",35.02,0,137.47,102.45,0,0,0
"NC0431010","inside","water",13.39,0,46.24,32.85,0,0,0
"NC0431010","outside","sewer",33,0,137.25,104.25,0,0,0
"NC0431010","outside","total",56,0,209.6,153.6,0,0,0
"NC0431010","outside","water",23,0,72.35,49.35,0,0,0
"NC0431015","inside","sewer",19.49,0,119.45,99.96,0,0,0
"NC0431015","inside","storm",0,0,3.5,0,0,0,0
"NC0431015","inside","total",34.07,0,182.13,148.06,0,0,0
"NC0431015","inside","water",14.58,0,62.68,48.1,0,0,0
"NC0431015","outside","sewer",39,0,239.05,200.05,0,0,0
"NC0431015","outside","total",68.16,0,363.49,295.33,0,0,0
"NC0431015","outside","water",29.16,0,124.44,95.28,0,0,0
"NC0431020","inside","sewer",13.85,0,172.74,158.89,0,0,0
"NC0431020","inside","storm",0,0,0,0,0,0,0
"NC0431020","inside","total",22.6,0,268.98,246.38,0,0,0
"NC0431020","inside","water",8.75,0,96.24,87.49,0,0,0
"NC0431020","outside","sewer",13.85,0,172.74,158.89,0,0,0
"NC0431020","outside","total",25.7,0,315.48,289.78,0,0,0
"NC0431020","outside","water",11.85,0,142.74,130.89,0,0,0
"NC0431025","inside","sewer",16.15,0,88.15,72,0,0,0
"NC0431025","inside","storm",0,0,0,0,0,0,0
"NC0431025","inside","total",37.4,0,149.85,112.45,0,0,0
"NC0431025","inside","water",21.25,0,61.7,40.45,0,0,0
"NC0431025","outside","sewer",32.05,0,172.3,140.25,0,0,0
"NC0431025","outside","total",71.68,0,284.52,212.84,0,0,0
"NC0431025","outside","water",39.63,0,112.22,72.59,0,0,0
"NC0431030","inside","sewer",16,0,92.98,76.98,0,0,0
"NC0431030","inside","storm",0,0,0,0,0,0,0
"NC0431030","inside","total",29,0,181.22,152.22,0,0,0
"NC0431030","inside","water",13,0,88.24,75.24,0,0,0
"NC0431030","outside","sewer",32,0,185.98,153.98,0,0,0
"NC0431030","outside","total",58,0,362.45,304.45,0,0,0
"NC0431030","outside","water",26,0,176.47,150.47,0,0,0
"NC0431035","inside","sewer",22,0,134.18,112.18,0,0,0
"NC0431035","inside","storm",0,0,0,0,0,0,0
"NC0431035","inside","total",37,0,231.46,194.46,0,0,0
"NC0431035","inside","water",15,0,97.28,82.28,0,0,0
"NC0431035","outside","sewer",44,0,245.22,201.22,0,0,0
"NC0431035","outside","total",74,0,416.91,342.91,0,0,0
"NC0431035","outside","water",30,0,171.69,141.69,0,0,0
"NC0431040","inside","sewer",31,0,81,50,0,0,0
"NC0431040","inside","storm",0,0,0,0,0,0,0
"NC0431040","inside","total",53,0,123.62,70.62,0,0,0
"NC0431040","inside","water",22,0,42.62,20.62,0,0,0
"NC0431040","outside","sewer",35,0,104.37,69.37,0,0,0
"NC0431040","outside","total",76,0,182.87,106.87,0,0,0
"NC0431040","outside","water",41,0,78.5,37.5,0,0,0
"NC0431044","inside","sewer",32,0,107.39,75.39,0,0,0
"NC0431044","inside","storm",0,0,0,0,0,0,0
"NC0431044","inside","total",54,0,217.5,163.5,0,0,0
"NC0431044","inside","water",22,0,110.11,88.11,0,0,0
"NC0431044","outside","sewer",47.5,0,144.34,96.84,0,0,0
"NC0431044","outside","total",76.5,0,261.45,184.95,0,0,0
"NC0431044","outside","water",29,0,117.11,88.11,0,0,0
"NC0431045","inside","sewer",20,0,152.49,132.49,0,0,0
"NC0431045","inside","storm",0,0,0,0,0,0,0
"NC0431045","inside","total",35,0,239.98,204.98,0,0,0
"NC0431045","inside","water",15,0,87.49,72.49,0,0,0
"NC0431045","outside","sewer",20,0,152.49,132.49,0,0,0
"NC0431045","outside","total",35,0,269.98,234.98,0,0,0
"NC0431045","outside","water",15,0,117.49,102.49,0,0,0
"NC0433010","inside","sewer",9.49,0,57.04,47.55,0,0,0
"NC0433010","inside","storm",0,0,3,0,0,0,0
"NC0433010","inside","total",15.82,0,103.87,88.05,0,0,0
"NC0433010","inside","water",6.33,0,46.83,40.5,0,0,0
"NC0433010","outside","sewer",9.49,0,104.44,94.95,0,0,0
"NC0433010","outside","total",15.82,0,191.77,175.95,0,0,0
"NC0433010","outside","water",6.33,0,87.33,81,0,0,0
"NC0433015","inside","sewer",18.9,0,77.42,58.52,0,0,0
"NC0433015","inside","storm",0,0,0,0,0,0,0
"NC0433015","inside","total",33.07,0,138.09,105.02,0,0,0
"NC0433015","inside","water",14.17,0,60.67,46.5,0,0,0
"NC0433015","outside","sewer",32.65,0,102.75,70.1,0,0,0
"NC0433015","outside","total",59.95,0,204.29,144.34,0,0,0
"NC0433015","outside","water",27.3,0,101.54,74.24,0,0,0
"NC0433020","inside","sewer",15.1,0,121.08,105.98,0,0,0
"NC0433020","inside","storm",0,0,0,0,0,0,0
"NC0433020","inside","total",40.1,0,227.46,187.36,0,0,0
"NC0433020","inside","water",25,0,106.38,81.38,0,0,0
"NC0433020","outside","sewer",22.25,0,155.33,133.08,0,0,0
"NC0433020","outside","total",55.25,0,293.51,238.26,0,0,0
"NC0433020","outside","water",33,0,138.18,105.18,0,0,0
"NC0433040","inside","sewer",42,0,158.73,116.73,0,0,0
"NC0433040","inside","storm",0,0,3.25,0,0,0,0
"NC0433040","inside","total",83.6,0,303.1,219.5,0,0,0
"NC0433040","inside","water",41.6,0,144.37,102.77,0,0,0
"NC0433040","outside","sewer",84,0,317.46,233.46,0,0,0
"NC0433040","outside","total",167.2,0,606.2,439,0,0,0
"NC0433040","outside","water",83.2,0,288.74,205.54,0,0,0
"NC0433045","inside","sewer",30,0,157.48,127.48,0,0,0
"NC0433045","inside","storm",0,0,0,0,0,0,0
"NC0433045","inside","total",60,0,281.21,221.21,0,0,0
"NC0433045","inside","water",30,0,123.73,93.73,0,0,0
"NC0433050","inside","sewer",30,0,157.48,127.48,0,0,0
"NC0433050","inside","storm",0,0,0,0,0,0,0
"NC0433050","inside","total",60,0,281.21,221.21,0,0,0
"NC0433050","inside","water",30,0,123.73,93.73,0,0,0
"NC0437020","inside","sewer",24,0,107.99,83.99,0,0,0
"NC0437020","inside","storm",0,0,0,0,0,0,0
"NC0437020","inside","total",36,0,161.99,125.99,0,0,0
"NC0437020","inside","water",12,0,54,42,0,0,0
"NC0440010","inside","sewer",0,0,142.5,142.5,0,0,0
"NC0440010","inside","storm",0,0,0,0,0,0,0
"NC0440010","inside","total",0,0,225.5,217.5,0,0,0
"NC0440010","inside","water",8,0,83,75,0,0,0
"NC0440010","outside","sewer",0,0,142.5,142.5,0,0,0
"NC0440010","outside","total",0,0,233.5,217.5,0,0,0
"NC0440010","outside","water",16,0,91,75,0,0,0
"NC0440015","inside","sewer",15,0,177.97,162.97,0,0,0
"NC0440015","inside","storm",0,0,0,0,0,0,0
"NC0440015","inside","total",52,0,283.96,231.96,0,0,0
"NC0440015","inside","water",37,0,105.99,68.99,0,0,0
"NC0440020","inside","sewer",27,0,116.99,89.99,0,0,0
"NC0440020","inside","storm",0,0,0,0,0,0,0
"NC0440020","inside","total",52.5,0,184.49,131.99,0,0,0
"NC0440020","inside","water",25.5,0,67.5,42,0,0,0
"NC0440020","outside","sewer",29,0,118.99,89.99,0,0,0
"NC0440020","outside","total",58,0,201.99,143.99,0,0,0
"NC0440020","outside","water",29,0,83,54,0,0,0
"NC0440030","inside","sewer",38.6,0,391.06,352.46,0,0,0
"NC0440030","inside","storm",0,0,0,0,0,0,0
"NC0440030","inside","total",61.6,0,563.4,501.8,0,0,0
"NC0440030","inside","water",23,0,172.34,149.34,0,0,0
"NC0440030","outside","sewer",43.6,0,396.06,352.46,0,0,0
"NC0440030","outside","total",74.39,0,576.19,501.8,0,0,0
"NC0440030","outside","water",30.79,0,180.13,149.34,0,0,0
"NC0440105","inside","sewer",32.89,0,32.89,0,0,0,0
"NC0440105","inside","storm",0,0,0,0,0,0,0
"NC0440105","inside","total",48.89,0,99.67,0,0,0,0
"NC0440105","inside","water",16,0,66.78,50.78,0,0,0
"NC0440106","inside","sewer",16.7,0,100.8,84.1,0,0,0
"NC0440106","inside","storm",0,0,0,0,0,0,0
"NC0440106","inside","total",32.34,12,194.08,149.74,0,0,0
"NC0440106","inside","water",15.64,12,93.28,65.64,0,0,0
"NC0442010","inside","sewer",14.25,0,81.84,67.59,0,0,0
"NC0442010","inside","storm",0,0,0,0,0,0,0
"NC0442010","inside","total",24,0,137.74,113.74,0,0,0
"NC0442010","inside","water",9.75,0,55.9,46.15,0,0,0
"NC0442010","outside","sewer",25,0,123.79,98.79,0,0,0
"NC0442010","outside","total",42.1,0,205.89,163.79,0,0,0
"NC0442010","outside","water",17.1,0,82.1,65,0,0,0
"NC0442015","inside","sewer",22,0,112.29,90.29,0,0,0
"NC0442015","inside","storm",0,0,0,0,0,0,0
"NC0442015","inside","total",43,0,223.73,180.73,0,0,0
"NC0442015","inside","water",21,0,111.44,90.44,0,0,0
"NC0442015","outside","sewer",36,0,142.55,106.55,0,0,0
"NC0442015","outside","total",62.5,0,272.54,210.04,0,0,0
"NC0442015","outside","water",26.5,0,129.99,103.49,0,0,0
"NC0442020","inside","sewer",14,0,42.5,28.5,0,0,0
"NC0442020","inside","storm",0,0,0,0,0,0,0
"NC0442020","inside","total",34.52,0,91.52,57,0,0,0
"NC0442020","inside","water",20.52,0,49.02,28.5,0,0,0
"NC0442020","outside","sewer",22,0,62.95,40.95,0,0,0
"NC0442020","outside","total",47.95,0,129.85,81.9,0,0,0
"NC0442020","outside","water",25.95,0,66.9,40.95,0,0,0
"NC0442025","inside","sewer",30,0,148.97,118.97,0,0,0
"NC0442025","inside","storm",0,0,0,0,0,0,0
"NC0442025","inside","total",60,0,284.94,224.94,0,0,0
"NC0442025","inside","water",30,0,135.97,105.97,0,0,0
"NC0442025","outside","sewer",30,0,267.95,237.95,0,0,0
"NC0442025","outside","total",60,0,520.9,460.9,0,0,0
"NC0442025","outside","water",30,0,252.95,222.95,0,0,0
"NC0442028","inside","sewer",17.75,0,125.74,107.99,0,0,0
"NC0442028","inside","storm",0,0,0,0,0,0,0
"NC0442028","inside","total",36,0,251.98,215.98,0,0,0
"NC0442028","inside","water",18.25,0,126.24,107.99,0,0,0
"NC0442028","outside","sewer",21,0,128.99,107.99,0,0,0
"NC0442028","outside","total",42.5,0,258.48,215.98,0,0,0
"NC0442028","outside","water",21.5,0,129.49,107.99,0,0,0
"NC0442035","inside","sewer",25,0,127,102,0,0,0
"NC0442035","inside","storm",0,0,0,0,0,0,0
"NC0442035","inside","total",43,0,206.5,163.5,0,0,0
"NC0442035","inside","water",18,0,79.5,61.5,0,0,0
"NC0442035","outside","sewer",25,0,127,102,0,0,0
"NC0442035","outside","total",55,0,235,180,0,0,0
"NC0442035","outside","water",30,0,108,78,0,0,0
"NC0446010","inside","sewer",26.68,6.47,138.9,105.75,0,0,0
"NC0446010","inside","storm",0,0,0,0,0,0,0
"NC0446010","inside","total",40.66,6.47,232.68,185.55,0,0,0
"NC0446010","inside","water",13.98,0,93.78,79.8,0,0,0
"NC0446010","outside","sewer",53.36,6.47,271.33,211.5,0,0,0
"NC0446010","outside","total",81.32,6.47,458.89,371.1,0,0,0
"NC0446010","outside","water",27.96,0,187.56,159.6,0,0,0
"NC0446015","inside","sewer",35,0,67.45,32.45,0,0,0
"NC0446015","inside","storm",0,0,0,0,0,0,0
"NC0446015","inside","total",58,0,120.92,62.92,0,0,0
"NC0446015","inside","water",23,0,53.47,30.47,0,0,0
"NC0446015","outside","sewer",70,0,134.89,64.89,0,0,0
"NC0446015","outside","total",114,0,239.82,125.82,0,0,0
"NC0446015","outside","water",44,0,104.93,60.93,0,0,0
"NC0446020","inside","sewer",8.75,0,49.35,40.6,0,0,0
"NC0446020","inside","storm",0,0,0,0,0,0,0
"NC0446020","inside","total",20.75,0,123.85,103.1,0,0,0
"NC0446020","inside","water",12,0,74.5,62.5,0,0,0
"NC0446020","outside","sewer",8.75,0,49.35,40.6,0,0,0
"NC0446020","outside","total",23.75,0,139.35,115.6,0,0,0
"NC0446020","outside","water",15,0,90,75,0,0,0
"NC0446030","inside","sewer",15,0,75,60,0,0,0
"NC0446030","inside","storm",0,0,0,0,0,0,0
"NC0446030","inside","total",35,0,170,135,0,0,0
"NC0446030","inside","water",20,0,95,75,0,0,0
"NC0446030","outside","sewer",22.5,0,112.5,90,0,0,0
"NC0446030","outside","total",52.5,0,255,202.5,0,0,0
"NC0446030","outside","water",30,0,142.5,112.5,0,0,0
"NC0452010","inside","sewer",23.92,0,183.91,159.99,0,0,0
"NC0452010","inside","storm",0,0,0,0,0,0,0
"NC0452010","inside","total",35.67,0,306.35,270.68,0,0,0
"NC0452010","inside","water",11.75,0,122.44,110.69,0,0,0
"NC0452010","outside","sewer",26.34,0,218.33,191.99,0,0,0
"NC0452010","outside","total",41.16,0,358.84,317.68,0,0,0
"NC0452010","outside","water",14.82,0,140.51,125.69,0,0,0
"NC0452015","inside","sewer",18,0,130.5,112.5,0,0,0
"NC0452015","inside","storm",0,0,0,0,0,0,0
"NC0452015","inside","total",32,0,212,180,0,0,0
"NC0452015","inside","water",14,0,81.5,67.5,0,0,0
"NC0452015","outside","sewer",22,0,145.75,123.75,0,0,0
"NC0452015","outside","total",38,0,236.75,198.75,0,0,0
"NC0452015","outside","water",16,0,91,75,0,0,0
"NC0452020","inside","sewer",18,0,66.5,48.5,0,0,0
"NC0452020","inside","storm",0,0,0,0,0,0,0
"NC0452020","inside","total",39,0,136,97,0,0,0
"NC0452020","inside","water",21,0,69.5,48.5,0,0,0
"NC0454010","inside","sewer",20.05,0,86.35,66.3,0,0,0
"NC0454010","inside","storm",0,0,4.5,0,0,0,0
"NC0454010","inside","total",35.06,0,181.91,146.85,0,0,0
"NC0454010","inside","water",15.01,0,95.56,80.55,0,0,0
"NC0454010","outside","sewer",40.11,0,173.16,133.05,0,0,0
"NC0454010","outside","total",66.82,0,360.67,293.85,0,0,0
"NC0454010","outside","water",26.71,0,187.51,160.8,0,0,0
"NC0454015","inside","sewer",32,0,86.86,54.86,0,0,0
"NC0454015","inside","storm",0,0,0,0,0,0,0
"NC0454015","inside","total",56.7,0,141.56,84.86,0,0,0
"NC0454015","inside","water",24.7,0,54.7,30,0,0,0
"NC0454015","outside","sewer",48.27,0,147.58,99.31,0,0,0
"NC0454015","outside","total",81.09,0,223.11,142.02,0,0,0
"NC0454015","outside","water",32.82,0,75.53,42.71,0,0,0
"NC0454020","inside","sewer",16,0,148.49,132.49,0,0,0
"NC0454020","inside","storm",0,0,0,0,0,0,0
"NC0454020","inside","total",37.5,0,262.48,224.98,0,0,0
"NC0454020","inside","water",21.5,0,113.99,92.49,0,0,0
"NC0454020","outside","sewer",28,0,175.49,147.49,0,0,0
"NC0454020","outside","total",61.5,0,333.98,272.48,0,0,0
"NC0454020","outside","water",33.5,0,158.49,124.99,0,0,0
"NC0454025","inside","sewer",32.89,0,32.89,0,0,0,0
"NC0454025","inside","storm",0,0,0,0,0,0,0
"NC0454025","inside","total",44.89,0,180.04,0,0,0,0
"NC0454025","inside","water",12,0,147.15,135.15,0,0,0
"NC0454030","inside","sewer",32.89,0,32.89,0,0,0,0
"NC0454030","inside","storm",0,0,0,0,0,0,0
"NC0454030","inside","total",42.89,0,132.89,0,0,0,0
"NC0454030","inside","water",10,0,100,90,0,0,0
"NC0459010","inside","sewer",23,0,113,90,0,0,0
"NC0459010","inside","storm",0,0,0,0,0,0,0
"NC0459010","inside","total",41.65,0,270.4,228.75,0,0,0
"NC0459010","inside","water",18.65,0,157.4,138.75,0,0,0
"NC0459010","outside","sewer",46,0,226,180,0,0,0
"NC0459010","outside","total",73,0,421.75,348.75,0,0,0
"NC0459010","outside","water",27,0,195.75,168.75,0,0,0
"NC0459015","inside","sewer",30,0,140.25,110.25,0,0,0
"NC0459015","inside","storm",0,0,0,0,0,0,0
"NC0459015","inside","total",50,0,233.75,183.75,0,0,0
"NC0459015","inside","water",20,0,93.5,73.5,0,0,0
"NC0459015","outside","sewer",49.5,0,187.32,137.82,0,0,0
"NC0459015","outside","total",82.5,0,345.57,263.07,0,0,0
"NC0459015","outside","water",33,0,158.25,125.25,0,0,0
"NC0459025","inside","sewer",20,0,117.5,97.5,0,0,0
"NC0459025","inside","storm",0,0,0,0,0,0,0
"NC0459025","inside","total",36,0,188.25,152.25,0,0,0
"NC0459025","inside","water",16,0,70.75,54.75,0,0,0
"NC0459025","outside","sewer",25,0,185.2,160.2,0,0,0
"NC0459025","outside","total",44.5,0,294.7,250.2,0,0,0
"NC0459025","outside","water",19.5,0,109.5,90,0,0,0
"NC0459030","inside","sewer",18.11,0,109.86,91.75,0,0,0
"NC0459030","inside","storm",0,0,0,0,0,0,0
"NC0459030","inside","total",34.71,0,206.35,171.64,0,0,0
"NC0459030","inside","water",16.6,0,96.49,79.89,0,0,0
"NC0459113","inside","sewer",40,0,151.79,111.79,0,0,0
"NC0459113","inside","storm",0,0,0,0,0,0,0
"NC0459113","inside","total",60,0,249.78,189.78,0,0,0
"NC0459113","inside","water",20,0,97.99,77.99,0,0,0
"NC0459114","inside","sewer",0,0,67.5,67.5,0,0,0
"NC0459114","inside","storm",0,0,0,0,0,0,0
"NC0459114","inside","total",0,0,116.25,116.25,0,0,0
"NC0459114","inside","water",0,0,48.75,48.75,0,0,0
"NC0464010","inside","sewer",9,0,71.81,62.81,0,0,0
"NC0464010","inside","storm",0,0,5,0,0,0,0
"NC0464010","inside","total",18,0,122.12,104.12,0,0,0
"NC0464010","inside","water",9,0,50.31,41.31,0,0,0
"NC0464010","outside","sewer",18,0,127.94,109.94,0,0,0
"NC0464010","outside","total",36,0,228.56,192.56,0,0,0
"NC0464010","outside","water",18,0,100.62,82.62,0,0,0
"NC0464020","inside","sewer",13.91,6,162.86,142.95,0,0,0
"NC0464020","inside","storm",0,0,2.5,0,0,0,0
"NC0464020","inside","total",18.65,6,226.12,201.47,0,0,0
"NC0464020","inside","water",4.74,0,63.26,58.52,0,0,0
"NC0464020","outside","sewer",28.33,6,325.48,291.15,0,0,0
"NC0464020","outside","total",40.03,6,456.45,410.42,0,0,0
"NC0464020","outside","water",11.7,0,130.97,119.27,0,0,0
"NC0464035","inside","sewer",20,0,97.25,77.25,0,0,0
"NC0464035","inside","storm",0,0,0,0,0,0,0
"NC0464035","inside","total",40,0,178.9,138.9,0,0,0
"NC0464035","inside","water",20,0,81.65,61.65,0,0,0
"NC0464035","outside","sewer",20,0,97.25,77.25,0,0,0
"NC0464035","outside","total",60,0,206.4,146.4,0,0,0
"NC0464035","outside","water",40,0,109.15,69.15,0,0,0
"NC0464040","inside","sewer",26.81,0,176.66,149.85,0,0,0
"NC0464040","inside","storm",0,0,0,0,0,0,0
"NC0464040","inside","total",43.52,0,298.22,254.7,0,0,0
"NC0464040","inside","water",16.71,0,121.56,104.85,0,0,0
"NC0464040","outside","sewer",50.5,0,320.5,270,0,0,0
"NC0464040","outside","total",81.5,0,539,457.5,0,0,0
"NC0464040","outside","water",31,0,218.5,187.5,0,0,0
"NC0464050","inside","sewer",15,0,221.25,206.25,0,0,0
"NC0464050","inside","storm",0,0,0,0,0,0,0
"NC0464050","inside","total",23,0,296.75,273.75,0,0,0
"NC0464050","inside","water",8,0,75.5,67.5,0,0,0
"NC0464050","outside","sewer",15,0,427.5,412.5,0,0,0
"NC0464050","outside","total",23,0,570.5,547.5,0,0,0
"NC0464050","outside","water",8,0,143,135,0,0,0
"NC0464060","inside","sewer",20,0,169.96,149.96,0,0,0
"NC0464060","inside","storm",0,0,0,0,0,0,0
"NC0464060","inside","total",50,0,333.42,283.42,0,0,0
"NC0464060","inside","water",30,0,163.46,133.46,0,0,0
"NC0465010","inside","sewer",14.55,0,84,69.45,0,0,0
"NC0465010","inside","storm",0,0,8.27,0,0,0,0
"NC0465010","inside","total",28.33,0,158.08,129.75,0,0,0
"NC0465010","inside","water",13.78,0,74.08,60.3,0,0,0
"NC0465015","inside","sewer",35.92,0,149.91,113.99,0,0,0
"NC0465015","inside","storm",0,0,13.5,0,0,0,0
"NC0465015","inside","total",55.8,0,236.98,181.18,0,0,0
"NC0465015","inside","water",19.88,0,87.07,67.19,0,0,0
"NC0465015","outside","sewer",71.84,0,299.82,227.98,0,0,0
"NC0465015","outside","total",111.6,0,473.97,362.37,0,0,0
"NC0465015","outside","water",39.76,0,174.15,134.39,0,0,0
"NC0465020","inside","sewer",30,0,96.37,66.37,0,0,0
"NC0465020","inside","storm",0,0,4.1,0,0,0,0
"NC0465020","inside","total",51,0,155.47,104.47,0,0,0
"NC0465020","inside","water",21,0,59.1,38.1,0,0,0
"NC0465020","outside","sewer",30,0,96.37,66.37,0,0,0
"NC0465020","outside","total",51,0,193.57,142.57,0,0,0
"NC0465020","outside","water",21,0,97.2,76.2,0,0,0
"NC0465025","inside","sewer",23.5,0,146.3,122.8,0,0,0
"NC0465025","inside","storm",0,0,8.72,0,0,0,0
"NC0465025","inside","total",37,0,255.01,218.01,0,0,0
"NC0465025","inside","water",13.5,0,108.71,95.21,0,0,0
"NC0465025","outside","sewer",40.5,0,185.31,144.81,0,0,0
"NC0465025","outside","total",63.5,0,320.88,257.38,0,0,0
"NC0465025","outside","water",23,0,135.57,112.57,0,0,0
"NC0466010","inside","sewer",12,0,105.75,93.75,0,0,0
"NC0466010","inside","storm",0,0,0,0,0,0,0
"NC0466010","inside","total",19,0,176.5,157.5,0,0,0
"NC0466010","inside","water",7,0,70.75,63.75,0,0,0
"NC0466010","outside","sewer",13.2,0,116.4,103.2,0,0,0
"NC0466010","outside","total",20.9,0,194.3,173.4,0,0,0
"NC0466010","outside","water",7.7,0,77.9,70.2,0,0,0
"NC0466015","inside","sewer",10,0,80,70,0,0,0
"NC0466015","inside","storm",0,0,0,0,0,0,0
"NC0466015","inside","total",20,0,160,140,0,0,0
"NC0466015","inside","water",10,0,80,70,0,0,0
"NC0466025","inside","sewer",22,0,85,63,0,0,0
"NC0466025","inside","storm",0,0,0,0,0,0,0
"NC0466025","inside","total",34,0,121.5,87.5,0,0,0
"NC0466025","inside","water",12,0,36.5,24.5,0,0,0
"NC0466025","outside","sewer",44,0,169.99,125.99,0,0,0
"NC0466025","outside","total",68,0,242.99,174.99,0,0,0
"NC0466025","outside","water",24,0,73,49,0,0,0
"NC0466035","inside","sewer",17.6,0,69.6,52,0,0,0
"NC0466035","inside","storm",0,0,0,0,0,0,0
"NC0466035","inside","total",33.6,0,259.81,226.21,0,0,0
"NC0466035","inside","water",16,0,190.21,174.21,0,0,0
"NC0466040","inside","sewer",14,0,146.75,132.75,0,0,0
"NC0466040","inside","storm",0,0,0,0,0,0,0
"NC0466040","inside","total",27,0,212.25,185.25,0,0,0
"NC0466040","inside","water",13,0,65.5,52.5,0,0,0
"NC0466040","outside","sewer",14,0,146.75,132.75,0,0,0
"NC0466040","outside","total",40,0,247.75,207.75,0,0,0
"NC0466040","outside","water",26,0,101,75,0,0,0
"NC0466045","inside","sewer",15,0,97.99,82.99,0,0,0
"NC0466045","inside","storm",0,0,0,0,0,0,0
"NC0466045","inside","total",34.5,0,194.98,160.48,0,0,0
"NC0466045","inside","water",19.5,0,96.99,77.49,0,0,0
"NC0466108","inside","sewer",15,0,97.99,82.99,0,0,0
"NC0466108","inside","storm",0,0,0,0,0,0,0
"NC0466108","inside","total",34.5,0,194.98,160.48,0,0,0
"NC0466108","inside","water",19.5,0,96.99,77.49,0,0,0
"NC0466110","inside","sewer",15,0,97.99,82.99,0,0,0
"NC0466110","inside","storm",0,0,0,0,0,0,0
"NC0466110","inside","total",34.5,0,194.98,160.48,0,0,0
"NC0466110","inside","water",19.5,0,96.99,77.49,0,0,0
"NC0466113","inside","sewer",15,0,97.99,82.99,0,0,0
"NC0466113","inside","storm",0,0,0,0,0,0,0
"NC0466113","inside","total",34.5,0,194.98,160.48,0,0,0
"NC0466113","inside","water",19.5,0,96.99,77.49,0,0,0
"NC0467010","inside","sewer",44.17,0,113.87,69.7,0,0,0
"NC0467010","inside","storm",0,0,5,0,0,0,0
"NC0467010","inside","total",65.45,0,190.67,125.22,0,0,0
"NC0467010","inside","water",21.28,0,76.8,55.52,0,0,0
"NC0467010","outside","sewer",88.34,0,227.71,139.37,0,0,0
"NC0467010","outside","total",130.9,0,381.25,250.35,0,0,0
"NC0467010","outside","water",42.56,0,153.54,110.98,0,0,0
"NC0470010","inside","sewer",13.88,0,66.24,52.36,0,0,0
"NC0470010","inside","storm",0,0,3,0,0,0,0
"NC0470010","inside","total",36.28,0,181.45,145.17,0,0,0
"NC0470010","inside","water",22.4,0,115.21,92.81,0,0,0
"NC0470010","outside","sewer",20.88,0,73.24,52.36,0,0,0
"NC0470010","outside","total",43.28,0,188.45,145.17,0,0,0
"NC0470010","outside","water",22.4,0,115.21,92.81,0,0,0
"NC0470015","inside","sewer",0,0,75,75,0,0,0
"NC0470015","inside","storm",0,0,0,0,0,0,0
"NC0470015","inside","total",0,0,188.97,173.97,0,0,0
"NC0470015","inside","water",15,0,113.97,98.97,0,0,0
"NC0471010","inside","sewer",18.46,0,138.43,119.97,0,0,0
"NC0471010","inside","storm",0,0,0,0,0,0,0
"NC0471010","inside","total",27.72,0,212.31,184.59,0,0,0
"NC0471010","inside","water",9.26,0,73.88,64.62,0,0,0
"NC0471010","outside","sewer",36.94,0,276.9,239.96,0,0,0
"NC0471010","outside","total",55.48,0,424.8,369.32,0,0,0
"NC0471010","outside","water",18.54,0,147.9,129.36,0,0,0
"NC0471015","inside","sewer",42.29,0,109.27,66.98,0,0,0
"NC0471015","inside","storm",0,0,0,0,0,0,0
"NC0471015","inside","total",67.91,0,187.76,119.85,0,0,0
"NC0471015","inside","water",25.62,0,78.49,52.87,0,0,0
"NC0472010","inside","sewer",30,0,150,120,0,0,0
"NC0472010","inside","storm",0,0,0,0,0,0,0
"NC0472010","inside","total",52.5,0,247.5,195,0,0,0
"NC0472010","inside","water",22.5,0,97.5,75,0,0,0
"NC0472010","outside","sewer",30,0,150,120,0,0,0
"NC0472010","outside","total",66,0,264.75,198.75,0,0,0
"NC0472010","outside","water",36,0,114.75,78.75,0,0,0
"NC0474010","inside","sewer",11.7,0,100.2,88.5,0,0,0
"NC0474010","inside","storm",0,0,7.7,0,0,0,0
"NC0474010","inside","total",19.7,0,179.75,160.05,0,0,0
"NC0474010","inside","water",8,0,79.55,71.55,0,0,0
"NC0474010","outside","sewer",11.7,0,100.2,88.5,0,0,0
"NC0474010","outside","total",20.9,0,220.4,199.5,0,0,0
"NC0474010","outside","water",9.2,0,120.2,111,0,0,0
"NC0474015","inside","sewer",32.89,0,32.89,0,0,0,0
"NC0474015","inside","storm",0,0,0,0,0,0,0
"NC0474015","inside","total",45.39,0,135.39,0,0,0,0
"NC0474015","inside","water",12.5,0,102.5,90,0,0,0
"NC0474020","inside","sewer",28,0,94.45,66.45,0,0,0
"NC0474020","inside","storm",0,0,0,0,0,0,0
"NC0474020","inside","total",52.15,0,176.24,124.09,0,0,0
"NC0474020","inside","water",24.15,0,81.79,57.64,0,0,0
"NC0474020","outside","sewer",60.2,0,129.79,69.59,0,0,0
"NC0474020","outside","total",96.41,0,252.55,156.14,0,0,0
"NC0474020","outside","water",36.21,0,122.76,86.55,0,0,0
"NC0474025","inside","sewer",20.34,0,164.43,144.09,0,0,0
"NC0474025","inside","storm",0,0,3.5,0,0,0,0
"NC0474025","inside","total",33.34,0,268.67,235.33,0,0,0
"NC0474025","inside","water",13,0,104.24,91.24,0,0,0
"NC0474025","outside","sewer",37.99,0,199.03,161.04,0,0,0
"NC0474025","outside","total",63.99,0,331.27,267.28,0,0,0
"NC0474025","outside","water",26,0,132.24,106.24,0,0,0
"NC0474030","inside","sewer",45.9,0,141.09,95.19,0,0,0
"NC0474030","inside","storm",0,0,0,0,0,0,0
"NC0474030","inside","total",79.9,0,270.28,190.38,0,0,0
"NC0474030","inside","water",34,0,129.19,95.19,0,0,0
"NC0474030","outside","sewer",91.8,0,282.19,190.39,0,0,0
"NC0474030","outside","total",159.8,0,540.58,380.78,0,0,0
"NC0474030","outside","water",68,0,258.39,190.39,0,0,0
"NC0474035","inside","sewer",23.88,8,148.22,116.34,0,0,0
"NC0474035","inside","storm",0,0,3,0,0,0,0
"NC0474035","inside","total",40.68,8,248.31,199.63,0,0,0
"NC0474035","inside","water",16.8,0,100.09,83.29,0,0,0
"NC0474035","outside","sewer",23.88,0,140.22,116.34,0,0,0
"NC0474035","outside","total",57.48,0,340.41,282.93,0,0,0
"NC0474035","outside","water",33.6,0,200.19,166.59,0,0,0
"NC0474040","inside","sewer",30.83,0,133.66,102.83,0,0,0
"NC0474040","inside","storm",0,0,4,0,0,0,0
"NC0474040","inside","total",53.23,0,195.78,142.55,0,0,0
"NC0474040","inside","water",22.4,0,62.12,39.72,0,0,0
"NC0474040","outside","sewer",30.83,0,133.66,102.83,0,0,0
"NC0474040","outside","total",75.63,0,257.89,182.26,0,0,0
"NC0474040","outside","water",44.8,0,124.23,79.43,0,0,0
"NC0474050","inside","sewer",27.5,0,132.49,104.99,0,0,0
"NC0474050","inside","storm",0,0,0,0,0,0,0
"NC0474050","inside","total",49.5,0,257.38,207.88,0,0,0
"NC0474050","inside","water",22,0,124.89,102.89,0,0,0
"NC0474050","outside","sewer",38.5,0,157.49,118.99,0,0,0
"NC0474050","outside","total",65.5,0,302.08,236.58,0,0,0
"NC0474050","outside","water",27,0,144.59,117.59,0,0,0
"NC0474055","inside","sewer",21,0,237.15,216.15,0,0,0
"NC0474055","inside","storm",0,0,0,0,0,0,0
"NC0474055","inside","total",38,0,326,288,0,0,0
"NC0474055","inside","water",17,0,88.85,71.85,0,0,0
"NC0474055","outside","sewer",42,0,258.15,216.15,0,0,0
"NC0474055","outside","total",76,0,364,288,0,0,0
"NC0474055","outside","water",34,0,105.85,71.85,0,0,0
"NC0489010","inside","sewer",15.36,0,111.16,95.8,0,0,0
"NC0489010","inside","storm",0,0,0,0,0,0,0
"NC0489010","inside","total",28.92,0,171.39,142.47,0,0,0
"NC0489010","inside","water",13.56,0,60.23,46.67,0,0,0
"NC0489010","outside","sewer",23.04,0,166.29,143.25,0,0,0
"NC0489010","outside","total",43.38,0,254.74,211.36,0,0,0
"NC0489010","outside","water",20.34,0,88.45,68.11,0,0,0
"NC0489015","inside","sewer",22.5,0,131.25,108.75,0,0,0
"NC0489015","inside","storm",0,0,0,0,0,0,0
"NC0489015","inside","total",44,0,287.74,243.74,0,0,0
"NC0489015","inside","water",21.5,0,156.49,134.99,0,0,0
"NC0494010","inside","sewer",27,0,158.98,131.98,0,0,0
"NC0494010","inside","storm",0,0,3,0,0,0,0
"NC0494010","inside","total",52,0,310.96,258.96,0,0,0
"NC0494010","inside","water",25,0,151.98,126.98,0,0,0
"NC0494015","inside","sewer",25,0,57.5,32.5,0,0,0
"NC0494015","inside","storm",0,0,0,0,0,0,0
"NC0494015","inside","total",47,0,248.49,201.49,0,0,0
"NC0494015","inside","water",22,0,190.99,168.99,0,0,0
"NC0494020","inside","sewer",28.1,0,112.1,84,0,0,0
"NC0494020","inside","storm",0,0,0,0,0,0,0
"NC0494020","inside","total",47.2,0,318.68,271.48,0,0,0
"NC0494020","inside","water",19.1,0,206.58,187.48,0,0,0
"NC0494020","outside","sewer",36.88,0,120.88,84,0,0,0
"NC0494020","outside","total",61.95,0,333.43,271.48,0,0,0
"NC0494020","outside","water",25.07,0,212.55,187.48,0,0,0
"NC0496010","inside","sewer",0,0,134.55,93.3,41.25,0,0
"NC0496010","inside","storm",0,0,0,0,0,0,0
"NC0496010","inside","total",0,0,189.74,136.35,41.25,0,0
"NC0496010","inside","water",12.14,0,55.19,43.05,0,0,0
"NC0496010","outside","sewer",0,0,269.1,186.45,82.65,0,0
"NC0496010","outside","total",0,0,372.13,272.7,82.65,0,0
"NC0496010","outside","water",16.78,0,103.03,86.25,0,0,0
"NC0496015","inside","sewer",24.89,0,183.1,158.21,0,0,0
"NC0496015","inside","storm",0,0,0,0,0,0,0
"NC0496015","inside","total",34.15,0,254.12,219.97,0,0,0
"NC0496015","inside","water",9.26,0,71.02,61.76,0,0,0
"NC0496015","outside","sewer",49.78,0,249.5,199.72,0,0,0
"NC0496015","outside","total",68.3,0,391.54,323.24,0,0,0
"NC0496015","outside","water",18.52,0,142.04,123.52,0,0,0
"NC0496025","inside","sewer",20.9,0,185.45,164.55,0,0,0
"NC0496025","inside","storm",0,0,0,0,0,0,0
"NC0496025","inside","total",39.32,0,389.27,349.95,0,0,0
"NC0496025","inside","water",18.42,0,203.82,185.4,0,0,0
"NC0496025","outside","sewer",39.05,0,368.15,329.1,0,0,0
"NC0496025","outside","total",57.47,0,673.82,616.35,0,0,0
"NC0496025","outside","water",18.42,0,305.67,287.25,0,0,0
"NC0496030","inside","sewer",31,0,259.45,228.45,0,0,0
"NC0496030","inside","storm",0,0,0,0,0,0,0
"NC0496030","inside","total",62,0,403.25,341.25,0,0,0
"NC0496030","inside","water",31,0,143.8,112.8,0,0,0
"NC0496030","outside","sewer",31,0,259.45,228.45,0,0,0
"NC0496030","outside","total",62,0,458.9,396.9,0,0,0
"NC0496030","outside","water",31,0,199.45,168.45,0,0,0
"NC0496045","inside","sewer",27.5,0,206.24,178.74,0,0,0
"NC0496045","inside","storm",0,0,0,0,0,0,0
"NC0496045","inside","total",43.5,0,310.21,266.71,0,0,0
"NC0496045","inside","water",16,0,103.97,87.97,0,0,0
"NC0496045","outside","sewer",27.5,0,206.24,178.74,0,0,0
"NC0496045","outside","total",51.5,0,362.21,310.71,0,0,0
"NC0496045","outside","water",24,0,155.97,131.97,0,0,0
"NC0496060","inside","sewer",29,0,236.98,207.98,0,0,0
"NC0496060","inside","storm",0,0,0,0,0,0,0
"NC0496060","inside","total",43,0,367.46,324.46,0,0,0
"NC0496060","inside","water",14,0,130.48,116.48,0,0,0
"NC0496155","inside","sewer",50,0,225,175,0,0,0
"NC0496155","inside","storm",0,0,0,0,0,0,0
"NC0496155","inside","total",70.87,0,345.42,274.55,0,0,0
"NC0496155","inside","water",20.87,0,120.42,99.55,0,0,0
"NC0498010","inside","sewer",12,0,120.28,108.28,0,0,0
"NC0498010","inside","storm",0,0,5,0,0,0,0
"NC0498010","inside","total",23,0,201.64,178.64,0,0,0
"NC0498010","inside","water",11,0,81.36,70.36,0,0,0
"NC0498010","outside","sewer",24,0,240.56,216.56,0,0,0
"NC0498010","outside","total",46,0,403.26,357.26,0,0,0
"NC0498010","outside","water",22,0,162.7,140.7,0,0,0
"NC0498020","inside","sewer",37.28,0,175.98,138.7,0,0,0
"NC0498020","inside","storm",0,0,0,0,0,0,0
"NC0498020","inside","total",54.28,0,285.01,230.73,0,0,0
"NC0498020","inside","water",17,0,109.03,92.03,0,0,0
"NC0498020","outside","sewer",74.56,0,351.96,277.4,0,0,0
"NC0498020","outside","total",108.56,0,570.03,461.47,0,0,0
"NC0498020","outside","water",34,0,218.07,184.07,0,0,0
"NC0498025","inside","sewer",34.25,0,106.62,72.38,0,0,0
"NC0498025","inside","storm",0,0,0,0,0,0,0
"NC0498025","inside","total",56.25,0,187.12,130.88,0,0,0
"NC0498025","inside","water",22,0,80.5,58.5,0,0,0
"NC0498025","outside","sewer",68.5,0,151,82.5,0,0,0
"NC0498025","outside","total",98,0,254,156,0,0,0
"NC0498025","outside","water",29.5,0,103,73.5,0,0,0
"NC0498030","inside","sewer",21.27,0,161.14,139.87,0,0,0
"NC0498030","inside","storm",0,0,0,0,0,0,0
"NC0498030","inside","total",38.77,0,360.59,321.82,0,0,0
"NC0498030","inside","water",17.5,0,199.45,181.95,0,0,0
"NC0498035","inside","sewer",10,0,100.34,90.34,0,0,0
"NC0498035","inside","storm",0,0,0,0,0,0,0
"NC0498035","inside","total",19.75,0,183.18,163.43,0,0,0
"NC0498035","inside","water",9.75,0,82.84,73.09,0,0,0
"NC0498035","outside","sewer",16,0,126.49,110.49,0,0,0
"NC0498035","outside","total",33.6,0,263.56,229.96,0,0,0
"NC0498035","outside","water",17.6,0,137.07,119.47,0,0,0
"NC0498040","inside","sewer",23.5,0,158.97,135.47,0,0,0
"NC0498040","inside","storm",0,0,0,0,0,0,0
"NC0498040","inside","total",40.5,0,354.54,314.04,0,0,0
"NC0498040","inside","water",17,0,195.57,178.57,0,0,0
"NC0498040","outside","sewer",48,0,207.47,159.47,0,0,0
"NC0498040","outside","total",75,0,425.04,350.04,0,0,0
"NC0498040","outside","water",27,0,217.57,190.57,0,0,0
"NC0498045","inside","sewer",12,0,83.25,71.25,0,0,0
"NC0498045","inside","storm",0,0,0,0,0,0,0
"NC0498045","inside","total",27,0,128.25,101.25,0,0,0
"NC0498045","inside","water",15,0,45,30,0,0,0
"NC0498045","outside","sewer",20,0,91.25,71.25,0,0,0
"NC0498045","outside","total",45,0,153.75,108.75,0,0,0
"NC0498045","outside","water",25,0,62.5,37.5,0,0,0
"NC2018004","inside","sewer",32.16,0,128.01,95.85,0,0,0
"NC2018004","inside","storm",0,0,0,0,0,0,0
"NC2018004","inside","total",65.52,0,209.9,144.38,0,0,0
"NC2018004","inside","water",33.36,0,81.89,48.53,0,0,0
"NC2084006","inside","sewer",36.55,0,152.11,115.56,0,0,0
"NC2084006","inside","storm",0,0,0,0,0,0,0
"NC2084006","inside","total",58.95,0,301.9,242.95,0,0,0
"NC2084006","inside","water",22.4,0,149.79,127.39,0,0,0
"NC2084006","outside","sewer",57.8,0,230.3,172.5,0,0,0
"NC2084006","outside","total",84.5,0,410.13,325.63,0,0,0
"NC2084006","outside","water",26.7,0,179.83,153.13,0,0,0
"NC2084008","inside","sewer",36.55,0,152.11,115.56,0,0,0
"NC2084008","inside","storm",0,0,0,0,0,0,0
"NC2084008","inside","total",58.95,0,301.9,242.95,0,0,0
"NC2084008","inside","water",22.4,0,149.79,127.39,0,0,0
"NC2084008","outside","sewer",57.8,0,230.3,172.5,0,0,0
"NC2084008","outside","total",84.5,0,410.13,325.63,0,0,0
"NC2084008","outside","water",26.7,0,179.83,153.13,0,0,0
"NC3001005","inside","sewer",22.05,0,134.1,112.05,0,0,0
"NC3001005","inside","storm",0,0,0,0,0,0,0
"NC3001005","inside","total",44.1,0,268.2,224.1,0,0,0
"NC3001005","inside","water",22.05,0,134.1,112.05,0,0,0
"NC3001005","outside","sewer",27.3,0,167.43,140.13,0,0,0
"NC3001005","outside","total",54.6,0,334.86,280.26,0,0,0
"NC3001005","outside","water",27.3,0,167.43,140.13,0,0,0
"NC3099029","inside","sewer",24.34,0,141.49,117.14,0,0,0
"NC3099029","inside","storm",0,0,0,0,0,0,0
"NC3099029","inside","total",60.23,0,350.04,289.81,0,0,0
"NC3099029","inside","water",35.89,0,208.55,172.67,0,0,0
"NC4019010","inside","sewer",15,0,168.98,153.98,0,0,0
"NC4019010","inside","storm",0,0,0,0,0,0,0
"NC4019010","inside","total",30,0,314.46,284.46,0,0,0
"NC4019010","inside","water",15,0,145.48,130.48,0,0,0
"NC4064005","inside","sewer",20,0,169.96,149.96,0,0,0
"NC4064005","inside","storm",0,0,0,0,0,0,0
"NC4064005","inside","total",50,0,333.42,283.42,0,0,0
"NC4064005","inside","water",30,0,163.46,133.46,0,0,0
"NC5026019","inside","sewer",38.78,0,38.78,0,0,0,0
"NC5026019","inside","storm",0,0,0,0,0,0,0
"NC5026019","inside","total",59.81,0,130.03,0,0,0,0
"NC5026019","inside","water",21.03,0,91.25,70.22,0,0,0
"NC5026027","inside","sewer",22.76,0,128.66,105.9,0,0,0
"NC5026027","inside","storm",0,0,0,0,0,0,0
"NC5026027","inside","total",53.76,0,231.5,177.74,0,0,0
"NC5026027","inside","water",31,0,102.84,71.84,0,0,0
"NC5063011","inside","sewer",25.1,0,118.47,93.37,0,0,0
"NC5063011","inside","storm",0,0,0,0,0,0,0
"NC5063011","inside","total",50.2,0,218.57,168.37,0,0,0
"NC5063011","inside","water",25.1,0,100.1,75,0,0,0
"NC5063021","inside","sewer",11.33,0,104.7,93.37,0,0,0
"NC5063021","inside","storm",0,0,0,0,0,0,0
"NC5063021","inside","total",21.02,0,201.61,180.59,0,0,0
"NC5063021","inside","water",9.69,0,96.91,87.22,0,0,0
"NC6070000","inside","sewer",0,0,75,75,0,0,0
"NC6070000","inside","storm",0,0,0,0,0,0,0
"NC6070000","inside","total",0,0,188.97,173.97,0,0,0
"NC6070000","inside","water",15,0,113.97,98.97,0,0,0
"NC7010058","inside","sewer",15,0,78.39,63.39,0,0,0
"NC7010058","inside","storm",0,0,0,0,0,0,0
"NC7010058","inside","total",30,0,152.73,122.73,0,0,0
"NC7010058","inside","water",15,0,74.34,59.34,0,0,0
"OR4100372","inside","sewer",35.63,0,81.38,45.75,0,0,0
"OR4100372","inside","storm",0,0,0,0,0,0,0
"OR4100372","inside","total",66.17,0,124.14,57.97,0,0,0
"OR4100372","inside","water",30.54,0,42.76,12.22,0,0,0
"OR4100483","inside","sewer",26.66,0,115.29,88.63,0,0,0
"OR4100483","inside","storm",0,0,0,0,0,0,0
"OR4100483","inside","total",50.54,0,212.96,162.42,0,0,0
"OR4100483","inside","water",23.88,0,97.67,73.79,0,0,0
"OR4100483","outside","sewer",56.52,0,244.41,187.89,0,0,0
"OR4100483","outside","total",107.15,0,451.5,344.35,0,0,0
"OR4100483","outside","water",50.63,0,207.09,156.46,0,0,0
"OR4100513","inside","sewer",26.28,0,26.28,0,0,0,0
"OR4100513","inside","storm",0,0,7.85,0,0,0,0
"OR4100513","inside","total",39.93,2.96,141.89,0,0,0,0
"OR4100513","inside","water",13.65,2.96,115.61,99,0,0,0
"OR4100513","outside","sewer",26.28,0,26.28,0,0,0,0
"OR4100513","outside","total",45.27,3.25,75.07,0,0,0,0
"OR4100513","outside","water",18.99,3.25,48.79,26.55,0,0,0
"OR4100566","inside","sewer",25.81,0,125.11,99.3,0,0,0
"OR4100566","inside","storm",0,0,0,0,0,0,0
"OR4100566","inside","total",45.42,2.43,210.75,162.9,0,0,0
"OR4100566","inside","water",19.61,2.43,85.64,63.6,0,0,0
"OR4100566","outside","sewer",25.81,0,125.11,99.3,0,0,0
"OR4100566","outside","total",63.23,2.43,228.56,162.9,0,0,0
"OR4100566","outside","water",37.42,2.43,103.45,63.6,0,0,0
"OR4100587","inside","sewer",6.64,0,97.84,91.2,0,0,0
"OR4100587","inside","storm",0,0,1.16,0,0,0,0
"OR4100587","inside","total",18.7,0,134.35,115.65,0,0,0
"OR4100587","inside","water",12.06,0,36.51,24.45,0,0,0
"OR4100587","outside","sewer",11.63,0,171.53,159.9,0,0,0
"OR4100587","outside","total",32.75,0,235.25,202.5,0,0,0
"OR4100587","outside","water",21.12,0,63.72,42.6,0,0,0
"OR4100613","inside","sewer",47.8,0,47.8,0,0,0,0
"OR4100613","inside","storm",0,0,0,0,0,0,0
"OR4100613","inside","total",80.55,0,121.64,0,0,0,0
"OR4100613","inside","water",32.75,0,73.84,41.09,0,0,0
"OR4100613","outside","sewer",71.75,0,71.75,0,0,0,0
"OR4100613","outside","total",120.9,0,182.04,0,0,0,0
"OR4100613","outside","water",49.15,0,110.29,61.14,0,0,0
"OR4100657","inside","sewer",0,0,231.6,231.6,0,0,0
"OR4100657","inside","storm",0,0,15.02,0,0,0,0
"OR4100657","inside","total",0,0,360.81,343.75,0,0,0
"OR4100657","inside","water",17.06,0,129.21,112.15,0,0,0
"OR4100731","inside","sewer",15.01,0,87.2,72.19,0,0,0
"OR4100731","inside","storm",0,0,17.17,0,0,0,0
"OR4100731","inside","total",26.39,0,149.51,123.12,0,0,0
"OR4100731","inside","water",11.38,0,62.31,50.93,0,0,0
"OR4100731","outside","sewer",16.33,0,94.93,78.6,0,0,0
"OR4100731","outside","total",28.58,0,167.74,139.16,0,0,0
"OR4100731","outside","water",12.25,0,72.81,60.56,0,0,0
"OR4100893","inside","sewer",85.69,0,85.69,0,0,0,0
"OR4100893","inside","storm",0,0,0,0,0,0,0
"OR4100893","inside","total",99.33,0.4,218.53,0,0,0,0
"OR4100893","inside","water",13.64,0.4,132.84,118.8,0,0,0
"OR4100893","outside","sewer",143.02,0,143.02,0,0,0,0
"OR4100893","outside","total",158.18,0.4,309.03,0,0,0,0
"OR4100893","outside","water",15.16,0.4,166.01,150.45,0,0,0
"PA1090001","inside","sewer",33.65,0,33.65,0,0,0,0
"PA1090001","inside","storm",0,0,0,0,0,0,0
"PA1090001","inside","total",51.65,0,236.84,0,0,0,0
"PA1090001","inside","water",18,0,203.19,185.19,0,0,0
"PA1090005","inside","sewer",11.39,0,116.77,105.38,0,0,0
"PA1090005","inside","storm",0,0,0,0,0,0,0
"PA1090005","inside","total",29.39,0,294.51,265.12,0,0,0
"PA1090005","inside","water",18,0,177.74,159.74,0,0,0
"PA1090022","inside","sewer",20.11,0,157.39,137.28,0,0,0
"PA1090022","inside","storm",0,0,0,0,0,0,0
"PA1090022","inside","total",34.84,0,238.12,203.28,0,0,0
"PA1090022","inside","water",14.73,0,80.73,66,0,0,0
"PA1090026","inside","sewer",57.2,0,85.79,28.59,0,0,0
"PA1090026","inside","storm",0,0,0,0,0,0,0
"PA1090026","inside","total",92.83,0,139.22,46.39,0,0,0
"PA1090026","inside","water",35.63,0,53.43,17.8,0,0,0
"PA1090037","inside","sewer",26.32,0,120.69,94.37,0,0,0
"PA1090037","inside","storm",0,0,0,0,0,0,0
"PA1090037","inside","total",41.95,0.67,256.72,214.1,0,0,0
"PA1090037","inside","water",15.63,0.67,136.03,119.73,0,0,0
"PA1090043","inside","sewer",21.36,0,132.89,111.53,0,0,0
"PA1090043","inside","storm",0,0,0,0,0,0,0
"PA1090043","inside","total",28.93,0,239.99,211.06,0,0,0
"PA1090043","inside","water",7.57,0,107.1,99.53,0,0,0
"PA1090046","inside","sewer",25.66,0,125.16,149.25,0,0,0
"PA1090046","inside","storm",0,0,0,0,0,0,0
"PA1090046","inside","total",46.49,0,235.24,238.5,0,0,0
"PA1090046","inside","water",20.83,0,110.08,89.25,0,0,0
"PA1090057","inside","sewer",23.68,0,111.88,88.2,0,0,0
"PA1090057","inside","storm",0,0,0,0,0,0,0
"PA1090057","inside","total",30.35,0,171.05,140.7,0,0,0
"PA1090057","inside","water",6.67,0,59.17,52.5,0,0,0
"PA1090069","inside","sewer",10,0,89.35,79.35,0,0,0
"PA1090069","inside","storm",0,0,0,0,0,0,0
"PA1090069","inside","total",20,0,177.5,157.5,0,0,0
"PA1090069","inside","water",10,0,88.15,78.15,0,0,0
"PA1090070","inside","sewer",23.68,0,111.88,88.2,0,0,0
"PA1090070","inside","storm",0,0,0,0,0,0,0
"PA1090070","inside","total",27.68,0,169.88,142.2,0,0,0
"PA1090070","inside","water",4,0,58,54,0,0,0
"PA1090074","inside","sewer",22.02,0,161.32,139.29,0,0,0
"PA1090074","inside","storm",0,0,0,0,0,0,0
"PA1090074","inside","total",38.52,0,361.08,322.55,0,0,0
"PA1090074","inside","water",16.5,0,199.76,183.26,0,0,0
"PA1090078","inside","sewer",62,0,204.5,142.5,0,0,0
"PA1090078","inside","storm",0,0,0,0,0,0,0
"PA1090078","inside","total",80,0,407.69,327.69,0,0,0
"PA1090078","inside","water",18,0,203.19,185.19,0,0,0
"PA1090079","inside","sewer",23.68,0,111.88,88.2,0,0,0
"PA1090079","inside","storm",0,0,0,0,0,0,0
"PA1090079","inside","total",48.68,0,207.38,158.7,0,0,0
"PA1090079","inside","water",25,0,95.5,70.5,0,0,0
"PA1090081","inside","sewer",23.68,0,111.88,88.2,0,0,0
"PA1090081","inside","storm",0,0,0,0,0,0,0
"PA1090081","inside","total",32.02,0,180.11,148.09,0,0,0
"PA1090081","inside","water",8.34,0,68.23,59.89,0,0,0
"PA1090082","inside","sewer",19.96,0,152.44,132.48,0,0,0
"PA1090082","inside","storm",0,0,0,0,0,0,0
"PA1090082","inside","total",35.81,0,288.62,252.06,0,0,0.75
"PA1090082","inside","water",15.85,0,136.18,119.58,0,0,0.75
"PA1090089","inside","sewer",33,0,190.94,157.94,0,0,0
"PA1090089","inside","storm",0,0,0,0,0,0,0
"PA1090089","inside","total",41.5,0,302.19,260.69,0,0,0
"PA1090089","inside","water",8.5,0,111.25,102.75,0,0,0
"PA1090107","inside","sewer",55,0,55,0,0,0,0
"PA1090107","inside","storm",0,0,0,0,0,0,0
"PA1090107","inside","total",63.33,0,118.83,0,0,0,0
"PA1090107","inside","water",8.33,0,63.83,55.5,0,0,0
"PA1090117","inside","sewer",40.74,0,40.74,0,0,0,0
"PA1090117","inside","storm",0,0,0,0,0,0,0
"PA1090117","inside","total",48.41,0,109.18,0,0,0,0
"PA1090117","inside","water",7.67,0,68.44,60.77,0,0,0
"PA1090125","inside","sewer",23.83,0,23.83,0,0,0,0
"PA1090125","inside","storm",0,0,0,0,0,0,0
"PA1090125","inside","total",57.16,0,57.16,0,0,0,0
"PA1090125","inside","water",33.33,0,33.33,0,0,0,0
"PA1090127","inside","sewer",13.22,0,108.62,95.4,0,0,0
"PA1090127","inside","storm",0,0,0,0,0,0,0
"PA1090127","inside","total",21.85,0,178.82,156.97,0,0,0
"PA1090127","inside","water",8.63,0,70.2,61.57,0,0,0
"PA1090128","inside","sewer",23.68,0,111.88,88.2,0,0,0
"PA1090128","inside","storm",0,0,0,0,0,0,0
"PA1090128","inside","total",30.35,0,206.3,175.95,0,0,0
"PA1090128","inside","water",6.67,0,94.42,87.75,0,0,0
"PA1090129","inside","sewer",23.68,0,111.88,88.2,0,0,0
"PA1090129","inside","storm",0,0,0,0,0,0,0
"PA1090129","inside","total",48.68,0,207.38,158.7,0,0,0
"PA1090129","inside","water",25,0,95.5,70.5,0,0,0
"PA1090130","inside","sewer",23.68,0,111.88,88.2,0,0,0
"PA1090130","inside","storm",0,0,0,0,0,0,0
"PA1090130","inside","total",48.68,0,207.38,158.7,0,0,0
"PA1090130","inside","water",25,0,95.5,70.5,0,0,0
"PA1090131","inside","sewer",23.68,0,111.88,88.2,0,0,0
"PA1090131","inside","storm",0,0,0,0,0,0,0
"PA1090131","inside","total",30.35,0,198.04,167.69,0,0,0
"PA1090131","inside","water",6.67,0,86.16,79.49,0,0,0
"PA1090160","inside","sewer",23.68,0,111.88,88.2,0,0,0
"PA1090160","inside","storm",0,0,0,0,0,0,0
"PA1090160","inside","total",48.68,0,207.38,158.7,0,0,0
"PA1090160","inside","water",25,0,95.5,70.5,0,0,0
"PA1150026","inside","sewer",23.61,0,70.84,70.85,0,0,0
"PA1150026","inside","storm",0,0,0,0,0,0,0
"PA1150026","inside","total",42.61,0,232.34,213.35,0,0,0
"PA1150026","inside","water",19,0,161.5,142.5,0,0,0
"PA1150035","inside","sewer",47.34,0,47.34,0,0,0,0
"PA1150035","inside","storm",0,0,0,0,0,0,0
"PA1150035","inside","total",65.34,0,250.53,0,0,0,0
"PA1150035","inside","water",18,0,203.19,185.19,0,0,0
"PA1150066","inside","sewer",27.49,0,247.49,220,0,0,0
"PA1150066","inside","storm",0,0,0,0,0,0,0
"PA1150066","inside","total",37.82,0,360.48,322.66,0,0,0
"PA1150066","inside","water",10.33,0,112.99,102.66,0,0,0
"PA1150066","outside","sewer",27.49,0,247.49,220,0,0,0
"PA1150066","outside","total",39.89,0,371.89,332,0,0,0
"PA1150066","outside","water",12.4,0,124.4,112,0,0,0
"PA1150077","inside","sewer",21.1,2.5,62,38.4,0,0,0
"PA1150077","inside","storm",0,0,0,0,0,0,0
"PA1150077","inside","total",70.41,5,124.36,48.95,0,0,0
"PA1150077","inside","water",49.31,2.5,62.36,10.55,0,0,0
"PA1150077","outside","sewer",21.1,2.5,62,38.4,0,0,0
"PA1150077","outside","total",31.51,5,120.63,84.12,0,0,0
"PA1150077","outside","water",10.41,2.5,58.63,45.72,0,0,0
"PA1150089","inside","sewer",90.52,0,205.19,114.67,0,0,0
"PA1150089","inside","storm",0,0,0,0,0,0,0
"PA1150089","inside","total",108.52,0,408.38,299.86,0,0,0
"PA1150089","inside","water",18,0,203.19,185.19,0,0,0
"PA1150098","inside","sewer",26,0,115.69,89.69,0,0,0
"PA1150098","inside","storm",0,0,15.08,0,0,0,0
"PA1150098","inside","total",44,0,318.88,274.88,0,0,0
"PA1150098","inside","water",18,0,203.19,185.19,0,0,0
"PA1150106","inside","sewer",18.85,0,231.96,213.1,0,0,0
"PA1150106","inside","storm",0,0,0,0,0,0,0
"PA1150106","inside","total",35.35,0,431.72,396.36,0,0,0
"PA1150106","inside","water",16.5,0,199.76,183.26,0,0,0
"PA1150108","inside","sewer",16.36,0,147.42,131.06,0,0,0
"PA1150108","inside","storm",0,0,0,0,0,0,0
"PA1150108","inside","total",41,0,266.99,225.99,0,0,0
"PA1150108","inside","water",24.64,0,119.57,94.93,0,0,0
"PA1150109","inside","sewer",70,0,70,0,0,0,0
"PA1150109","inside","storm",0,0,0,0,0,0,0
"PA1150109","inside","total",91.67,1.67,213.34,0,0,0,0
"PA1150109","inside","water",21.67,1.67,143.34,120,0,0,0
"PA1150137","inside","sewer",10,0,32.7,22.7,0,0,0
"PA1150137","inside","storm",0,0,0,0,0,0,0
"PA1150137","inside","total",28,0,235.89,207.89,0,0,0
"PA1150137","inside","water",18,0,203.19,185.19,0,0,0
"PA1150166","inside","sewer",41.13,0,68.64,82.56,0,0,0
"PA1150166","inside","storm",0,0,0,0,0,0,0
"PA1150166","inside","total",57.63,0,268.4,265.82,0,0,0
"PA1150166","inside","water",16.5,0,199.76,183.26,0,0,0
"PA1150185","inside","sewer",59.67,0,190.33,130.66,0,0,0
"PA1150185","inside","storm",0,0,0,0,0,0,0
"PA1150185","inside","total",87.79,0,316.45,228.66,0,0,0
"PA1150185","inside","water",28.12,0,126.12,98,0,0,0
"PA1150197","inside","sewer",59.67,0,190.33,130.66,0,0,0
"PA1150197","inside","storm",0,0,0,0,0,0,0
"PA1150197","inside","total",87.79,0,316.45,228.66,0,0,0
"PA1150197","inside","water",28.12,0,126.12,98,0,0,0
"PA1150206","inside","sewer",25,0,25,0,0,0,0
"PA1150206","inside","storm",0,0,0,0,0,0,0
"PA1150206","inside","total",41.5,0,224.76,0,0,0,0
"PA1150206","inside","water",16.5,0,199.76,183.26,0,0,0
"PA1230004","inside","sewer",26.94,0,84.43,57.49,0,0,0
"PA1230004","inside","storm",0,0,8.25,0,0,0,0
"PA1230004","inside","total",39.04,0,175.5,136.46,0,0,0
"PA1230004","inside","water",12.1,0,91.07,78.97,0,0,0
"PA1230012","inside","sewer",31.44,0,63.52,64.16,0,0,0
"PA1230012","inside","storm",0,0,0,0,0,0,0
"PA1230012","inside","total",45.94,0,213.78,199.92,0,0,0
"PA1230012","inside","water",14.5,0,150.26,135.76,0,0,0
"PA1460020","inside","sewer",0,0,90,90,0,0,0
"PA1460020","inside","storm",0,0,0,0,0,0,0
"PA1460020","inside","total",0,0,163.46,159.26,0,0,0
"PA1460020","inside","water",4.2,0,73.46,69.26,0,0,0
"PA1460022","inside","sewer",13,0,93.25,80.25,0,0,0
"PA1460022","inside","storm",0,0,0,0,0,0,0
"PA1460022","inside","total",20.08,0,157,136.92,0,0,0
"PA1460022","inside","water",7.08,0,63.75,56.67,0,0,0
"PA1460028","inside","sewer",15.28,0,105.54,90.26,0,0,0
"PA1460028","inside","storm",0,0,0,0,0,0,0
"PA1460028","inside","total",33.28,0,308.73,275.45,0,0,0
"PA1460028","inside","water",18,0,203.19,185.19,0,0,0
"PA1460033","inside","sewer",8.5,0,142.45,133.95,0,0,0
"PA1460033","inside","storm",0,0,0,0,0,0,0
"PA1460033","inside","total",12.15,0,221.13,208.98,0,0,0
"PA1460033","inside","water",3.65,0,78.68,75.03,0,0,0
"PA1460034","inside","sewer",34.02,0,70.9,98.37,0,0,0
"PA1460034","inside","storm",0,0,0,0,0,0,0
"PA1460034","inside","total",38.38,0,153.85,176.96,0,0,0
"PA1460034","inside","water",4.36,0,82.95,78.59,0,0,0
"PA1460037","inside","sewer",25.42,0,78.16,52.74,0,0,0
"PA1460037","inside","storm",0,0,0,0,0,0,0
"PA1460037","inside","total",40.42,0,160.33,119.91,0,0,0
"PA1460037","inside","water",15,0,82.17,67.17,0,0,0
"PA1460037","outside","sewer",25.42,0,78.16,52.74,0,0,0
"PA1460037","outside","total",41.09,0,161,119.91,0,0,0
"PA1460037","outside","water",15.67,0,82.84,67.17,0,0,0
"PA1460042","inside","sewer",52.43,0,52.43,0,0,0,0
"PA1460042","inside","storm",0,0,0,0,0,0,0
"PA1460042","inside","total",62.06,0,166.46,0,0,0,0
"PA1460042","inside","water",9.63,0,114.03,104.4,0,0,0
"PA1460046","inside","sewer",23.44,0,57.63,68.37,0,0,0
"PA1460046","inside","storm",0,0,0,0,0,0,0
"PA1460046","inside","total",39.94,0,257.39,251.63,0,0,0
"PA1460046","inside","water",16.5,0,199.76,183.26,0,0,0
"PA1460048","inside","sewer",25.05,0,106.9,102.3,0,0,0
"PA1460048","inside","storm",0,0,0,0,0,0,0
"PA1460048","inside","total",29.05,0,164.9,156.3,0,0,0
"PA1460048","inside","water",4,0,58,54,0,0,0
"PA1460050","inside","sewer",11,0,125,114,0,0,0
"PA1460050","inside","storm",0,0,0,0,0,0,0
"PA1460050","inside","total",22,0,201.25,179.25,0,0,0
"PA1460050","inside","water",11,0,76.25,65.25,0,0,0
"PA1460055","inside","sewer",27.67,0,27.67,0,0,0,0
"PA1460055","inside","storm",0,0,0,0,0,0,0
"PA1460055","inside","total",31.91,0,129.83,0,0,0,0
"PA1460055","inside","water",4.24,0,102.16,97.92,0,0,0
"PA1460069","inside","sewer",27.67,0,27.67,0,0,0,0
"PA1460069","inside","storm",0,0,0,0,0,0,0
"PA1460069","inside","total",45.67,0,230.86,0,0,0,0
"PA1460069","inside","water",18,0,203.19,185.19,0,0,0
"PA1460073","inside","sewer",31.78,0.34,76.44,91.04,0,0,0
"PA1460073","inside","storm",0,0,2.42,0,0,0,0
"PA1460073","inside","total",49.78,0.34,283.41,280.01,0,0,0
"PA1460073","inside","water",18,0,206.97,188.97,0,0,0
"PA1460085","inside","sewer",56.34,0,56.34,0,0,0,0
"PA1460085","inside","storm",0,0,0,0,0,0,0
"PA1460085","inside","total",74.34,0,249.53,0,0,0,0
"PA1460085","inside","water",18,0,193.19,175.19,0,0,0
"PA1510001","inside","sewer",7.1,0,72.11,65.01,0,0,0
"PA1510001","inside","storm",0,0,7.77,0,0,0,0
"PA1510001","inside","total",12.22,0,169.78,157.56,0,0,0
"PA1510001","inside","water",5.12,0,97.67,92.55,0,0,0
"PA2080028","inside","sewer",39,0,39,0,0,0,0
"PA2080028","inside","storm",0,0,0,0,0,0,0
"PA2080028","inside","total",57,0,242.19,0,0,0,0
"PA2080028","inside","water",18,0,203.19,185.19,0,0,0
"PA2359008","inside","sewer",28.93,0,39.82,92.6,0,0,0
"PA2359008","inside","storm",0,0,3.64,0,0,0,0
"PA2359008","inside","total",45.43,0,239.58,275.86,0,0,0
"PA2359008","inside","water",16.5,0,199.76,183.26,0,0,0
"PA2400048","inside","sewer",50,0,50,0,0,0,0
"PA2400048","inside","storm",0,0,0,0,0,0,0
"PA2400048","inside","total",52.8,0,206.79,0,0,0,0
"PA2400048","inside","water",2.8,0,156.79,153.99,0,0,0
"PA2400066","inside","sewer",32.88,0,32.88,0,0,0,0
"PA2400066","inside","storm",0,0,0,0,0,0,0
"PA2400066","inside","total",50.88,0,236.07,0,0,0,0
"PA2400066","inside","water",18,0,203.19,185.19,0,0,0
"PA2400076","inside","sewer",31,0,31,0,0,0,0
"PA2400076","inside","storm",0,0,0,0,0,0,0
"PA2400076","inside","total",45.5,0,181.26,0,0,0,0
"PA2400076","inside","water",14.5,0,150.26,135.76,0,0,0
"PA2400083","inside","sewer",31,0,31,0,0,0,0
"PA2400083","inside","storm",0,0,5,0,0,0,0
"PA2400083","inside","total",49,0,234.19,0,0,0,0
"PA2400083","inside","water",18,0,203.19,185.19,0,0,0
"PA2400091","inside","sewer",31,0,31,0,0,0,0
"PA2400091","inside","storm",0,0,0,0,0,0,0
"PA2400091","inside","total",45.5,0,181.26,0,0,0,0
"PA2400091","inside","water",14.5,0,150.26,135.76,0,0,0
"PA2400104","inside","sewer",31,0,31,0,0,0,0
"PA2400104","inside","storm",0,0,0,0,0,0,0
"PA2400104","inside","total",49,0,234.19,0,0,0,0
"PA2400104","inside","water",18,0,203.19,185.19,0,0,0
"PA2400128","inside","sewer",31,0,31,0,0,0,0
"PA2400128","inside","storm",0,0,0,0,0,0,0
"PA2400128","inside","total",47.5,0,182.5,0,0,0,0
"PA2400128","inside","water",16.5,0,151.5,135,0,0,0
"PA2400149","inside","sewer",31,0,31,0,0,0,0
"PA2400149","inside","storm",0,0,0,0,0,0,0
"PA2400149","inside","total",49,0,234.19,0,0,0,0
"PA2400149","inside","water",18,0,203.19,185.19,0,0,0
"PA2408001","inside","sewer",32.25,10.75,43,0,0,0,0
"PA2408001","inside","storm",0,0,0,0,0,0,0
"PA2408001","inside","total",46.5,10.75,135.72,0,0,0,0
"PA2408001","inside","water",14.25,0,92.72,78.47,0,0,0
"PA2408011","inside","sewer",50,0,50,0,0,0,0
"PA2408011","inside","storm",0,0,0,0,0,0,0
"PA2408011","inside","total",64.25,0,142.72,0,0,0,0
"PA2408011","inside","water",14.25,0,92.72,78.47,0,0,0
"PA2409010","inside","sewer",19.34,7.61,26.21,0,0,0,0
"PA2409010","inside","storm",0,0,3.32,0,0,0,0
"PA2409010","inside","total",35.84,7.61,225.97,0,0,0,0
"PA2409010","inside","water",16.5,0,199.76,183.26,0,0,0
"PA2450023","inside","sewer",15,0,63.3,48.3,0,0,0
"PA2450023","inside","storm",0,0,0,0,0,0,0
"PA2450023","inside","total",29,0,125.6,96.6,0,0,0
"PA2450023","inside","water",14,0,62.3,48.3,0,0,0
"PA2450034","inside","sewer",60.8,0,60.8,0,0,0,0
"PA2450034","inside","storm",0,0,0,0,0,0,0
"PA2450034","inside","total",75.45,0,123.45,0,0,0,0
"PA2450034","inside","water",14.65,0,62.65,48,0,0,0
"PA2450039","inside","sewer",32.88,0,32.88,0,0,0,0
"PA2450039","inside","storm",0,0,0,0,0,0,0
"PA2450039","inside","total",50.88,0,236.07,0,0,0,0
"PA2450039","inside","water",18,0,203.19,185.19,0,0,0
"PA2450044","inside","sewer",32.89,0,32.89,0,0,0,0
"PA2450044","inside","storm",0,0,0,0,0,0,0
"PA2450044","inside","total",50.89,0,236.08,0,0,0,0
"PA2450044","inside","water",18,0,203.19,185.19,0,0,0
"PA2450045","inside","sewer",10,0,236.98,226.98,0,0,0
"PA2450045","inside","storm",0,0,0,0,0,0,0
"PA2450045","inside","total",26.5,0,436.74,410.24,0,0,0
"PA2450045","inside","water",16.5,0,199.76,183.26,0,0,0
"PA2450049","inside","sewer",54.17,0,54.17,0,0,0,0
"PA2450049","inside","storm",0,0,0,0,0,0,0
"PA2450049","inside","total",63.45,0,154.35,0,0,0,0
"PA2450049","inside","water",9.28,0,100.18,90.9,0,0,0
"PA2450063","inside","sewer",51.01,0,51.01,0,0,0,0
"PA2450063","inside","storm",0,0,0,0,0,0,0
"PA2450063","inside","total",67.51,0,250.77,0,0,0,0
"PA2450063","inside","water",16.5,0,199.76,183.26,0,0,0
"PA2450086","inside","sewer",36,0,157.5,121.5,0,0,0
"PA2450086","inside","storm",0,0,0,0,0,0,0
"PA2450086","inside","total",64,0,360.69,296.69,0,0,0
"PA2450086","inside","water",28,0,203.19,175.19,0,0,0
"PA2450119","inside","sewer",10,0,236.98,226.98,0,0,0
"PA2450119","inside","storm",0,0,0,0,0,0,0
"PA2450119","inside","total",26.5,0,436.74,410.24,0,0,0
"PA2450119","inside","water",16.5,0,199.76,183.26,0,0,0
"PA2450122","inside","sewer",60.71,0,60.71,0,0,0,0
"PA2450122","inside","storm",0,0,0,0,0,0,0
"PA2450122","inside","total",96.71,0,195.7,0,0,0,0
"PA2450122","inside","water",36,0,134.99,98.99,0,0,0
"PA2450133","inside","sewer",10,0,236.98,226.98,0,0,0
"PA2450133","inside","storm",0,0,0,0,0,0,0
"PA2450133","inside","total",26.5,0,436.74,410.24,0,0,0
"PA2450133","inside","water",16.5,0,199.76,183.26,0,0,0
"PA2450141","inside","sewer",66.67,0,66.67,0,0,0,0
"PA2450141","inside","storm",0,0,0,0,0,0,0
"PA2450141","inside","total",94.67,0,269.86,0,0,0,0
"PA2450141","inside","water",28,0,203.19,175.19,0,0,0
"PA2520033","inside","sewer",32.83,0,32.83,0,0,0,0
"PA2520033","inside","storm",0,0,12,0,0,0,0
"PA2520033","inside","total",47.33,0,47.33,0,0,0,0
"PA2520033","inside","water",14.5,0,14.5,0,0,0,0
"PA2520034","inside","sewer",10,0,236.98,226.98,0,0,0
"PA2520034","inside","storm",0,0,0,0,0,0,0
"PA2520034","inside","total",26.5,0,436.74,410.24,0,0,0
"PA2520034","inside","water",16.5,0,199.76,183.26,0,0,0
"PA2520035","inside","sewer",10,0,236.98,226.98,0,0,0
"PA2520035","inside","storm",0,0,0,0,0,0,0
"PA2520035","inside","total",26.5,0,436.74,410.24,0,0,0
"PA2520035","inside","water",16.5,0,199.76,183.26,0,0,0
"PA2520037","inside","sewer",32.88,0,32.88,0,0,0,0
"PA2520037","inside","storm",0,0,0,0,0,0,0
"PA2520037","inside","total",50.88,0,236.07,0,0,0,0
"PA2520037","inside","water",18,0,203.19,185.19,0,0,0
"PA2520050","inside","sewer",10,0,236.98,226.98,0,0,0
"PA2520050","inside","storm",0,0,0,0,0,0,0
"PA2520050","inside","total",26.5,0,436.74,410.24,0,0,0
"PA2520050","inside","water",16.5,0,199.76,183.26,0,0,0
"PA2520051","inside","sewer",32.89,0,32.89,0,0,0,0
"PA2520051","inside","storm",0,0,0,0,0,0,0
"PA2520051","inside","total",147.73,0,563.98,0,0,0,0
"PA2520051","inside","water",114.84,0,531.09,416.25,0,0,0
"PA2520062","inside","sewer",10,0,236.98,226.98,0,0,0
"PA2520062","inside","storm",0,0,0,0,0,0,0
"PA2520062","inside","total",26.5,0,436.74,410.24,0,0,0
"PA2520062","inside","water",16.5,0,199.76,183.26,0,0,0
"PA2520096","inside","sewer",10,0,236.98,226.98,0,0,0
"PA2520096","inside","storm",0,0,0,0,0,0,0
"PA2520096","inside","total",26.5,0,436.74,410.24,0,0,0
"PA2520096","inside","water",16.5,0,199.76,183.26,0,0,0
"PA2590038","inside","sewer",17,0,104.74,87.74,0,0,0
"PA2590038","inside","storm",0,0,0,0,0,0,0
"PA2590038","inside","total",29,0,236.74,207.74,0,0,0
"PA2590038","inside","water",12,0,132,120,0,0,0
"PA2590042","inside","sewer",8.27,0,85.97,77.7,0,0,0
"PA2590042","inside","storm",0,0,0,0,0,0,0
"PA2590042","inside","total",20.04,0,186.39,166.35,0,0,0
"PA2590042","inside","water",11.77,0,100.42,88.65,0,0,0
"PA2640025","inside","sewer",65.17,0,65.17,0,0,0,0
"PA2640025","inside","storm",0,0,0,0,0,0,0
"PA2640025","inside","total",130.34,0,130.34,0,0,0,0
"PA2640025","inside","water",65.17,0,65.17,0,0,0,0
"PA2660014","inside","sewer",7.33,0,122.08,114.75,0,0,0
"PA2660014","inside","storm",0,0,0,0,0,0,0
"PA2660014","inside","total",14.66,0,229.16,214.5,0,0,0
"PA2660014","inside","water",7.33,0,107.08,99.75,0,0,0
"PA3060010","inside","sewer",7.21,0,239.01,128.57,103.23,0,0
"PA3060010","inside","storm",0,0,0,0,0,0,0
"PA3060010","inside","total",13.66,0,435.78,254.01,168.11,0,0
"PA3060010","inside","water",6.45,0,196.77,125.44,64.88,0,0
"PA3060018","inside","sewer",39.67,0,139.04,99.37,0,0,0
"PA3060018","inside","storm",0,0,0,0,0,0,0
"PA3060018","inside","total",57.67,0,342.23,284.56,0,0,0
"PA3060018","inside","water",18,0,203.19,185.19,0,0,0
"PA3060035","inside","sewer",27.72,0,126.05,98.33,0,0,0
"PA3060035","inside","storm",0,0,0,0,0,0,0
"PA3060035","inside","total",36.96,0,224.72,187.76,0,0,0
"PA3060035","inside","water",9.24,0,98.67,89.43,0,0,0
"PA3060038","inside","sewer",56.92,0,197.11,140.19,0,0,0
"PA3060038","inside","storm",0,0,0,0,0,0,0
"PA3060038","inside","total",67.99,0,314.79,246.8,0,0,0
"PA3060038","inside","water",11.07,0,117.68,106.61,0,0,0
"PA3060041","inside","sewer",11.2,24.39,162.56,126.98,0,0,0
"PA3060041","inside","storm",0,0,0,0,0,0,0
"PA3060041","inside","total",31.37,34.98,319.24,252.9,0,0,0
"PA3060041","inside","water",20.17,10.59,156.68,125.92,0,0,0
"PA3060059","inside","sewer",31.29,0,155.43,124.14,0,0,0
"PA3060059","inside","storm",0,0,0,0,0,0,0
"PA3060059","inside","total",42.01,7.88,317.28,267.39,0,0,0
"PA3060059","inside","water",10.72,7.88,161.85,143.25,0,0,0
"PA3060069","inside","sewer",24.29,0,120.07,100.64,0,0,0
"PA3060069","inside","storm",0,0,0,0,0,0,0
"PA3060069","inside","total",40.79,0,319.83,283.9,0,0,0
"PA3060069","inside","water",16.5,0,199.76,183.26,0,0,0
"PA3060076","inside","sewer",15.05,0,96.46,81.4,0,0,0
"PA3060076","inside","storm",0,0,0,0,0,0,0
"PA3060076","inside","total",29.3,0,159.4,130.09,0,0,0
"PA3060076","inside","water",14.25,0,62.94,48.69,0,0,0
"PA3060078","inside","sewer",11.32,0,75.74,64.42,0,0,0
"PA3060078","inside","storm",0,0,0,0,0,0,0
"PA3060078","inside","total",22.61,0,227.74,205.13,0,0,0
"PA3060078","inside","water",11.29,0,152,140.71,0,0,0
"PA3060081","inside","sewer",10.98,0,10.98,0,0,0,0
"PA3060081","inside","storm",0,0,0,0,0,0,0
"PA3060081","inside","total",17.9,0,94.76,0,0,0,0
"PA3060081","inside","water",6.92,0,83.78,76.86,0,0,0
"PA3060082","inside","sewer",11.92,0,143,131.08,0,0,0
"PA3060082","inside","storm",0,0,0,0,0,0,0
"PA3060082","inside","total",30.33,0,187.81,157.48,0,0,0
"PA3060082","inside","water",18.41,0,44.81,26.4,0,0,0
"PA3060083","inside","sewer",6.93,0,46.31,39.38,0,0,0
"PA3060083","inside","storm",0,0,0,0,0,0,0
"PA3060083","inside","total",11.77,0,124.03,112.26,0,0,0
"PA3060083","inside","water",4.84,0,77.72,72.88,0,0,0
"PA3060088","inside","sewer",32.85,0,104.06,106.82,0,0,0
"PA3060088","inside","storm",0,0,0,0,0,0,0
"PA3060088","inside","total",49.35,0,303.82,290.08,0,0,0
"PA3060088","inside","water",16.5,0,199.76,183.26,0,0,0
"PA3060098","inside","sewer",115,0,115,0,0,0,0
"PA3060098","inside","storm",0,0,0,0,0,0,0
"PA3060098","inside","total",140,0,224.49,0,0,0,0
"PA3060098","inside","water",25,0,109.49,84.49,0,0,0
"PA3061153","inside","sewer",39.67,0,139.04,99.37,0,0,0
"PA3061153","inside","storm",0,0,0,0,0,0,0
"PA3061153","inside","total",57.67,0,342.23,284.56,0,0,0
"PA3061153","inside","water",18,0,203.19,185.19,0,0,0
"PA3130004","inside","sewer",24.5,0,42,35,0,0,0
"PA3130004","inside","storm",0,0,0,0,0,0,0
"PA3130004","inside","total",41.93,0,104.4,79.97,0,0,0
"PA3130004","inside","water",17.43,0,62.4,44.97,0,0,0
"PA3130021","inside","sewer",53,0,53,0,0,0,0
"PA3130021","inside","storm",0,0,0,0,0,0,0
"PA3130021","inside","total",80.5,0,174.99,0,0,0,0
"PA3130021","inside","water",27.5,0,121.99,94.49,0,0,0
"PA3390024","inside","sewer",6.67,0,46.23,37,2.56,0,0
"PA3390024","inside","storm",0,0,8.33,0,0,0,0
"PA3390024","inside","total",25.87,0,122.14,88.54,7.73,0,0
"PA3390024","inside","water",19.2,0,75.91,51.54,5.17,0,0
"PA3390032","inside","sewer",8.33,0,50.33,42,0,0,0
"PA3390032","inside","storm",0,0,0,0,0,0,0
"PA3390032","inside","total",14,5,91.48,72.48,0,0,0
"PA3390032","inside","water",5.67,5,41.15,30.48,0,0,0
"PA3390035","inside","sewer",7,0,74.95,67.95,0,0,0
"PA3390035","inside","storm",0,0,0,0,0,0,0
"PA3390035","inside","total",11.35,0,120.7,109.35,0,0,0
"PA3390035","inside","water",4.35,0,45.75,41.4,0,0,0
"PA3390047","inside","sewer",7,0,149.95,142.95,0,0,0
"PA3390047","inside","storm",0,0,0,0,0,0,0
"PA3390047","inside","total",11.35,0,195.7,184.35,0,0,0
"PA3390047","inside","water",4.35,0,45.75,41.4,0,0,0
"PA3390055","inside","sewer",7,0,74.95,67.95,0,0,0
"PA3390055","inside","storm",0,0,0,0,0,0,0
"PA3390055","inside","total",11.35,0,120.7,109.35,0,0,0
"PA3390055","inside","water",4.35,0,45.75,41.4,0,0,0
"PA3390062","inside","sewer",25,0,25,0,0,0,0
"PA3390062","inside","storm",0,0,0,0,0,0,0
"PA3390062","inside","total",0,0,130,0,0,0,0
"PA3390062","inside","water",0,0,105,105,0,0,0
"PA3390065","inside","sewer",8.33,0,68.18,59.85,0,0,0
"PA3390065","inside","storm",0,0,0,0,0,0,0
"PA3390065","inside","total",16.66,0,170.26,153.6,0,0,0
"PA3390065","inside","water",8.33,0,102.08,93.75,0,0,0
"PA3390073","inside","sewer",7,0,74.95,67.95,0,0,0
"PA3390073","inside","storm",0,0,0,0,0,0,0
"PA3390073","inside","total",11.35,0,120.7,109.35,0,0,0
"PA3390073","inside","water",4.35,0,45.75,41.4,0,0,0
"PA3390075","inside","sewer",7,0,74.95,67.95,0,0,0
"PA3390075","inside","storm",0,0,0,0,0,0,0
"PA3390075","inside","total",11.35,0,120.7,109.35,0,0,0
"PA3390075","inside","water",4.35,0,45.75,41.4,0,0,0
"PA3390076","inside","sewer",7,0,74.95,67.95,0,0,0
"PA3390076","inside","storm",0,0,0,0,0,0,0
"PA3390076","inside","total",11.35,0,120.7,109.35,0,0,0
"PA3390076","inside","water",4.35,0,45.75,41.4,0,0,0
"PA3390077","inside","sewer",36.67,0,36.67,0,0,0,0
"PA3390077","inside","storm",0,0,0,0,0,0,0
"PA3390077","inside","total",45,0,190.5,0,0,0,0
"PA3390077","inside","water",8.33,0,153.83,145.5,0,0,0
"PA3390078","inside","sewer",41.33,0,116.33,75,0,0,0
"PA3390078","inside","storm",0,0,0,0,0,0,0
"PA3390078","inside","total",53.51,0,169.91,116.4,0,0,0
"PA3390078","inside","water",12.18,0,53.58,41.4,0,0,0
"PA3390080","inside","sewer",7,0,74.95,67.95,0,0,0
"PA3390080","inside","storm",0,0,0,0,0,0,0
"PA3390080","inside","total",11.35,0,120.7,109.35,0,0,0
"PA3390080","inside","water",4.35,0,45.75,41.4,0,0,0
"PA3390081","inside","sewer",0,0,53.98,41.48,0,12.5,0
"PA3390081","inside","storm",0,0,0,0,0,0,0
"PA3390081","inside","total",0,0,136.48,114.81,0,0,0
"PA3390081","inside","water",9.17,0,82.5,73.33,0,0,0
"PA3390085","inside","sewer",7,0,74.95,67.95,0,0,0
"PA3390085","inside","storm",0,0,0,0,0,0,0
"PA3390085","inside","total",11.35,0,120.7,109.35,0,0,0
"PA3390085","inside","water",4.35,0,45.75,41.4,0,0,0
"PA3390111","inside","sewer",7,0,74.95,67.95,0,0,0
"PA3390111","inside","storm",0,0,0,0,0,0,0
"PA3390111","inside","total",11.35,0,120.7,109.35,0,0,0
"PA3390111","inside","water",4.35,0,45.75,41.4,0,0,0
"PA3390115","inside","sewer",7,0,74.95,67.95,0,0,0
"PA3390115","inside","storm",0,0,0,0,0,0,0
"PA3390115","inside","total",11.35,0,120.7,109.35,0,0,0
"PA3390115","inside","water",4.35,0,45.75,41.4,0,0,0
"PA3480027","inside","sewer",30,0,30,0,0,0,0
"PA3480027","inside","storm",0,0,0,0,0,0,0
"PA3480027","inside","total",40.83,2,144.98,0,0,0,0
"PA3480027","inside","water",10.83,2,114.98,102.15,0,0,0
"PA3480028","inside","sewer",7,0,74.95,67.95,0,0,0
"PA3480028","inside","storm",0,0,0,0,0,0,0
"PA3480028","inside","total",11.35,0,120.7,109.35,0,0,0
"PA3480028","inside","water",4.35,0,45.75,41.4,0,0,0
"PA3480038","inside","sewer",32.89,0,32.89,0,0,0,0
"PA3480038","inside","storm",0,0,0,0,0,0,0
"PA3480038","inside","total",49.39,0,232.65,0,0,0,0
"PA3480038","inside","water",16.5,0,199.76,183.26,0,0,0
"PA3480046","inside","sewer",9.57,0,58.4,48.83,0,0,0
"PA3480046","inside","storm",0,0,0,0,0,0,0
"PA3480046","inside","total",17.82,0,130.64,112.82,0,0,0
"PA3480046","inside","water",8.25,0,72.24,63.99,0,0,0
"PA3480050","inside","sewer",10.01,0,106.46,96.45,0,0,0
"PA3480050","inside","storm",0,0,0,0,0,0,0
"PA3480050","inside","total",33.01,0,214.68,181.67,0,0,0
"PA3480050","inside","water",23,0,108.22,85.22,0,0,0
"PA3480052","inside","sewer",11.76,2.35,115.36,101.25,0,0,0
"PA3480052","inside","storm",0,0,0,0,0,0,0
"PA3480052","inside","total",19.08,4.7,177.53,153.75,0,0,0
"PA3480052","inside","water",7.32,2.35,62.17,52.5,0,0,0
"PA3480055","inside","sewer",22.54,0,83.62,101.8,0,0,0
"PA3480055","inside","storm",0,0,0,0,0,0,0
"PA3480055","inside","total",39.04,0,283.38,285.06,0,0,0
"PA3480055","inside","water",16.5,0,199.76,183.26,0,0,0
"PA3480057","inside","sewer",12,0,60.76,51.64,0,12.5,0
"PA3480057","inside","storm",0,0,0,0,0,0,0
"PA3480057","inside","total",24,0,137.86,116.74,0,0,0
"PA3480057","inside","water",12,0,77.1,65.1,0,0,0
"PA3540011","inside","sewer",39.67,0,39.67,0,0,0,0
"PA3540011","inside","storm",0,0,0,0,0,0,0
"PA3540011","inside","total",58.13,0,164.97,0,0,0,0
"PA3540011","inside","water",18.46,0,125.3,106.84,0,0,0
"PA3540017","inside","sewer",32.88,0,32.88,0,0,0,0
"PA3540017","inside","storm",0,0,0,0,0,0,0
"PA3540017","inside","total",62.88,0,62.88,0,0,0,0
"PA3540017","inside","water",30,0,30,0,0,0,0
"PA3540032","inside","sewer",37.5,0,37.5,0,0,0,0
"PA3540032","inside","storm",0,0,0,0,0,0,0
"PA3540032","inside","total",54,0,237.26,0,0,0,0
"PA3540032","inside","water",16.5,0,199.76,183.26,0,0,0
"PA3540035","inside","sewer",31.28,0,70.55,39.27,0,0,0
"PA3540035","inside","storm",0,0,0,0,0,0,0
"PA3540035","inside","total",55.52,0,157.24,101.72,0,0,0
"PA3540035","inside","water",24.24,0,86.69,62.45,0,0,0
"PA3540038","inside","sewer",63.5,0,83,115.5,0,0,0
"PA3540038","inside","storm",0,0,0,0,0,0,0
"PA3540038","inside","total",79.57,0,226.45,242.89,0,0,0
"PA3540038","inside","water",16.07,0,143.45,127.39,0,0,0
"PA3540041","inside","sewer",0,0,130.55,130.55,0,0,0
"PA3540041","inside","storm",0,0,0,0,0,0,0
"PA3540041","inside","total",0,0,260.84,254.34,0,0,0
"PA3540041","inside","water",6.5,0,130.29,123.79,0,0,0
"PA4050002","inside","sewer",22.42,0,201.75,179.33,0,0,0
"PA4050002","inside","storm",0,0,0,0,0,0,0
"PA4050002","inside","total",44.09,0,396.75,352.66,0,0,0
"PA4050002","inside","water",21.67,0,195,173.33,0,0,0
"PA4070011","inside","sewer",52.67,0,172.91,120.24,0,0,0
"PA4070011","inside","storm",0,0,0,0,0,0,0
"PA4070011","inside","total",70.67,0,378.41,307.74,0,0,0
"PA4070011","inside","water",18,0,205.5,187.5,0,0,0
"PA4070017","inside","sewer",15,0,262.5,247.5,0,0,0
"PA4070017","inside","storm",0,0,0,0,0,0,0
"PA4070017","inside","total",30,0,397.5,367.5,0,0,0
"PA4070017","inside","water",15,0,135,120,0,0,0
"PA4070023","inside","sewer",20.88,1.94,144.26,121.44,0,0,0
"PA4070023","inside","storm",0,0,0,0,0,0,0
"PA4070023","inside","total",49.91,3.48,294.84,241.45,0,0,0
"PA4070023","inside","water",29.03,1.54,150.58,120.01,0,0,0
"PA4110009","inside","sewer",33.28,0,155.78,122.5,0,0,0
"PA4110009","inside","storm",0,0,1.78,0,0,0,0
"PA4110009","inside","total",52.28,0,287.28,235,0,0,0
"PA4110009","inside","water",19,0,131.5,112.5,0,0,0
"PA4110017","inside","sewer",17.98,6.05,67.22,81.24,31.88,0,0
"PA4110017","inside","storm",0,0,0,0,0,0,0
"PA4110017","inside","total",36.47,6.05,165.55,161.08,31.88,0,0
"PA4110017","inside","water",18.49,0,98.33,79.84,0,0,0
"PA4110021","inside","sewer",43,0,43,0,0,0,0
"PA4110021","inside","storm",0,0,0,0,0,0,0
"PA4110021","inside","total",82.5,0,166.87,0,0,0,0
"PA4110021","inside","water",39.5,0,123.87,84.37,0,0,0
"PA4110027","inside","sewer",25.05,0,190.56,165.51,0,0,0
"PA4110027","inside","storm",0,0,0,0,0,0,0
"PA4110027","inside","total",50.1,0,381.12,331.02,0,0,0
"PA4110027","inside","water",25.05,0,190.56,165.51,0,0,0
"PA4110034","inside","sewer",22,0,22,0,0,0,0
"PA4110034","inside","storm",0,0,0,0,0,0,0
"PA4110034","inside","total",28.24,6,152.09,0,0,0,0
"PA4110034","inside","water",6.24,6,130.09,117.85,0,0,0
"PA4110046","inside","sewer",5,0,70,65,0,0,0
"PA4110046","inside","storm",0,0,0,0,0,0,0
"PA4110046","inside","total",10,0,140,130,0,0,0
"PA4110046","inside","water",5,0,70,65,0,0,0
"PA4140075","inside","sewer",30.5,0,30.5,0,0,0,0
"PA4140075","inside","storm",0,0,0,0,0,0,0
"PA4140075","inside","total",37.17,1.67,124.34,0,0,0,0
"PA4140075","inside","water",6.67,1.67,93.84,85.5,0,0,0
"PA4140082","inside","sewer",34.67,0,34.67,0,0,0,0
"PA4140082","inside","storm",0,0,0,0,0,0,0
"PA4140082","inside","total",41.67,0,146.67,0,0,0,0
"PA4140082","inside","water",7,0,112,105,0,0,0
"PA4140083","inside","sewer",55.33,0,55.33,0,0,0,0
"PA4140083","inside","storm",0,0,0,0,0,0,0
"PA4140083","inside","total",82.33,13,111.83,0,0,0,0
"PA4140083","inside","water",27,13,56.5,16.5,0,0,0
"PA4140087","inside","sewer",44.22,0,44.22,0,0,0,0
"PA4140087","inside","storm",0,0,0,0,0,0,0
"PA4140087","inside","total",60.72,0,243.98,0,0,0,0
"PA4140087","inside","water",16.5,0,199.76,183.26,0,0,0
"PA4140096","inside","sewer",35.71,0,63.76,112.19,0,0,0
"PA4140096","inside","storm",0,0,0,0,0,0,0
"PA4140096","inside","total",49.21,0,154.25,189.18,0,0,0
"PA4140096","inside","water",13.5,0,90.49,76.99,0,0,0
"PA4140118","inside","sewer",23.33,0,23.33,0,0,0,0
"PA4140118","inside","storm",0,0,0,0,0,0,0
"PA4140118","inside","total",30,0,105,0,0,0,0
"PA4140118","inside","water",6.67,0,81.67,75,0,0,0
"PA4140120","inside","sewer",23.33,0,23.33,0,0,0,0
"PA4140120","inside","storm",0,0,0,0,0,0,0
"PA4140120","inside","total",47.57,0,77.4,0,0,0,0
"PA4140120","inside","water",24.24,0,54.07,29.83,0,0,0
"PA4180048","inside","sewer",13.8,0,99.55,85.75,0,0,0
"PA4180048","inside","storm",0,0,0,0,0,0,0
"PA4180048","inside","total",31.74,0,228.99,197.25,0,0,0
"PA4180048","inside","water",17.94,0,129.44,111.5,0,0,0
"PA4190008","inside","sewer",29.47,0,82.45,105.96,0,0,0
"PA4190008","inside","storm",0,0,0,0,0,0,0
"PA4190008","inside","total",43.97,0,232.71,241.72,0,0,0
"PA4190008","inside","water",14.5,0,150.26,135.76,0,0,0
"PA4190013","inside","sewer",38.69,0,129.5,113.51,0,0,0
"PA4190013","inside","storm",0,0,0,0,0,0,0
"PA4190013","inside","total",55.19,0,329.26,296.77,0,0,0
"PA4190013","inside","water",16.5,0,199.76,183.26,0,0,0
"PA4190016","inside","sewer",49.98,0,212.34,162.36,0,0,0
"PA4190016","inside","storm",0,0,0,0,0,0,0
"PA4190016","inside","total",67.98,0,415.53,347.55,0,0,0
"PA4190016","inside","water",18,0,203.19,185.19,0,0,0
"PA4190840","inside","sewer",25,0,46.05,21.05,0,0,0
"PA4190840","inside","storm",0,0,0,0,0,0,0
"PA4190840","inside","total",39.5,0,196.31,156.81,0,0,0
"PA4190840","inside","water",14.5,0,150.26,135.76,0,0,0
"PA4310012","inside","sewer",20,1,100.5,79.5,0,0,0
"PA4310012","inside","storm",0,0,0,0,0,0,0
"PA4310012","inside","total",41.9,1,174.15,131.25,0,0,0
"PA4310012","inside","water",21.9,0,73.65,51.75,0,0,0
"PA4410156","inside","sewer",16.5,0,115.5,99,0,0,0
"PA4410156","inside","storm",0,0,0,0,0,0,0
"PA4410156","inside","total",35.17,0,185.13,149.96,0,0,0
"PA4410156","inside","water",18.67,0,69.63,50.96,0,0,0
"PA4410173","inside","sewer",43.11,0,104.61,184.5,0,0,0
"PA4410173","inside","storm",0,0,0,0,0,0,0
"PA4410173","inside","total",46.44,0,194.94,271.5,0,0,0
"PA4410173","inside","water",3.33,0,90.33,87,0,0,0
"PA4410175","inside","sewer",70,0,70,0,0,0,0
"PA4410175","inside","storm",0,0,0,0,0,0,0
"PA4410175","inside","total",91.67,0,252.09,0,0,0,0
"PA4410175","inside","water",21.67,0,182.09,160.42,0,0,0
"PA4440010","inside","sewer",25.92,0,74.22,48.3,0,0,0
"PA4440010","inside","storm",0,0,0,0,0,0,0
"PA4440010","inside","total",32.56,0,128.07,95.51,0,0,0
"PA4440010","inside","water",6.64,0,53.85,47.21,0,0,0
"PA4470007","inside","sewer",36.67,0,36.67,0,0,0,0
"PA4470007","inside","storm",0,0,0,0,0,0,0
"PA4470007","inside","total",69.17,0,69.17,0,0,0,0
"PA4470007","inside","water",32.5,0,32.5,0,0,0,0
"PA4470010","inside","sewer",36.67,0,36.67,0,0,0,0
"PA4470010","inside","storm",0,0,0,0,0,0,0
"PA4470010","inside","total",51.17,0,186.93,0,0,0,0
"PA4470010","inside","water",14.5,0,150.26,135.76,0,0,0
"PA4490007","inside","sewer",37.36,0,105.01,135.3,0,0,0
"PA4490007","inside","storm",0,0,7.8,0,0,0,0
"PA4490007","inside","total",51.24,0,196.89,213.3,0,0,0
"PA4490007","inside","water",13.88,0,91.88,78,0,0,0
"PA4490016","inside","sewer",26.23,0,150.97,124.74,0,0,0
"PA4490016","inside","storm",0,0,0,0,0,0,0
"PA4490016","inside","total",67.26,0,263.83,196.57,0,0,0
"PA4490016","inside","water",41.03,0,112.86,71.83,0,0,0
"PA4490023","inside","sewer",38.06,0,89.57,66.23,0,0,0
"PA4490023","inside","storm",0,0,0,0,0,0,0
"PA4490023","inside","total",54.56,0,289.33,249.49,0,0,0
"PA4490023","inside","water",16.5,0,199.76,183.26,0,0,0
"PA4490024","inside","sewer",34.28,0,34.28,0,0,0,0
"PA4490024","inside","storm",0,0,0,0,0,0,0
"PA4490024","inside","total",52.28,0,237.47,0,0,0,0
"PA4490024","inside","water",18,0,203.19,185.19,0,0,0
"PA4490298","inside","sewer",10,0,236.98,226.98,0,0,0
"PA4490298","inside","storm",0,0,0,0,0,0,0
"PA4490298","inside","total",26.5,0,328.48,301.98,0,0,0
"PA4490298","inside","water",16.5,0,91.5,75,0,0,0
"PA4550005","inside","sewer",10,0,150,140,0,0,0
"PA4550005","inside","storm",0,0,0,0,0,0,0
"PA4550005","inside","total",13.3,0,199.5,186.2,0,0,0
"PA4550005","inside","water",3.3,0,49.5,46.2,0,0,0
"PA4560013","inside","sewer",18.25,0,99.49,81.24,0,0,0
"PA4560013","inside","storm",0,0,0,0,0,0,0
"PA4560013","inside","total",39.6,0,207.82,168.22,0,0,0
"PA4560013","inside","water",21.35,0,108.33,86.98,0,0,0
"PA4560042","inside","sewer",0,0,162,162,0,0,0
"PA4560042","inside","storm",0,0,0,0,0,0,0
"PA4560042","inside","total",0,0,262.5,262.5,0,0,0
"PA4560042","inside","water",0,0,100.5,100.5,0,0,0
"PA4560048","inside","sewer",37,0,148.99,111.99,0,0,0
"PA4560048","inside","storm",0,0,0,0,0,0,0
"PA4560048","inside","total",65.7,0,244.63,178.93,0,0,0
"PA4560048","inside","water",28.7,0,95.64,66.94,0,0,0
"PA4600012","inside","sewer",45.15,0,194.18,149.02,0,0,0
"PA4600012","inside","storm",0,0,0,0,0,0,0
"PA4600012","inside","total",64.09,0,311.52,247.42,0,0,0
"PA4600012","inside","water",18.94,0,117.34,98.4,0,0,0
"PA4600015","inside","sewer",45.15,0,240.45,195.3,0,0,0
"PA4600015","inside","storm",0,0,0,0,0,0,0
"PA4600015","inside","total",64.09,0,373.54,309.45,0,0,0
"PA4600015","inside","water",18.94,0,133.09,114.15,0,0,0
"PA5020010","inside","sewer",15.2,0,157.7,142.5,0,0,0
"PA5020010","inside","storm",0,0,9.21,0,0,0,0
"PA5020010","inside","total",36.19,0,354.49,318.3,0,0,0
"PA5020010","inside","water",20.99,0,196.79,175.8,0,0,0
"PA5020011","inside","sewer",25.8,0,129,103.2,0,0,0
"PA5020011","inside","storm",0,0,1.83,0,0,0,0
"PA5020011","inside","total",39.9,0,199.5,159.6,0,0,0
"PA5020011","inside","water",14.1,0,70.5,56.4,0,0,0
"PA5020012","inside","sewer",30.7,0,196.44,165.74,0,0,0
"PA5020012","inside","storm",0,0,0,0,0,0,0
"PA5020012","inside","total",40.45,0,342.68,302.23,0,0,0
"PA5020012","inside","water",9.75,0,146.24,136.49,0,0,0
"PA5020015","inside","sewer",32.81,0,138.5,105.69,0,0,0
"PA5020015","inside","storm",0,0,0,0,0,0,0
"PA5020015","inside","total",52.41,0,285.5,233.09,0,0,0
"PA5020015","inside","water",19.6,0,147,127.4,0,0,0
"PA5020018","inside","sewer",25,0,25,0,0,0,0
"PA5020018","inside","storm",0,0,0,0,0,0,0
"PA5020018","inside","total",35,0,161.3,0,0,0,0
"PA5020018","inside","water",10,0,136.3,126.3,0,0,0
"PA5020019","inside","sewer",14.22,5.97,131.11,39.63,85,0,0
"PA5020019","inside","storm",0,0,1.6,0,0,0,0
"PA5020019","inside","total",22.97,5.97,201.66,101.43,85,0,0
"PA5020019","inside","water",8.75,0,70.55,61.8,0,0,0
"PA5020027","inside","sewer",25.5,5.2,196.44,165.74,0,0,0
"PA5020027","inside","storm",0,0,10,0,0,0,0
"PA5020027","inside","total",36.42,5.2,278.33,236.71,0,0,0
"PA5020027","inside","water",10.92,0,81.89,70.97,0,0,0
"PA5020034","inside","sewer",23,0,130.99,107.99,0,0,0
"PA5020034","inside","storm",0,0,3.5,0,0,0,0
"PA5020034","inside","total",44.3,0,229.63,185.33,0,0,0
"PA5020034","inside","water",21.3,0,98.64,77.34,0,0,0
"PA5020036","inside","sewer",17.25,0,143.41,147.18,0,0,0
"PA5020036","inside","storm",0,0,0,0,0,0,0
"PA5020036","inside","total",28.72,0,234.08,226.38,0,0,0
"PA5020036","inside","water",11.47,0,90.67,79.2,0,0,0
"PA5020038","inside","sewer",8.28,0,112.29,104.01,0,0,0
"PA5020038","inside","storm",0,0,0,0,0,0,0
"PA5020038","inside","total",35.55,0,294.11,258.56,0,0,0
"PA5020038","inside","water",27.27,0,181.82,154.55,0,0,0
"PA5020039","inside","sewer",23.66,0.52,142.49,111.15,25.25,0,0
"PA5020039","inside","storm",0,0,0.14,0,0,0,0
"PA5020039","inside","total",40.16,0.52,342.25,294.41,25.25,0,0
"PA5020039","inside","water",16.5,0,199.76,183.26,0,0,0
"PA5020040","inside","sewer",15.61,1.25,97.44,52.6,31.88,0,0
"PA5020040","inside","storm",0,0,0,0,0,0,0
"PA5020040","inside","total",22.18,1.25,259.26,207.85,31.88,0,0
"PA5020040","inside","water",6.57,0,161.82,155.25,0,0,0
"PA5020041","inside","sewer",32.2,0,105.88,73.68,0,0,0
"PA5020041","inside","storm",0,0,0,0,0,0,0
"PA5020041","inside","total",50.2,0,180.89,130.69,0,0,0
"PA5020041","inside","water",18,0,75.01,57.01,0,0,0
"PA5020043","inside","sewer",11.65,0,135.08,144,0,0,0
"PA5020043","inside","storm",0,0,0,0,0,0,0
"PA5020043","inside","total",22.08,0,250.21,248.7,0,0,0
"PA5020043","inside","water",10.43,0,115.13,104.7,0,0,0
"PA5020045","inside","sewer",7.91,0,127.01,119.1,0,0,0
"PA5020045","inside","storm",0,0,0,0,0,0,0
"PA5020045","inside","total",18.17,0,233.42,215.25,0,0,0
"PA5020045","inside","water",10.26,0,106.41,96.15,0,0,0
"PA5020050","inside","sewer",19.69,15.5,73.68,76.99,0,0,0
"PA5020050","inside","storm",0,0,0,0,0,0,0
"PA5020050","inside","total",39.05,15.5,259.24,243.19,0,0,0
"PA5020050","inside","water",19.36,0,185.56,166.2,0,0,0
"PA5020056","inside","sewer",5.95,10.41,197.29,137.68,43.6,0,0
"PA5020056","inside","storm",0,0,0.83,0,0,0,0
"PA5020056","inside","total",31.17,10.41,323.62,238.79,43.6,0,0
"PA5020056","inside","water",25.22,0,126.33,101.11,0,0,0
"PA5020078","inside","sewer",42.08,0,131.1,89.02,0,0,0
"PA5020078","inside","storm",0,0,3.5,0,0,0,0
"PA5020078","inside","total",51.79,0,277.16,225.37,0,0,0
"PA5020078","inside","water",9.71,0,146.06,136.35,0,0,0
"PA5020108","inside","sewer",23,5,102.74,74.74,0,0,0
"PA5020108","inside","storm",0,0,0,0,0,0,0
"PA5020108","inside","total",36.18,5,162.15,120.97,0,0,0
"PA5020108","inside","water",13.18,0,59.41,46.23,0,0,0
"PA5030006","inside","sewer",40,0,123.99,83.99,0,0,0
"PA5030006","inside","storm",0,0,0,0,0,0,0
"PA5030006","inside","total",65,0,208.98,143.98,0,0,0
"PA5030006","inside","water",25,0,84.99,59.99,0,0,0
"PA5030019","inside","sewer",62.94,0,94.62,63.37,0,0,0
"PA5030019","inside","storm",0,0,0,0,0,0,0
"PA5030019","inside","total",88.16,0,189.44,132.97,0,0,0
"PA5030019","inside","water",25.22,0,94.82,69.6,0,0,0
"PA5030043","inside","sewer",58,0,58,0,0,0,0
"PA5030043","inside","storm",0,0,0,0,0,0,0
"PA5030043","inside","total",76.33,0,136.58,0,0,0,0
"PA5030043","inside","water",18.33,0,78.58,60.25,0,0,0
"PA5030045","inside","sewer",55,0,55,0,0,0,0
"PA5030045","inside","storm",0,0,0,0,0,0,0
"PA5030045","inside","total",83,0,155,0,0,0,0
"PA5030045","inside","water",28,0,100,72,0,0,0
"PA5040006","inside","sewer",18.8,0,116.3,97.5,0,0,0
"PA5040006","inside","storm",0,0,0,0,0,0,0
"PA5040006","inside","total",43.8,0,303.8,260,0,0,0
"PA5040006","inside","water",25,0,187.5,162.5,0,0,0
"PA5040007","inside","sewer",36.25,0,36.25,0,0,0,0
"PA5040007","inside","storm",0,0,0,0,0,0,0
"PA5040007","inside","total",67.9,0,187.48,0,0,0,0
"PA5040007","inside","water",31.65,0,151.23,119.58,0,0,0
"PA5040008","inside","sewer",47.48,0,47.48,0,0,0,0
"PA5040008","inside","storm",0,0,0,0,0,0,0
"PA5040008","inside","total",63.34,0,130.99,0,0,0,0
"PA5040008","inside","water",15.86,0,83.51,67.65,0,0,0
"PA5040009","inside","sewer",9,0,77.4,68.4,0,0,0
"PA5040009","inside","storm",0,0,0,0,0,0,0
"PA5040009","inside","total",18,0,126.6,108.6,0,0,0
"PA5040009","inside","water",9,0,49.2,40.2,0,0,0
"PA5040012","inside","sewer",25.06,0,111.17,91.85,0,0,0
"PA5040012","inside","storm",0,0,6.64,0,0,0,0
"PA5040012","inside","total",47.12,0,205.23,163.85,0,0,0
"PA5040012","inside","water",22.06,0,94.06,72,0,0,0
"PA5040017","inside","sewer",13.33,0,123.33,110,0,0,0
"PA5040017","inside","storm",0,0,0,0,0,0,0
"PA5040017","inside","total",21.7,0,188.9,167.2,0,0,0
"PA5040017","inside","water",8.37,0,65.57,57.2,0,0,0
"PA5040022","inside","sewer",21.26,0,125.24,103.98,0,0,0
"PA5040022","inside","storm",0,0,0,0,0,0,0
"PA5040022","inside","total",33.25,0,252.28,219.03,0,0,0
"PA5040022","inside","water",11.99,0,127.04,115.05,0,0,0
"PA5040039","inside","sewer",20,0,91.75,71.75,0,0,0
"PA5040039","inside","storm",0,0,0,0,0,0,0
"PA5040039","inside","total",43,0,217.25,174.25,0,0,0
"PA5040039","inside","water",23,0,125.5,102.5,0,0,0
"PA5040063","inside","sewer",25.31,0,133.22,107.91,0,0,0
"PA5040063","inside","storm",0,0,0.61,0,0,0,0
"PA5040063","inside","total",44.37,0,249.65,205.28,0,0,0
"PA5040063","inside","water",19.06,0,116.43,97.37,0,0,0
"PA5100012","inside","sewer",34.58,0,109.84,188.17,0,0,0
"PA5100012","inside","storm",0,0,0,0,0,0,0
"PA5100012","inside","total",51.08,0,309.6,371.43,0,0,0
"PA5100012","inside","water",16.5,0,199.76,183.26,0,0,0
"PA5100033","inside","sewer",54.49,0,184.24,129.75,0,0,0
"PA5100033","inside","storm",0,0,0,0,0,0,0
"PA5100033","inside","total",82.95,0,321.75,238.8,0,0,0
"PA5100033","inside","water",28.46,0,137.51,109.05,0,0,0
"PA5100033","outside","sewer",54.49,0,184.24,129.75,0,0,0
"PA5100033","outside","total",89.72,0,328.52,238.8,0,0,0
"PA5100033","outside","water",35.23,0,144.28,109.05,0,0,0
"PA5100079","inside","sewer",17.25,0,156,138.75,0,0,0
"PA5100079","inside","storm",0,0,0,0,0,0,0
"PA5100079","inside","total",34.5,0,282,247.5,0,0,0
"PA5100079","inside","water",17.25,0,126,108.75,0,0,0
"PA5100093","inside","sewer",16,0,239.98,223.98,0,0,0
"PA5100093","inside","storm",0,0,0,0,0,0,0
"PA5100093","inside","total",28.8,0,392.28,363.48,0,0,0
"PA5100093","inside","water",12.8,0,152.3,139.5,0,0,0
"PA5100094","inside","sewer",9,0,155.7,146.7,0,0,0
"PA5100094","inside","storm",0,0,3,0,0,0,0
"PA5100094","inside","total",16,0,271.75,255.75,0,0,0
"PA5100094","inside","water",7,0,116.05,109.05,0,0,0
"PA5100135","inside","sewer",25,0,25,0,0,0,0
"PA5100135","inside","storm",0,0,0,0,0,0,0
"PA5100135","inside","total",40.94,0,178.64,0,0,0,0
"PA5100135","inside","water",15.94,0,153.64,137.7,0,0,0
"PA5100141","inside","sewer",18.25,0,99.49,81.24,0,0,0
"PA5100141","inside","storm",0,0,0,0,0,0,0
"PA5100141","inside","total",44.22,0.25,222.83,178.36,0,0,0
"PA5100141","inside","water",25.97,0.25,123.34,97.12,0,0,0
"PA5260004","inside","sewer",10,22.34,90.84,58.5,0,0,0
"PA5260004","inside","storm",0,0,0,0,0,0,0
"PA5260004","inside","total",32.67,24.01,206.18,149.5,0,0,0
"PA5260004","inside","water",22.67,1.67,115.34,91,0,0,0
"PA5260005","inside","sewer",39.78,0,39.78,0,0,0,0
"PA5260005","inside","storm",0,0,0,0,0,0,0
"PA5260005","inside","total",56.28,0,239.54,0,0,0,0
"PA5260005","inside","water",16.5,0,199.76,183.26,0,0,0
"PA5260007","inside","sewer",45,0,45,0,0,0,0
"PA5260007","inside","storm",0,0,0,0,0,0,0
"PA5260007","inside","total",63.5,0,104.75,0,0,0,0
"PA5260007","inside","water",18.5,0,59.75,41.25,0,0,0
"PA5260009","inside","sewer",25.38,0,38.38,52,0,0,0
"PA5260009","inside","storm",0,0,0,0,0,0,0
"PA5260009","inside","total",55.38,0,110.38,94,0,0,0
"PA5260009","inside","water",30,0,72,42,0,0,0
"PA5260011","inside","sewer",32.89,0,32.89,0,0,0,0
"PA5260011","inside","storm",0,0,0,0,0,0,0
"PA5260011","inside","total",44.89,0,44.89,0,0,0,0
"PA5260011","inside","water",12,0,12,0,0,0,0
"PA5260019","inside","sewer",35.02,6.19,62.53,51.41,0,0,0
"PA5260019","inside","storm",0,0,0,0,0,0,0
"PA5260019","inside","total",45.02,6.19,184.28,163.16,0,0,0
"PA5260019","inside","water",10,0,121.75,111.75,0,0,0
"PA5260020","inside","sewer",38.58,0,69.25,91.99,0,0,0
"PA5260020","inside","storm",0,0,0,0,0,0,0
"PA5260020","inside","total",55.08,0,269.01,275.25,0,0,0
"PA5260020","inside","water",16.5,0,199.76,183.26,0,0,0
"PA5260022","inside","sewer",41,0,41,0,0,0,0
"PA5260022","inside","storm",0,0,0,0,0,0,0
"PA5260022","inside","total",57.5,0,240.76,0,0,0,0
"PA5260022","inside","water",16.5,0,199.76,183.26,0,0,0
"PA5300012","inside","sewer",64.44,0,64.44,0,0,0,0
"PA5300012","inside","storm",0,0,0,0,0,0,0
"PA5300012","inside","total",93.01,10,117.7,0,0,0,0
"PA5300012","inside","water",28.57,10,53.26,14.69,0,0,0
"PA5300017","inside","sewer",43.91,0,52.91,90,0,0,0
"PA5300017","inside","storm",0,0,0,0,0,0,0
"PA5300017","inside","total",58.91,0,139.16,161.25,0,0,0
"PA5300017","inside","water",15,0,86.25,71.25,0,0,0
"PA5320007","inside","sewer",59,0,59,0,0,0,0
"PA5320007","inside","storm",0,0,0,0,0,0,0
"PA5320007","inside","total",86.5,0,247.75,0,0,0,0
"PA5320007","inside","water",27.5,0,188.75,161.25,0,0,0
"PA5320009","inside","sewer",34.7,0,34.7,0,0,0,0
"PA5320009","inside","storm",0,0,0,0,0,0,0
"PA5320009","inside","total",48.7,3,88.1,0,0,0,0
"PA5320009","inside","water",14,3,53.4,36.4,0,0,0
"PA5320025","inside","sewer",27.98,0,27.98,0,0,0,0
"PA5320025","inside","storm",0,0,1,0,0,0,0
"PA5320025","inside","total",44.48,0,227.74,0,0,0,0
"PA5320025","inside","water",16.5,0,199.76,183.26,0,0,0
"PA5320034","inside","sewer",59,0,59,0,0,0,0
"PA5320034","inside","storm",0,0,0,0,0,0,0
"PA5320034","inside","total",86.5,0,247.75,0,0,0,0
"PA5320034","inside","water",27.5,0,188.75,161.25,0,0,0
"PA5320040","inside","sewer",45,0,45,0,0,0,0
"PA5320040","inside","storm",0,0,0,0,0,0,0
"PA5320040","inside","total",61.82,0,159.82,0,0,0,0
"PA5320040","inside","water",16.82,0,114.82,98,0,0,0
"PA5320041","inside","sewer",59,0,59,0,0,0,0
"PA5320041","inside","storm",0,0,0,0,0,0,0
"PA5320041","inside","total",86.5,0,247.75,0,0,0,0
"PA5320041","inside","water",27.5,0,188.75,161.25,0,0,0
"PA5320042","inside","sewer",59,0,59,0,0,0,0
"PA5320042","inside","storm",0,0,0,0,0,0,0
"PA5320042","inside","total",86.5,0,247.75,0,0,0,0
"PA5320042","inside","water",27.5,0,188.75,161.25,0,0,0
"PA5320046","inside","sewer",59,0,59,0,0,0,0
"PA5320046","inside","storm",0,0,0,0,0,0,0
"PA5320046","inside","total",86.5,0,247.75,0,0,0,0
"PA5320046","inside","water",27.5,0,188.75,161.25,0,0,0
"PA5320048","inside","sewer",59,0,59,0,0,0,0
"PA5320048","inside","storm",0,0,0,0,0,0,0
"PA5320048","inside","total",86.5,0,247.75,0,0,0,0
"PA5320048","inside","water",27.5,0,188.75,161.25,0,0,0
"PA5320109","inside","sewer",59,0,59,0,0,0,0
"PA5320109","inside","storm",0,0,0,0,0,0,0
"PA5320109","inside","total",86.5,0,247.75,0,0,0,0
"PA5320109","inside","water",27.5,0,188.75,161.25,0,0,0
"PA5630030","inside","sewer",21.11,0,101.81,80.7,0,0,0
"PA5630030","inside","storm",0,0,0,0,0,0,0
"PA5630030","inside","total",42.22,0,203.62,161.4,0,0,0
"PA5630030","inside","water",21.11,0,101.81,80.7,0,0,0
"PA5630039","inside","sewer",35.67,20,163.27,107.6,0,0,0
"PA5630039","inside","storm",0,0,0,0,0,0,0
"PA5630039","inside","total",57.09,36.08,272.77,179.6,0,0,0
"PA5630039","inside","water",21.42,16.08,109.5,72,0,0,0
"PA5630044","inside","sewer",33.01,0,110.35,77.34,0,0,0
"PA5630044","inside","storm",0,0,0,0,0,0,0
"PA5630044","inside","total",54.43,16.08,219.85,149.34,0,0,0
"PA5630044","inside","water",21.42,16.08,109.5,72,0,0,0
"PA5630045","inside","sewer",33.7,0,68.7,52.5,0,0,0
"PA5630045","inside","storm",0,0,0,0,0,0,0
"PA5630045","inside","total",52.03,0,214.53,180,0,0,0
"PA5630045","inside","water",18.33,0,145.83,127.5,0,0,0
"PA5650032","inside","sewer",27.9,1.94,90.68,76.6,0,0,0
"PA5650032","inside","storm",0,0,0,0,0,0,0
"PA5650032","inside","total",48.5,2.27,231.58,196.57,0,0,0
"PA5650032","inside","water",20.6,0.33,140.9,119.97,0,0,0
"PA5650049","inside","sewer",28.68,0,102.17,73.5,0,0,0
"PA5650049","inside","storm",0,0,14.28,0,0,0,0
"PA5650049","inside","total",52.68,0,195.76,143.09,0,0,0
"PA5650049","inside","water",24,0,93.59,69.59,0,0,0
"PA5650060","inside","sewer",14.25,4.83,78.08,59,0,0,0
"PA5650060","inside","storm",0,0,0,0,0,0,0
"PA5650060","inside","total",21,10.83,120.83,89,0,0,0
"PA5650060","inside","water",6.75,6,42.75,30,0,0,0
"PA5650069","inside","sewer",59,0,59,0,0,0,0
"PA5650069","inside","storm",0,0,0,0,0,0,0
"PA5650069","inside","total",83.2,0,194.99,0,0,0,0
"PA5650069","inside","water",24.2,0,135.99,111.79,0,0,0
"PA5650070","inside","sewer",33.16,13,127.3,103.86,0,0,0
"PA5650070","inside","storm",0,0,0,0,0,0,0
"PA5650070","inside","total",63.16,30.22,264.04,189.08,0,0,0
"PA5650070","inside","water",30,17.22,136.74,85.22,0,0,0
"PA5650080","inside","sewer",40,0,166,126,0,0,0
"PA5650080","inside","storm",0,0,0,0,0,0,0
"PA5650080","inside","total",60.5,0,312.49,251.99,0,0,0
"PA5650080","inside","water",20.5,0,146.49,125.99,0,0,0
"PA6160001","inside","sewer",16.74,0,186.97,226.98,0,0,0
"PA6160001","inside","storm",0,0,9,0,0,0,0
"PA6160001","inside","total",33.24,0,386.73,410.24,0,0,0
"PA6160001","inside","water",16.5,0,199.76,183.26,0,0,0
"PA6160013","inside","sewer",31,0,108.99,77.99,0,0,0
"PA6160013","inside","storm",0,0,0,0,0,0,0
"PA6160013","inside","total",62,0,217.98,155.98,0,0,0
"PA6160013","inside","water",31,0,108.99,77.99,0,0,0
"PA6160039","inside","sewer",26.18,0,104.57,78.39,0,0,0
"PA6160039","inside","storm",0,0,0,0,0,0,0
"PA6160039","inside","total",44.88,0,179.27,134.39,0,0,0
"PA6160039","inside","water",18.7,0,74.7,56,0,0,0
"PA6170008","inside","sewer",16.74,0,168.84,92.1,60,0,0
"PA6170008","inside","storm",0,0,0,0,0,0,0
"PA6170008","inside","total",33.48,0,277.68,184.2,60,0,0
"PA6170008","inside","water",16.74,0,108.84,92.1,0,0,0
"PA6170016","inside","sewer",0,0,165,165,0,0,0
"PA6170016","inside","storm",0,0,0,0,0,0,0
"PA6170016","inside","total",0,10,290,270,0,0,0
"PA6170016","inside","water",10,10,125,105,0,0,0
"PA6170023","inside","sewer",32.89,0,32.89,0,0,0,0
"PA6170023","inside","storm",0,0,0,0,0,0,0
"PA6170023","inside","total",57.89,0,116.39,0,0,0,0
"PA6170023","inside","water",25,0,83.5,58.5,0,0,0
"PA6170048","inside","sewer",10.33,0,104.83,94.5,0,0,0
"PA6170048","inside","storm",0,0,0,0,0,0,0
"PA6170048","inside","total",28.33,0,218.08,189.75,0,0,0
"PA6170048","inside","water",18,0,113.25,95.25,0,0,0
"PA6170053","inside","sewer",19.75,0,95.95,76.2,0,0,0
"PA6170053","inside","storm",0,0,0,0,0,0,0
"PA6170053","inside","total",23.58,0,158.79,135.21,0,0,0
"PA6170053","inside","water",3.83,0,62.84,59.01,0,0,0
"PA6200036","inside","sewer",33.9,0,86.55,105.3,0,0,0
"PA6200036","inside","storm",0,0,3.75,0,0,0,0
"PA6200036","inside","total",49.96,0,158.07,160.76,0,0,0
"PA6200036","inside","water",16.06,0,71.52,55.46,0,0,0
"PA6200051","inside","sewer",23.87,0,82.22,58.35,0,0,0
"PA6200051","inside","storm",0,0,0,0,0,0,0
"PA6200051","inside","total",35.76,0,124.11,88.35,0,0,0
"PA6200051","inside","water",11.89,0,41.89,30,0,0,0
"PA6200072","inside","sewer",35,0,35,0,0,0,0
"PA6200072","inside","storm",0,0,0,0,0,0,0
"PA6200072","inside","total",60.5,0,289.98,0,0,0,0
"PA6200072","inside","water",25.5,0,254.98,229.48,0,0,0
"PA6240008","inside","sewer",58,0,58,0,0,0,0
"PA6240008","inside","storm",0,0,0,0,0,0,0
"PA6240008","inside","total",67,0,157,0,0,0,0
"PA6240008","inside","water",9,0,99,90,0,0,0
"PA6240016","inside","sewer",42.25,0,108.08,73.65,0,58,0
"PA6240016","inside","storm",0,0,0,0,0,0,0
"PA6240016","inside","total",49.58,0,182.16,140.4,0,0,0
"PA6240016","inside","water",7.33,0,74.08,66.75,0,0,0
"PA6250012","inside","sewer",28.45,0,94.49,66.04,0,0,0
"PA6250012","inside","storm",0,0,0,0,0,0,0
"PA6250012","inside","total",41.57,0,177.73,136.16,0,0,0
"PA6250012","inside","water",13.12,0,83.24,70.12,0,0,0
"PA6250022","inside","sewer",20,0,83.07,63.07,0,0,0
"PA6250022","inside","storm",0,0,0,0,0,0,0
"PA6250022","inside","total",30,0,176.44,146.44,0,0,0
"PA6250022","inside","water",10,0,93.37,83.37,0,0,0
"PA6250028","inside","sewer",14.84,0,37.71,43.08,0,0,0
"PA6250028","inside","storm",0,0,0,0,0,0,0
"PA6250028","inside","total",23.46,0,119.65,116.4,0,0,0
"PA6250028","inside","water",8.62,0,81.94,73.32,0,0,0
"PA6330010","inside","sewer",28,0,73.5,45.5,0,0,0
"PA6330010","inside","storm",0,0,0,0,0,0,0
"PA6330010","inside","total",44.5,0,273.26,228.76,0,0,0
"PA6330010","inside","water",16.5,0,199.76,183.26,0,0,0
"PA6370011","inside","sewer",30.59,0,191.22,160.63,0,0,0
"PA6370011","inside","storm",0,0,0,0,0,0,0
"PA6370011","inside","total",47.09,0,390.98,343.89,0,0,0
"PA6370011","inside","water",16.5,0,199.76,183.26,0,0,0
"PA6370034","inside","sewer",45.53,0,61.85,20.41,0,0,0
"PA6370034","inside","storm",0,0,0,0,0,0,0
"PA6370034","inside","total",62.03,0,261.61,203.67,0,0,0
"PA6370034","inside","water",16.5,0,199.76,183.26,0,0,0
"PA6420014","inside","sewer",36.33,0,81,67,0,0,0
"PA6420014","inside","storm",0,0,2.63,0,0,0,0
"PA6420014","inside","total",55.33,0,154,121,0,0,0
"PA6420014","inside","water",19,0,73,54,0,0,0
"PA6420019","inside","sewer",41.11,0,130.54,89.43,0,0,0
"PA6420019","inside","storm",0,0,0,0,0,0,0
"PA6420019","inside","total",57.61,0,330.3,272.69,0,0,0
"PA6420019","inside","water",16.5,0,199.76,183.26,0,0,0
"PA6430037","inside","sewer",10.5,0,69.99,59.49,0,0,0
"PA6430037","inside","storm",0,0,5,0,0,0,0
"PA6430037","inside","total",30.75,1.1,227.3,195.45,0,0,0
"PA6430037","inside","water",20.25,1.1,157.31,135.96,0,0,0
"PA6430054","inside","sewer",38.5,0,38.5,0,0,0,0
"PA6430054","inside","storm",0,0,0,0,0,0,0
"PA6430054","inside","total",56.5,0,241.69,0,0,0,0
"PA6430054","inside","water",18,0,203.19,185.19,0,0,0
"PA6430055","inside","sewer",35.7,0,35.7,0,0,0,0
"PA6430055","inside","storm",0,0,0,0,0,0,0
"PA6430055","inside","total",53.85,0,208.25,0,0,0,0
"PA6430055","inside","water",18.15,0,172.55,154.4,0,0,0
"PA6610016","inside","sewer",51,0,51,0,0,0,0
"PA6610016","inside","storm",0,0,0,0,0,0,0
"PA6610016","inside","total",98,0,98,0,0,0,0
"PA6610016","inside","water",47,0,47,0,0,0,0
"PA6610020","inside","sewer",46.62,0,46.62,0,0,0,0
"PA6610020","inside","storm",0,0,0,0,0,0,0
"PA6610020","inside","total",86.52,0,86.52,0,0,0,0
"PA6610020","inside","water",39.9,0,39.9,0,0,0,0
"PA6610023","inside","sewer",9.93,0,126.23,74.19,42.11,0,0
"PA6610023","inside","storm",0,0,0,0,0,0,0
"PA6610023","inside","total",24.43,0,254.57,188.03,42.11,0,0
"PA6610023","inside","water",14.5,0,128.34,113.84,0,0,0
"PA6620020","inside","sewer",26.14,0,94.98,137.67,0,0,0
"PA6620020","inside","storm",0,0,0,0,0,0,0
"PA6620020","inside","total",42.64,0,294.74,320.93,0,0,0
"PA6620020","inside","water",16.5,0,199.76,183.26,0,0,0
"PA6620021","inside","sewer",32.88,0,32.88,0,0,0,0
"PA6620021","inside","storm",0,0,0,0,0,0,0
"PA6620021","inside","total",50.88,0,236.07,0,0,0,0
"PA6620021","inside","water",18,0,203.19,185.19,0,0,0
"PA6620039","inside","sewer",18.25,0,89.75,71.5,0,0,0
"PA6620039","inside","storm",0,0,0,0,0,0,0
"PA6620039","inside","total",33.58,0,189.58,156,0,0,0
"PA6620039","inside","water",15.33,0,99.83,84.5,0,0,0
"PA7010019","inside","sewer",35.95,0,186.19,150.24,0,0,0
"PA7010019","inside","storm",0,0,8.33,0,0,0,0
"PA7010019","inside","total",50.59,0,280.46,229.87,0,0,0
"PA7010019","inside","water",14.64,0,94.27,79.63,0,0,0
"PA7010025","inside","sewer",29.75,0,62.25,32.5,0,0,0
"PA7010025","inside","storm",0,0,0,0,0,0,0
"PA7010025","inside","total",45.1,0,108.3,63.2,0,0,0
"PA7010025","inside","water",15.35,0,46.05,30.7,0,0,0
"PA7210002","inside","sewer",14.82,0,163.41,148.59,0,0,0
"PA7210002","inside","storm",0,0,7.26,0,0,0,0
"PA7210002","inside","total",31.5,0,291.58,260.08,0,0,0
"PA7210002","inside","water",16.68,0,128.17,111.49,0,0,0
"PA7210027","inside","sewer",37.33,0,37.33,0,0,0,0
"PA7210027","inside","storm",0,0,0,0,0,0,0
"PA7210027","inside","total",51.83,0,187.59,0,0,0,0
"PA7210027","inside","water",14.5,0,150.26,135.76,0,0,0
"PA7210028","inside","sewer",35.4,4.17,97.57,87,0,0,0
"PA7210028","inside","storm",0,0,3,0,0,0,0
"PA7210028","inside","total",49.9,4.17,247.83,222.76,0,0,0
"PA7210028","inside","water",14.5,0,150.26,135.76,0,0,0
"PA7210029","inside","sewer",38.61,0,95.61,102.6,0,0,0
"PA7210029","inside","storm",0,0,8.095,0,0,0,0
"PA7210029","inside","total",55.11,0,318.28,308.77,0,0,0
"PA7210029","inside","water",16.5,0,222.67,206.17,0,0,0
"PA7210043","inside","sewer",28.93,0,90.53,77,0,0,0
"PA7210043","inside","storm",0,0,0,0,0,0,0
"PA7210043","inside","total",43.57,0,178.45,150.28,0,0,0
"PA7210043","inside","water",14.64,0,87.92,73.28,0,0,0
"PA7210049","inside","sewer",18.85,0,83.98,65.13,0,0,0
"PA7210049","inside","storm",0,0,0,0,0,0,0
"PA7210049","inside","total",28.21,0,181.74,153.53,0,0,0
"PA7210049","inside","water",9.36,0,97.76,88.4,0,0,0
"PA7210050","inside","sewer",43.12,0,43.12,0,0,0,0
"PA7210050","inside","storm",0,0,0,0,0,0,0
"PA7210050","inside","total",55.77,0,88.27,0,0,0,0
"PA7210050","inside","water",12.65,0,45.15,32.5,0,0,0
"PA7210054","inside","sewer",96.67,0,96.67,0,0,0,0
"PA7210054","inside","storm",0,0,0,0,0,0,0
"PA7210054","inside","total",111.17,0,246.93,0,0,0,0
"PA7210054","inside","water",14.5,0,150.26,135.76,0,0,0
"PA7220015","inside","sewer",42.9,0,49.16,68.83,0,0,0
"PA7220015","inside","storm",0,0,0.97,0,0,0,0
"PA7220015","inside","total",57.4,0,199.42,204.59,0,0,0
"PA7220015","inside","water",14.5,0,150.26,135.76,0,0,0
"PA7220017","inside","sewer",40.73,0,75.73,105,0,0,0
"PA7220017","inside","storm",0,0,9.82,0,0,0,0
"PA7220017","inside","total",57.23,0,275.49,288.26,0,0,0
"PA7220017","inside","water",16.5,0,199.76,183.26,0,0,0
"PA7220036","inside","sewer",48.33,0,224.58,176.25,0,0,0
"PA7220036","inside","storm",0,0,0,0,0,0,0
"PA7220036","inside","total",63.11,0,349.21,286.1,0,0,0
"PA7220036","inside","water",14.78,0,124.63,109.85,0,0,0
"PA7220038","inside","sewer",25,0,46.05,21.05,0,0,0
"PA7220038","inside","storm",0,0,0,0,0,0,0
"PA7220038","inside","total",39.5,0,196.31,156.81,0,0,0
"PA7220038","inside","water",14.5,0,150.26,135.76,0,0,0
"PA7220049","inside","sewer",0,0,119.85,119.85,0,0,0
"PA7220049","inside","storm",0,0,1.84,0,0,0,0
"PA7220049","inside","total",0,0,275.22,267.45,0,0,0
"PA7220049","inside","water",7.77,0,155.37,147.6,0,0,0
"PA7280005","inside","sewer",17.4,0,69.75,52.35,0,0,0
"PA7280005","inside","storm",0,0,4,0,0,0,0
"PA7280005","inside","total",23.35,0,101.77,78.42,0,0,0
"PA7280005","inside","water",5.95,0,32.02,26.07,0,0,0
"PA7280005","outside","sewer",21.38,0,85.68,64.3,0,0,0
"PA7280005","outside","total",27.33,0,117.7,90.37,0,0,0
"PA7280005","outside","water",5.95,0,32.02,26.07,0,0,0
"PA7280014","inside","sewer",25.8,0,129,103.2,0,0,0
"PA7280014","inside","storm",0,0,9.86,0,0,0,0
"PA7280014","inside","total",29.13,0,272.88,243.75,0,0,0
"PA7280014","inside","water",3.33,0,143.88,140.55,0,0,0
"PA7280026","inside","sewer",27.94,0,27.94,0,0,0,0
"PA7280026","inside","storm",0,0,0,0,0,0,0
"PA7280026","inside","total",44.42,0,108.02,0,0,0,0
"PA7280026","inside","water",16.48,0,80.08,63.6,0,0,0
"PA7280032","inside","sewer",13.69,0,32.84,19.15,0,0,0
"PA7280032","inside","storm",0,0,0,0,0,0,0
"PA7280032","inside","total",30.68,0,108.58,77.9,0,0,0
"PA7280032","inside","water",16.99,0,75.74,58.75,0,0,0
"PA7280038","inside","sewer",41,0,41,0,0,0,0
"PA7280038","inside","storm",0,0,0,0,0,0,0
"PA7280038","inside","total",56.95,0,116.71,0,0,0,0
"PA7280038","inside","water",15.95,0,75.71,59.76,0,0,0
"PA7280043","inside","sewer",41.33,0,81.83,121.5,0,0,0
"PA7280043","inside","storm",0,0,0,0,0,0,0
"PA7280043","inside","total",83.33,0,232.57,230.24,0,0,0
"PA7280043","inside","water",42,0,150.74,108.74,0,0,0
"PA7280063","inside","sewer",45,0,147.29,102.29,0,0,0
"PA7280063","inside","storm",0,0,0,0,0,0,0
"PA7280063","inside","total",63.57,0,268.52,204.95,0,0,0
"PA7280063","inside","water",18.57,0,121.23,102.66,0,0,0
"PA7360001","inside","sewer",21.42,0,124.46,103.04,0,0,0
"PA7360001","inside","storm",0,0,0,0,0,0,0
"PA7360001","inside","total",30.52,0,179.69,149.17,0,0,0
"PA7360001","inside","water",9.1,0,55.23,46.13,0,0,0
"PA7360017","inside","sewer",11.75,0,176.25,164.5,0,0,0
"PA7360017","inside","storm",0,0,0,0,0,0,0
"PA7360017","inside","total",19.4,2.08,293.08,271.6,0,0,0
"PA7360017","inside","water",7.65,2.08,116.83,107.1,0,0,0
"PA7360045","inside","sewer",3.65,0,73.6,69.95,0,0,0
"PA7360045","inside","storm",0,0,0,0,0,0,0
"PA7360045","inside","total",14.06,0,152.4,138.34,0,0,0
"PA7360045","inside","water",10.41,0,78.8,68.39,0,0,0
"PA7360045","outside","sewer",6.22,0,88.97,82.75,0,0,0
"PA7360045","outside","total",16.63,0,167.77,151.14,0,0,0
"PA7360045","outside","water",10.41,0,78.8,68.39,0,0,0
"PA7360058","inside","sewer",6.55,0,143.95,137.4,0,0,0
"PA7360058","inside","storm",0,0,10.83,0,0,0,0
"PA7360058","inside","total",15.65,0,224.11,208.46,0,0,0
"PA7360058","inside","water",9.1,0,80.16,71.06,0,0,0
"PA7360058","outside","sewer",4.35,0,69.66,65.31,0,0,0
"PA7360058","outside","total",9.9,0,142.54,132.64,0,0,0
"PA7360058","outside","water",5.55,0,72.88,67.33,0,0,0
"PA7360078","inside","sewer",49.67,0,226.72,177.05,0,0,0
"PA7360078","inside","storm",0,0,0,0,0,0,0
"PA7360078","inside","total",61.27,0,318.57,257.3,0,0,0
"PA7360078","inside","water",11.6,0,91.85,80.25,0,0,0
"PA7360091","inside","sewer",24.45,0,127.44,102.99,0,0,0
"PA7360091","inside","storm",0,0,0,0,0,0,0
"PA7360091","inside","total",45.12,0,237.94,192.82,0,0,0
"PA7360091","inside","water",20.67,0,110.5,89.83,0,0,0
"PA7360112","inside","sewer",26.67,0,150,123.33,0,0,0
"PA7360112","inside","storm",0,0,0,0,0,0,0
"PA7360112","inside","total",56,0,314.99,258.99,0,0,0
"PA7360112","inside","water",29.33,0,164.99,135.66,0,0,0
"PA7360113","inside","sewer",4.03,0,321.21,177.46,139.72,0,0
"PA7360113","inside","storm",0,0,0,0,0,0,0
"PA7360113","inside","total",6.31,0,563.67,277.92,279.44,0,0
"PA7360113","inside","water",2.28,0,242.46,100.46,139.72,0,0
"PA7360116","inside","sewer",25.67,0,72.97,47.3,0,0,0
"PA7360116","inside","storm",0,0,0,0,0,0,0
"PA7360116","inside","total",36.34,0,126.28,89.94,0,0,0
"PA7360116","inside","water",10.67,0,53.31,42.64,0,0,0
"PA7360118","inside","sewer",21.42,0,151.72,130.3,0,0,0
"PA7360118","inside","storm",0,0,0,0,0,0,0
"PA7360118","inside","total",32.44,0,330.62,298.18,0,0,0
"PA7360118","inside","water",11.02,0,178.9,167.88,0,0,0
"PA7360120","inside","sewer",25.67,0,72.97,47.3,0,0,0
"PA7360120","inside","storm",0,0,0,0,0,0,0
"PA7360120","inside","total",36.34,0,126.28,89.94,0,0,0
"PA7360120","inside","water",10.67,0,53.31,42.64,0,0,0
"PA7360123","inside","sewer",33.21,0,33.21,0,0,0,0
"PA7360123","inside","storm",0,0,0,0,0,0,0
"PA7360123","inside","total",43.52,7.9,137.27,0,0,0,0
"PA7360123","inside","water",10.31,7.9,104.06,85.85,0,0,0
"PA7360124","inside","sewer",43.56,0,43.56,0,0,0,0
"PA7360124","inside","storm",0,0,0,0,0,0,0
"PA7360124","inside","total",56.39,0,167.63,0,0,0,0
"PA7360124","inside","water",12.83,0,124.07,111.24,0,0,0
"PA7360126","inside","sewer",27.36,0,76.89,49.53,0,0,0
"PA7360126","inside","storm",0,0,5.2,0,0,0,0
"PA7360126","inside","total",36.14,0,105.72,69.58,0,0,0
"PA7360126","inside","water",8.78,0,28.83,20.05,0,0,0
"PA7360128","inside","sewer",28.65,0,171.9,143.25,0,0,0
"PA7360128","inside","storm",0,0,0,0,0,0,0
"PA7360128","inside","total",48.3,0,289.8,241.5,0,0,0
"PA7360128","inside","water",19.65,0,117.9,98.25,0,0,0
"PA7360135","inside","sewer",33.21,0,33.21,0,0,0,0
"PA7360135","inside","storm",0,0,0,0,0,0,0
"PA7360135","inside","total",56.74,0,140.87,0,0,0,0
"PA7360135","inside","water",23.53,0,107.66,84.13,0,0,0
"PA7360140","inside","sewer",33.9,0,101.69,67.79,0,0,0
"PA7360140","inside","storm",0,0,0,0,0,0,0
"PA7360140","inside","total",67.8,0,203.38,135.58,0,0,0
"PA7360140","inside","water",33.9,0,101.69,67.79,0,0,0
"PA7360143","inside","sewer",58.5,0,58.5,0,0,0,0
"PA7360143","inside","storm",0,0,0,0,0,0,0
"PA7360143","inside","total",71.83,0,163.7,0,0,0,0
"PA7360143","inside","water",13.33,0,105.2,91.87,0,0,0
"PA7380010","inside","sewer",16.36,0.14,91.25,74.75,0,0,0
"PA7380010","inside","storm",0,0,0,0,0,0,0
"PA7380010","inside","total",25.97,0.14,144.79,140.65,0,0,0
"PA7380010","inside","water",9.61,0,53.54,65.9,0,0,0
"PA7380025","inside","sewer",11.5,33.33,158.16,113.33,0,0,0
"PA7380025","inside","storm",0,0,0,0,0,0,0
"PA7380025","inside","total",24.83,33.33,234.82,176.66,0,0,0
"PA7380025","inside","water",13.33,0,76.66,63.33,0,0,0
"PA7380032","inside","sewer",51.67,0,51.67,0,0,0,0
"PA7380032","inside","storm",0,0,0,0,0,0,0
"PA7380032","inside","total",71.67,0,146.67,0,0,0,0
"PA7380032","inside","water",20,0,95,75,0,0,0
"PA7670061","inside","sewer",49.67,0,49.67,0,0,0,0
"PA7670061","inside","storm",0,0,0,0,0,0,0
"PA7670061","inside","total",64.17,0,199.93,0,0,0,0
"PA7670061","inside","water",14.5,0,150.26,135.76,0,0,0
"PA7670071","inside","sewer",37.5,0,103.32,87.75,0,0,0
"PA7670071","inside","storm",0,0,0,0,0,0,0
"PA7670071","inside","total",43.5,0,206.82,185.25,0,0,0
"PA7670071","inside","water",6,0,103.5,97.5,0,0,0
"PA7670073","inside","sewer",42.84,0,42.84,0,0,0,0
"PA7670073","inside","storm",0,0,0,0,0,0,0
"PA7670073","inside","total",55.84,0,144.34,0,0,0,0
"PA7670073","inside","water",13,0,101.5,88.5,0,0,0
"PA7670076","inside","sewer",17.73,0,86.11,68.38,0,0,0
"PA7670076","inside","storm",0,0,8.65,0,0,0,0
"PA7670076","inside","total",26.58,0,150.17,123.59,0,0,0
"PA7670076","inside","water",8.85,0,64.06,55.21,0,0,0
"PA7670086","inside","sewer",23.18,0,86.05,94.31,0,0,0
"PA7670086","inside","storm",0,0,0,0,0,0,0
"PA7670086","inside","total",29.24,0,194.72,196.92,0,0,0
"PA7670086","inside","water",6.06,0,108.67,102.61,0,0,0
"PA7670086","outside","sewer",13.93,0,108.24,94.31,0,0,0
"PA7670086","outside","total",27.86,0,247.55,219.69,0,0,0
"PA7670086","outside","water",13.93,0,139.31,125.38,0,0,0
"PA7670100","inside","sewer",41.64,0,62.11,65.51,0,0,0
"PA7670100","inside","storm",0,0,0,0,0,0,0
"PA7670100","inside","total",57.89,0,176.78,163.93,0,0,0
"PA7670100","inside","water",16.25,0,114.67,98.42,0,0,0
"PA7670101","inside","sewer",55,0,55,0,0,0,0
"PA7670101","inside","storm",0,0,0,0,0,0,0
"PA7670101","inside","total",61,0,94,0,0,0,0
"PA7670101","inside","water",6,0,39,33,0,0,0
"TX0010002","inside","sewer",19,0,40,21,0,0,0
"TX0010002","inside","storm",0,0,0,0,0,0,0
"TX0010002","inside","total",40,0,119.5,79.5,0,0,0
"TX0010002","inside","water",21,0,79.5,58.5,0,0,0
"TX0010046","inside","sewer",32.89,0,32.89,0,0,0,0
"TX0010046","inside","storm",0,0,0,0,0,0,0
"TX0010046","inside","total",69.14,0,254.85,0,0,0,0
"TX0010046","inside","water",36.25,0,221.96,185.71,0,0,0
"TX0020001","inside","sewer",15,0,15,0,0,0,0
"TX0020001","inside","storm",0,0,0,0,0,0,0
"TX0020001","inside","total",32.5,0,77.2,0,0,0,0
"TX0020001","inside","water",17.5,0,62.2,44.7,0,0,0
"TX0030002","inside","sewer",30,0,30,0,0,0,0
"TX0030002","inside","storm",0,0,0,0,0,0,0
"TX0030002","inside","total",44,0,114.65,0,0,0,0
"TX0030002","inside","water",14,0,84.65,70.65,0,0,0
"TX0030002","outside","sewer",55,0,55,0,0,0,0
"TX0030002","outside","total",81,0,153.75,0,0,0,0
"TX0030002","outside","water",26,0,98.75,72.75,0,0,0
"TX0030004","inside","sewer",12.23,0,71.63,59.4,0,0,0
"TX0030004","inside","storm",0,0,0,0,0,0,0
"TX0030004","inside","total",39.99,0,147.2,107.21,0,0,0
"TX0030004","inside","water",27.76,0,75.57,47.81,0,0,0
"TX0030004","outside","sewer",24.46,0,143.26,118.8,0,0,0
"TX0030004","outside","total",66.06,0,256.54,190.48,0,0,0
"TX0030004","outside","water",41.6,0,113.28,71.68,0,0,0
"TX0050001","inside","sewer",21,0,21,0,0,0,0
"TX0050001","inside","storm",0,0,0,0,0,0,0
"TX0050001","inside","total",67,0,163.24,0,0,0,0
"TX0050001","inside","water",46,0,142.24,96.24,0,0,0
"TX0050001","outside","sewer",21,0,21,0,0,0,0
"TX0050001","outside","total",73,0,169.24,0,0,0,0
"TX0050001","outside","water",52,0,148.24,96.24,0,0,0
"TX0050015","inside","sewer",25,0,25,0,0,0,0
"TX0050015","inside","storm",0,0,0,0,0,0,0
"TX0050015","inside","total",71,0,177.28,0,0,0,0
"TX0050015","inside","water",46,0,152.28,106.28,0,0,0
"TX0050015","outside","sewer",25,0,25,0,0,0,0
"TX0050015","outside","total",117,0,223.28,0,0,0,0
"TX0050015","outside","water",92,0,198.28,106.28,0,0,0
"TX0080001","inside","sewer",20,0,33,13,0,0,0
"TX0080001","inside","storm",0,0,0,0,0,0,0
"TX0080001","inside","total",40,0,106.05,63.5,2.55,0,0
"TX0080001","inside","water",20,0,73.05,50.5,2.55,0,0
"TX0080001","outside","sewer",30,0,49.5,19.5,0,0,0
"TX0080001","outside","total",70.5,0,168.22,95.17,2.55,0,0
"TX0080001","outside","water",40.5,0,118.72,75.67,2.55,0,0
"TX0100012","inside","sewer",0,0,78.79,58.11,0,0,20.68
"TX0100012","inside","storm",0,0,0,0,0,0,0
"TX0100012","inside","total",0,0,179.09,133.61,0,0,45.48
"TX0100012","inside","water",0,0,100.3,75.5,0,0,24.8
"TX0100012","outside","sewer",33.86,0,91.97,58.11,0,0,0
"TX0100012","outside","total",88.58,0,222.19,133.61,0,0,0
"TX0100012","outside","water",54.72,0,130.22,75.5,0,0,0
"TX0110001","inside","sewer",41.97,0,82.82,40.85,0,0,0
"TX0110001","inside","storm",0,0,0,0,0,0,0
"TX0110001","inside","total",69.69,0,158.37,88.68,0,0,0
"TX0110001","inside","water",27.72,0,75.55,47.83,0,0,0
"TX0110001","outside","sewer",41.97,0,82.82,40.85,0,0,0
"TX0110001","outside","total",83.56,0,194.04,110.48,0,0,0
"TX0110001","outside","water",41.59,0,111.22,69.63,0,0,0
"TX0110013","inside","sewer",33.5,0,119.75,86.25,0,0,0
"TX0110013","inside","storm",0,0,0,0,0,0,0
"TX0110013","inside","total",58.65,0,211.14,152.49,0,0,0
"TX0110013","inside","water",25.15,0,91.39,66.24,0,0,0
"TX0110049","inside","sewer",25.5,0,25.5,0,0,0,0
"TX0110049","inside","storm",0,0,0,0,0,0,0
"TX0110049","inside","total",80.5,0,144.5,0,0,0,0
"TX0110049","inside","water",55,0,119,64,0,0,0
"TX0120001","inside","sewer",14.41,0,34.36,19.95,0,0,0
"TX0120001","inside","storm",0,0,0,0,0,0,0
"TX0120001","inside","total",37.26,0,116.61,79.35,0,0,0
"TX0120001","inside","water",22.85,0,82.25,59.4,0,0,0
"TX0130001","inside","sewer",17.16,0,17.16,0,0,0,0
"TX0130001","inside","storm",0,0,0,0,0,0,0
"TX0130001","inside","total",44.55,0,97.98,0,0,0,0
"TX0130001","inside","water",27.39,0,80.82,53.43,0,0,0
"TX0130001","outside","sewer",31.93,0,81.63,49.7,0,0,0
"TX0130001","outside","total",80.23,0,201.68,121.45,0,0,0
"TX0130001","outside","water",48.3,0,120.05,71.75,0,0,0
"TX0140002","inside","sewer",14,0,79,65,0,0,0
"TX0140002","inside","storm",0,0,0,0,0,0,0
"TX0140002","inside","total",31,0,144.1,113.1,0,0,0
"TX0140002","inside","water",17,0,65.1,48.1,0,0,0
"TX0140004","inside","sewer",31,0,80.5,49.5,0,0,0
"TX0140004","inside","storm",0,0,0,0,0,0,0
"TX0140004","inside","total",62,0,186.5,124.5,0,0,0
"TX0140004","inside","water",31,0,106,75,0,0,0
"TX0140004","outside","sewer",31,0,80.5,49.5,0,0,0
"TX0140004","outside","total",67,0,229,162,0,0,0
"TX0140004","outside","water",36,0,148.5,112.5,0,0,0
"TX0140005","inside","sewer",13,0,71.5,58.5,0,0,0
"TX0140005","inside","storm",0,0,0,0,0,0,0
"TX0140005","inside","total",23,0,123.1,100.1,0,0,0
"TX0140005","inside","water",10,0,51.6,41.6,0,0,0
"TX0140005","outside","sewer",13,0,71.5,58.5,0,0,0
"TX0140005","outside","total",25.5,0,136,110.5,0,0,0
"TX0140005","outside","water",12.5,0,64.5,52,0,0,0
"TX0140006","inside","sewer",19.26,0,64.86,45.6,0,0,0
"TX0140006","inside","storm",0,0,4.46,0,0,0,0
"TX0140006","inside","total",31.96,0,118.77,86.81,0,0,0
"TX0140006","inside","water",12.7,0,53.91,41.21,0,0,0
"TX0140006","outside","sewer",38.52,0,129.71,91.19,0,0,0
"TX0140006","outside","total",63.92,0,237.52,173.6,0,0,0
"TX0140006","outside","water",25.4,0,107.81,82.41,0,0,0
"TX0140019","inside","sewer",32.89,0,32.89,0,0,0,0
"TX0140019","inside","storm",0,0,0,0,0,0,0
"TX0140019","inside","total",69.89,0,134.39,0,0,0,0
"TX0140019","inside","water",37,0,101.5,64.5,0,0,0
"TX0150018","inside","sewer",14.53,0,70.69,56.16,0,0,0
"TX0150018","inside","storm",0,0,3.75,0,0,0,0
"TX0150018","inside","total",27.35,0.21,176.22,85.6,63.06,0,0
"TX0150018","inside","water",12.82,0.21,105.53,29.44,63.06,0,0
"TX0150018","outside","sewer",17.43,0,84.84,67.41,0,0,0
"TX0150018","outside","total",34.1,0.21,203.07,105.7,63.06,0,0
"TX0150018","outside","water",16.67,0.21,118.23,38.29,63.06,0,0
"TX0150039","inside","sewer",23.53,0,82.65,59.12,0,0,0
"TX0150039","inside","storm",0,0,0,0,0,0,0
"TX0150039","inside","total",26.84,0,114.88,88.04,0,0,0
"TX0150039","inside","water",3.31,0,32.23,28.92,0,0,0
"TX0150040","inside","sewer",17.43,0,90.1,72.67,0,0,0
"TX0150040","inside","storm",0,0,0,0,0,0,0
"TX0150040","inside","total",35.63,14.65,162.28,112,0,0,0
"TX0150040","inside","water",18.2,14.65,72.18,39.33,0,0,0
"TX0150045","inside","sewer",14.53,0,70.69,56.16,0,0,0
"TX0150045","inside","storm",0,0,3.75,0,0,0,0
"TX0150045","inside","total",27.35,0.21,176.22,85.6,63.06,0,0
"TX0150045","inside","water",12.82,0.21,105.53,29.44,63.06,0,0
"TX0150045","outside","sewer",17.43,0,84.84,67.41,0,0,0
"TX0150045","outside","total",34.1,0.21,203.08,105.71,63.06,0,0
"TX0150045","outside","water",16.67,0.21,118.24,38.3,63.06,0,0
"TX0150047","inside","sewer",20.46,0,70.41,49.95,0,0,0
"TX0150047","inside","storm",0,0,2.43,0,0,0,0
"TX0150047","inside","total",35.46,0,128.61,93.15,0,0,0
"TX0150047","inside","water",15,0,58.2,43.2,0,0,0
"TX0150047","outside","sewer",20.46,0,70.41,49.95,0,0,0
"TX0150047","outside","total",37.71,0,130.86,93.15,0,0,0
"TX0150047","outside","water",17.25,0,60.45,43.2,0,0,0
"TX0150084","inside","sewer",14.53,0,70.69,56.16,0,0,0
"TX0150084","inside","storm",0,0,3.75,0,0,0,0
"TX0150084","inside","total",27.35,0.21,176.22,85.6,63.06,0,0
"TX0150084","inside","water",12.82,0.21,105.53,29.44,63.06,0,0
"TX0150084","outside","sewer",17.43,0,84.84,67.41,0,0,0
"TX0150084","outside","total",34.1,0.21,203.07,105.7,63.06,0,0
"TX0150084","outside","water",16.67,0.21,118.23,38.29,63.06,0,0
"TX0160001","inside","sewer",20.41,0,81.64,61.23,0,0,0
"TX0160001","inside","storm",0,0,0,0,0,0,0
"TX0160001","inside","total",37.37,0,174.64,137.27,0,0,0
"TX0160001","inside","water",16.96,0,93,76.04,0,0,0
"TX0160001","outside","sewer",30.61,0,122.64,92.03,0,0,0
"TX0160001","outside","total",56.06,0,262.22,206.16,0,0,0
"TX0160001","outside","water",25.45,0,139.58,114.13,0,0,0
"TX0170010","inside","sewer",32.89,0,32.89,0,0,0,0
"TX0170010","inside","storm",0,0,0,0,0,0,0
"TX0170010","inside","total",71.14,0,156.61,0,0,0,0
"TX0170010","inside","water",38.25,0,123.72,85.47,0,0,0
"TX0180031","inside","sewer",32.89,0,32.89,0,0,0,0
"TX0180031","inside","storm",0,0,0,0,0,0,0
"TX0180031","inside","total",68.89,0,128.89,0,0,0,0
"TX0180031","inside","water",36,0,96,60,0,0,0
"TX0190004","inside","sewer",10.81,0,61.19,50.38,0,0,0
"TX0190004","inside","storm",0,0,0,0,0,0,0
"TX0190004","inside","total",19.19,1.5,119.64,98.95,0,0,0
"TX0190004","inside","water",8.38,1.5,58.45,48.57,0,0,0
"TX0190004","outside","sewer",16.22,0,91.76,75.54,0,0,0
"TX0190004","outside","total",28.79,1.5,178.71,148.42,0,0,0
"TX0190004","outside","water",12.57,1.5,86.95,72.88,0,0,0
"TX0190007","inside","sewer",24,0,51.56,27.56,0,0,0
"TX0190007","inside","storm",0,0,0,0,0,0,0
"TX0190007","inside","total",54.2,0,164.43,110.23,0,0,0
"TX0190007","inside","water",30.2,0,112.87,82.67,0,0,0
"TX0190007","outside","sewer",24.57,0,52.13,27.56,0,0,0
"TX0190007","outside","total",59.72,0,176.84,117.12,0,0,0
"TX0190007","outside","water",35.15,0,124.71,89.56,0,0,0
"TX0200001","inside","sewer",29.88,0,93.97,64.09,0,0,0
"TX0200001","inside","storm",0,0,0,0,0,0,0
"TX0200001","inside","total",49.15,0,198.64,148.89,0.6,0,0
"TX0200001","inside","water",19.27,0,104.67,84.8,0.6,0,0
"TX0200002","inside","sewer",9.84,0,44.94,35.1,0,0,0
"TX0200002","inside","storm",0,0,0,0,0,0,0
"TX0200002","inside","total",30.72,0,146.9,116.18,0,0,0
"TX0200002","inside","water",20.88,0,101.96,81.08,0,0,0
"TX0200002","outside","sewer",12.3,0,56.24,43.94,0,0,0
"TX0200002","outside","total",38.4,0,183.76,145.36,0,0,0
"TX0200002","outside","water",26.1,0,127.52,101.42,0,0,0
"TX0200004","inside","sewer",13.15,0,68.45,55.3,0,0,0
"TX0200004","inside","storm",0,0,0,0,0,0,0
"TX0200004","inside","total",26.3,0,136.9,110.6,0,0,0
"TX0200004","inside","water",13.15,0,68.45,55.3,0,0,0
"TX0200008","inside","sewer",22.74,0,87.74,65,0,0,0
"TX0200008","inside","storm",0,0,0,0,0,0,0
"TX0200008","inside","total",38.52,5,168.65,125.13,0,0,0
"TX0200008","inside","water",15.78,5,80.91,60.13,0,0,0
"TX0200008","outside","sewer",22.74,0,87.74,65,0,0,0
"TX0200008","outside","total",46.41,5,206.59,155.18,0,0,0
"TX0200008","outside","water",23.67,5,118.85,90.18,0,0,0
"TX0200230","inside","sewer",15.04,0,53.84,38.8,0,0,0
"TX0200230","inside","storm",0,0,0,0,0,0,0
"TX0200230","inside","total",30.08,0,119.32,89.24,0,0,0
"TX0200230","inside","water",15.04,0,65.48,50.44,0,0,0
"TX0200610","inside","sewer",31.6,0,54.1,22.5,0,0,0
"TX0200610","inside","storm",0,0,0,0,0,0,0
"TX0200610","inside","total",48.85,0,100.3,51,0.45,0,0
"TX0200610","inside","water",17.25,0,46.2,28.5,0.45,0,0
"TX0200706","inside","sewer",32.6,0,55.1,22.5,0,0,0
"TX0200706","inside","storm",0,0,0,0,0,0,0
"TX0200706","inside","total",49.85,0,101.3,51,0.45,0,0
"TX0200706","inside","water",17.25,0,46.2,28.5,0.45,0,0
"TX0210001","inside","sewer",7.88,0,68.33,60.45,0,0,0
"TX0210001","inside","storm",0,0,14,0,0,0,0
"TX0210001","inside","total",17.58,0,119.43,101.85,0,0,0
"TX0210001","inside","water",9.7,0,51.1,41.4,0,0,0
"TX0210001","outside","sewer",11.82,0,102.49,90.67,0,0,0
"TX0210001","outside","total",26.37,0,179.14,152.77,0,0,0
"TX0210001","outside","water",14.55,0,76.65,62.1,0,0,0
"TX0210002","inside","sewer",21.29,0,46.85,25.56,0,0,0
"TX0210002","inside","storm",0,0,0,0,0,0,0
"TX0210002","inside","total",33.69,0,104.75,71.06,0,0,0
"TX0210002","inside","water",12.4,0,57.9,45.5,0,0,0
"TX0210016","inside","sewer",21.29,0,46.85,25.56,0,0,0
"TX0210016","inside","storm",0,0,0,0,0,0,0
"TX0210016","inside","total",50.29,0,135.25,84.96,0,0,0
"TX0210016","inside","water",29,0,88.4,59.4,0,0,0
"TX0220001","inside","sewer",15.5,0,15.5,0,0,0,0
"TX0220001","inside","storm",0,0,0,0,0,0,0
"TX0220001","inside","total",24.07,0,64.32,0,0,0,0
"TX0220001","inside","water",8.57,0,48.82,40.25,0,0,0
"TX0220001","outside","sewer",23.25,0,23.25,0,0,0,0
"TX0220001","outside","total",36.11,0,96.47,0,0,0,0
"TX0220001","outside","water",12.86,0,73.22,60.36,0,0,0
"TX0250001","inside","sewer",12,0,29.5,17.5,0,0,0
"TX0250001","inside","storm",0,0,0,0,0,0,0
"TX0250001","inside","total",44.5,0,174.95,130,0.45,0,0
"TX0250001","inside","water",32.5,0,145.45,112.5,0.45,0,0
"TX0250001","outside","sewer",19,0,36.5,17.5,0,0,0
"TX0250001","outside","total",69.75,0,199.75,130,0,0,0
"TX0250001","outside","water",50.75,0,163.25,112.5,0,0,0
"TX0250002","inside","sewer",27.68,0,69.35,41.67,0,0,0
"TX0250002","inside","storm",0,0,0,0,0,0,0
"TX0250002","inside","total",55.91,0,145.3,89.39,0,0,0
"TX0250002","inside","water",28.23,0,75.95,47.72,0,0,0
"TX0250002","outside","sewer",55.36,0,138.69,83.33,0,0,0
"TX0250002","outside","total",82.28,0,227.37,145.09,0,0,0
"TX0250002","outside","water",26.92,0,88.68,61.76,0,0,0
"TX0250004","inside","sewer",32.89,0,32.89,0,0,0,0
"TX0250004","inside","storm",0,0,0,0,0,0,0
"TX0250004","inside","total",75.89,0,160.64,0,0,0,0
"TX0250004","inside","water",43,0,127.75,84.75,0,0,0
"TX0260001","inside","sewer",17.5,0,43.24,25.74,0,0,0
"TX0260001","inside","storm",0,0,0,0,0,0,0
"TX0260001","inside","total",35,0,94.02,59.02,0,0,0
"TX0260001","inside","water",17.5,0,50.78,33.28,0,0,0
"TX0260001","outside","sewer",24.21,0,49.95,25.74,0,0,0
"TX0260001","outside","total",47.66,0,123.71,76.05,0,0,0
"TX0260001","outside","water",23.45,0,73.76,50.31,0,0,0
"TX0260002","inside","sewer",22,0,60.5,38.5,0,0,0
"TX0260002","inside","storm",0,0,0,0,0,0,0
"TX0260002","inside","total",44,0,121,77,0,0,0
"TX0260002","inside","water",22,0,60.5,38.5,0,0,0
"TX0270001","inside","sewer",30,0,105,75,0,0,0
"TX0270001","inside","storm",0,0,0,0,0,0,0
"TX0270001","inside","total",55,0,196.44,141.44,0,0,0
"TX0270001","inside","water",25,0,91.44,66.44,0,0,0
"TX0270001","outside","sewer",34.5,0,120.75,86.25,0,0,0
"TX0270001","outside","total",63.25,0,225.9,162.65,0,0,0
"TX0270001","outside","water",28.75,0,105.15,76.4,0,0,0
"TX0270012","inside","sewer",24.5,0,76.5,52,0,0,0
"TX0270012","inside","storm",0,0,0,0,0,0,0
"TX0270012","inside","total",52,0,170.5,118.5,0,0,0
"TX0270012","inside","water",27.5,0,94,66.5,0,0,0
"TX0270012","outside","sewer",24.5,0,76.5,52,0,0,0
"TX0270012","outside","total",58,0,177.99,119.99,0,0,0
"TX0270012","outside","water",33.5,0,101.49,67.99,0,0,0
"TX0270035","inside","sewer",66.41,0,105.81,39.4,0,0,0
"TX0270035","inside","storm",0,0,0,0,0,0,0
"TX0270035","inside","total",156.8,0,346.27,189.47,0,0,0
"TX0270035","inside","water",90.39,0,240.46,150.07,0,0,0
"TX0270036","inside","sewer",57,0,57,0,0,0,0
"TX0270036","inside","storm",0,0,0,0,0,0,0
"TX0270036","inside","total",83.65,0,107.65,0,0,0,0
"TX0270036","inside","water",26.65,0,50.65,24,0,0,0
"TX0280005","inside","sewer",32.89,0,32.89,0,0,0,0
"TX0280005","inside","storm",0,0,0,0,0,0,0
"TX0280005","inside","total",59.75,0,117.4,0,0,0,0
"TX0280005","inside","water",26.86,0,84.51,57.65,0,0,0
"TX0310001","inside","sewer",7.48,0,61.57,54.09,0,0,0
"TX0310001","inside","storm",0,0,0,0,0,0,0
"TX0310001","inside","total",19.54,0,108.91,89.37,0,0,0
"TX0310001","inside","water",12.06,0,47.34,35.28,0,0,0
"TX0310001","outside","sewer",11.22,0,95.97,84.75,0,0,0
"TX0310001","outside","total",29.34,0,167.04,137.7,0,0,0
"TX0310001","outside","water",18.12,0,71.07,52.95,0,0,0
"TX0310002","inside","sewer",6.18,0,62.73,54.9,1.65,0,0
"TX0310002","inside","storm",0,0,0,0,0,0,0
"TX0310002","inside","total",14.11,0,96.31,79.65,2.55,0,0
"TX0310002","inside","water",7.93,0,33.58,24.75,0.9,0,0
"TX0310002","outside","sewer",20.5,0,77.05,54.9,1.65,0,0
"TX0310002","outside","total",32.99,0,127.64,92.1,2.55,0,0
"TX0310002","outside","water",12.49,0,50.59,37.2,0.9,0,0
"TX0320002","inside","sewer",32.89,0,32.89,0,0,0,0
"TX0320002","inside","storm",0,0,0,0,0,0,0
"TX0320002","inside","total",62.84,0,137.58,0,0,0,0
"TX0320002","inside","water",29.95,0,104.69,74.74,0,0,0
"TX0340004","inside","sewer",15,0,71,56,0,0,0
"TX0340004","inside","storm",0,0,0,0,0,0,0
"TX0340004","inside","total",30,0,142,112,0,0,0
"TX0340004","inside","water",15,0,71,56,0,0,0
"TX0370028","inside","sewer",35.56,0,63.25,27.69,0,0,0
"TX0370028","inside","storm",0,0,0,0,0,0,0
"TX0370028","inside","total",45.31,0,208,162.69,0,0,0
"TX0370028","inside","water",9.75,0,144.75,135,0,0,0
"TX0370028","outside","sewer",35.56,0,63.25,27.69,0,0,0
"TX0370028","outside","total",45.31,0,215.5,170.19,0,0,0
"TX0370028","outside","water",9.75,0,152.25,142.5,0,0,0
"TX0390001","inside","sewer",19,0,47,26,0,2,0
"TX0390001","inside","storm",0,0,0,0,0,0,0
"TX0390001","inside","total",45,0,184.09,133.09,0,6,0
"TX0390001","inside","water",26,0,137.09,107.09,0,4,0
"TX0390001","outside","sewer",19,0,47,26,0,2,0
"TX0390001","outside","total",61,0,220.34,149.34,0,10,0
"TX0390001","outside","water",42,0,173.34,123.34,0,8,0
"TX0410001","inside","sewer",13,0,13,0,0,0,0
"TX0410001","inside","storm",0,0,0,0,0,0,0
"TX0410001","inside","total",37,5,66.75,0,0,0,0
"TX0410001","inside","water",24,5,53.75,24.75,0,0,0
"TX0410001","outside","sewer",23,0,23,0,0,0,0
"TX0410001","outside","total",65,0,108.32,0,0,0,0
"TX0410001","outside","water",42,0,85.32,43.32,0,0,0
"TX0430002","inside","sewer",15.3,0,53.55,38.25,0,0,0
"TX0430002","inside","storm",0,0,0,0,0,0,0
"TX0430002","inside","total",46.92,0,144.38,97.46,0,0,0
"TX0430002","inside","water",31.62,0,90.83,59.21,0,0,0
"TX0430002","outside","sewer",23.26,0,81.44,58.18,0,0,0
"TX0430002","outside","total",71.33,0,219.58,148.25,0,0,0
"TX0430002","outside","water",48.07,0,138.14,90.07,0,0,0
"TX0430003","inside","sewer",25.54,0,99.79,74.25,0,0,0
"TX0430003","inside","storm",0,0,0,0,0,0,0
"TX0430003","inside","total",50.1,0,207.94,157.84,0,0,0
"TX0430003","inside","water",24.56,0,108.15,83.59,0,0,0
"TX0430003","outside","sewer",38.32,0,149.69,111.37,0,0,0
"TX0430003","outside","total",75.16,0,311.86,236.7,0,0,0
"TX0430003","outside","water",36.84,0,162.17,125.33,0,0,0
"TX0430005","inside","sewer",25.95,0,97.05,71.1,0,0,0
"TX0430005","inside","storm",0,0,2.46,0,0,0,0
"TX0430005","inside","total",44.35,0,167.45,123.1,0,0,0
"TX0430005","inside","water",18.4,0,70.4,52,0,0,0
"TX0430007","inside","sewer",14.67,0,95.86,81.19,0,0,0
"TX0430007","inside","storm",0,0,3.57,0,0,0,0
"TX0430007","inside","total",39.67,0,161.74,122.07,0,0,0
"TX0430007","inside","water",25,0,65.88,40.88,0,0,0
"TX0430011","inside","sewer",50.6,0,50.6,0,0,0,0
"TX0430011","inside","storm",0,0,0,0,0,0,0
"TX0430011","inside","total",67.22,0,154.84,0,0,0,0
"TX0430011","inside","water",16.62,0,104.24,87.62,0,0,0
"TX0430011","outside","sewer",58.19,0,58.19,0,0,0,0
"TX0430011","outside","total",77.3,0,178.07,0,0,0,0
"TX0430011","outside","water",19.11,0,119.88,100.77,0,0,0
"TX0430025","inside","sewer",27.43,0,56.16,28.73,0,0,0
"TX0430025","inside","storm",0,0,3.5,0,0,0,0
"TX0430025","inside","total",40.51,0,127.56,87.05,0,0,0
"TX0430025","inside","water",13.08,0,71.4,58.32,0,0,0
"TX0430026","inside","sewer",32.89,0,32.89,0,0,0,0
"TX0430026","inside","storm",0,0,0,0,0,0,0
"TX0430026","inside","total",67.89,0,155.35,0,0,0,0
"TX0430026","inside","water",35,0,122.46,87.46,0,0,0
"TX0430027","inside","sewer",27.43,0,92.46,65.03,0,0,0
"TX0430027","inside","storm",0,0,0,0,0,0,0
"TX0430027","inside","total",54.86,0,215.65,158.54,2.25,0,0
"TX0430027","inside","water",27.43,0,123.19,93.51,2.25,0,0
"TX0430027","outside","sewer",41.15,0,138.7,97.55,0,0,0
"TX0430027","outside","total",75.44,0,289.88,214.44,0,0,0
"TX0430027","outside","water",34.29,0,151.18,116.89,0,0,0
"TX0430033","inside","sewer",58.19,0,58.19,0,0,0,0
"TX0430033","inside","storm",0,0,0,0,0,0,0
"TX0430033","inside","total",78.19,0,162.41,0,0,0,0
"TX0430033","inside","water",20,0,104.22,84.22,0,0,0
"TX0430036","inside","sewer",23.34,0,46.79,23.45,0,0,0
"TX0430036","inside","storm",0,0,0,0,0,0,0
"TX0430036","inside","total",64,0,181.63,117.63,0,0,0
"TX0430036","inside","water",40.66,0,134.84,94.18,0,0,0
"TX0430036","outside","sewer",26.96,0,51.48,24.52,0,0,0
"TX0430036","outside","total",71.69,0,201.89,130.2,0,0,0
"TX0430036","outside","water",44.73,0,150.41,105.68,0,0,0
"TX0430037","inside","sewer",53,0,53,0,0,0,0
"TX0430037","inside","storm",0,0,0,0,0,0,0
"TX0430037","inside","total",88,0,197.98,0,0,0,0
"TX0430037","inside","water",35,0,144.98,109.98,0,0,0
"TX0430039","inside","sewer",19.85,0,103.1,83.25,0,0,0
"TX0430039","inside","storm",0,0,4,0,0,0,0
"TX0430039","inside","total",36.35,0,191.59,155.24,0,0,0
"TX0430039","inside","water",16.5,0,88.49,71.99,0,0,0
"TX0430039","outside","sewer",23.7,0,123.45,99.75,0,0,0
"TX0430039","outside","total",43.05,0,227.29,184.24,0,0,0
"TX0430039","outside","water",19.35,0,103.84,84.49,0,0,0
"TX0450015","inside","sewer",32.89,0,32.89,0,0,0,0
"TX0450015","inside","storm",0,0,0,0,0,0,0
"TX0450015","inside","total",56.89,0,64.99,0,0,0,0
"TX0450015","inside","water",24,0,32.1,8.1,0,0,0
"TX0460001","inside","sewer",18.5,0,83.75,65.25,0,0,0
"TX0460001","inside","storm",0,0,0,0,0,0,0
"TX0460001","inside","total",34.57,0,144.42,104.9,4.95,0,0
"TX0460001","inside","water",16.07,0,60.67,39.65,4.95,0,0
"TX0470001","inside","sewer",4.7,0,27.59,22.89,0,0,0
"TX0470001","inside","storm",0,0,0,0,0,0,0
"TX0470001","inside","total",36.09,0,187.82,151.73,0,0,0
"TX0470001","inside","water",31.39,0,160.23,128.84,0,0,0
"TX0470001","outside","sewer",4.7,0,27.59,22.89,0,0,0
"TX0470001","outside","total",67.48,0,348.05,280.57,0,0,0
"TX0470001","outside","water",62.78,0,320.46,257.68,0,0,0
"TX0470002","inside","sewer",24.69,0,34.65,9.96,0,0,0
"TX0470002","inside","storm",0,0,0,0,0,0,0
"TX0470002","inside","total",59.81,0,182.56,122.75,0,0,0
"TX0470002","inside","water",35.12,0,147.91,112.79,0,0,0
"TX0470002","outside","sewer",28.25,0,40.73,12.48,0,0,0
"TX0470002","outside","total",76.72,0,242.79,166.07,0,0,0
"TX0470002","outside","water",48.47,0,202.06,153.59,0,0,0
"TX0480001","inside","sewer",20.7,0,20.7,0,0,0,0
"TX0480001","inside","storm",0,0,0,0,0,0,0
"TX0480001","inside","total",67.31,0,108.81,0,0,0,0
"TX0480001","inside","water",46.61,0,88.11,41.5,0,0,0
"TX0480001","outside","sewer",20.7,0,20.7,0,0,0,0
"TX0480001","outside","total",74.96,0,116.46,0,0,0,0
"TX0480001","outside","water",54.26,0,95.76,41.5,0,0,0
"TX0490002","inside","sewer",27,0,44.5,17.5,0,0,0
"TX0490002","inside","storm",0,0,0,0,0,0,0
"TX0490002","inside","total",54.7,0,116.2,61.5,0,0,0
"TX0490002","inside","water",27.7,0,71.7,44,0,0,0
"TX0490002","outside","sewer",54,0,89,35,0,0,0
"TX0490002","outside","total",108.7,0,231.69,122.99,0,0,0
"TX0490002","outside","water",54.7,0,142.69,87.99,0,0,0
"TX0490003","inside","sewer",35.92,0,77.56,41.64,0,0,0
"TX0490003","inside","storm",0,0,0,0,0,0,0
"TX0490003","inside","total",54.41,0,156.36,101.95,0,0,0
"TX0490003","inside","water",18.49,0,78.8,60.31,0,0,0
"TX0490003","outside","sewer",46.41,0,109.06,62.65,0,0,0
"TX0490003","outside","total",74.15,0,247.1,172.95,0,0,0
"TX0490003","outside","water",27.74,0,138.04,110.3,0,0,0
"TX0490013","inside","sewer",15,0,47.5,32.5,0,0,0
"TX0490013","inside","storm",0,0,0,0,0,0,0
"TX0490013","inside","total",30,0,137.49,107.49,0,0,0
"TX0490013","inside","water",15,0,89.99,74.99,0,0,0
"TX0490013","outside","sewer",18,0,18,0,0,0,0
"TX0490013","outside","total",36,0,36,0,0,0,0
"TX0490013","outside","water",18,0,18,0,0,0,0
"TX0500001","inside","sewer",20,0,92.75,72.75,0,0,0
"TX0500001","inside","storm",0,0,0,0,0,0,0
"TX0500001","inside","total",40,0,172.75,132.75,0,0,0
"TX0500001","inside","water",20,0,80,60,0,0,0
"TX0500001","outside","sewer",20,0,92.75,72.75,0,0,0
"TX0500001","outside","total",49.09,0,199.84,150.75,0,0,0
"TX0500001","outside","water",29.09,0,107.09,78,0,0,0
"TX0540002","inside","sewer",29.75,0,29.75,0,0,0,0
"TX0540002","inside","storm",0,0,0,0,0,0,0
"TX0540002","inside","total",64.5,0,99.75,0,0,0,0
"TX0540002","inside","water",34.75,0,70,35.25,0,0,0
"TX0540003","inside","sewer",21.6,2.95,24.55,0,0,0,0
"TX0540003","inside","storm",0,0,0,0,0,0,0
"TX0540003","inside","total",61.16,2.95,113.51,0,0,0,0
"TX0540003","inside","water",39.56,0,88.96,49.4,0,0,0
"TX0570004","inside","sewer",4.83,0,85.98,81.15,0,0,0
"TX0570004","inside","storm",0,0,6.76,0,0,0,0
"TX0570004","inside","total",5.37,0,151.28,145.91,0,0,0
"TX0570004","inside","water",0.54,0,65.3,64.76,0,0,0
"TX0570006","inside","sewer",11.14,0,167.09,155.95,0,0,0
"TX0570006","inside","storm",0,0,0,0,0,0,0
"TX0570006","inside","total",20.9,0,227.7,206.8,0,0,0
"TX0570006","inside","water",9.76,0,60.61,50.85,0,0,0
"TX0570007","inside","sewer",19.25,0,142.55,123.3,0,0,0
"TX0570007","inside","storm",0,0,3.5,0,0,0,0
"TX0570007","inside","total",33.25,0,217.91,184.66,0,0,0
"TX0570007","inside","water",14,0,75.36,61.36,0,0,0
"TX0570010","inside","sewer",9.4,0,76.9,67.5,0,0,0
"TX0570010","inside","storm",0,0,0,0,0,0,0
"TX0570010","inside","total",31.85,0,184.3,152.45,0,0,0
"TX0570010","inside","water",22.45,0,107.4,84.95,0,0,0
"TX0570013","inside","sewer",15.04,0,130.99,115.95,0,0,0
"TX0570013","inside","storm",0,0,0,0,0,0,0
"TX0570013","inside","total",35.94,0,191.94,156,0,0,0
"TX0570013","inside","water",20.9,0,60.95,40.05,0,0,0
"TX0570014","inside","sewer",16.39,0,61.46,45.07,0,0,0
"TX0570014","inside","storm",0,0,5,0,0,0,0
"TX0570014","inside","total",31.55,0,175.46,143.91,0,0,0
"TX0570014","inside","water",15.16,0,114,98.84,0,0,0
"TX0570015","inside","sewer",8,0,97.16,89.16,0,0,0
"TX0570015","inside","storm",0,0,3.75,0,0,0,0
"TX0570015","inside","total",16,0,206.5,190.5,0,0,0
"TX0570015","inside","water",8,0,109.34,101.34,0,0,0
"TX0570016","inside","sewer",17.61,0,127.71,110.1,0,0,0
"TX0570016","inside","storm",0,0,0,0,0,0,0
"TX0570016","inside","total",42.98,0,203.66,160.68,0,0,0
"TX0570016","inside","water",25.37,0,75.95,50.58,0,0,0
"TX0570032","inside","sewer",25.91,0,87.18,61.27,0,0,0
"TX0570032","inside","storm",0,0,0,0,0,0,0
"TX0570032","inside","total",49.19,0,182.41,133.22,0,0,0
"TX0570032","inside","water",23.28,0,95.23,71.95,0,0,0
"TX0570034","inside","sewer",15.55,0,62.61,47.06,0,0,0
"TX0570034","inside","storm",0,0,0,0,0,0,0
"TX0570034","inside","total",30.17,0,171.17,141,0,0,0
"TX0570034","inside","water",14.62,0,108.56,93.94,0,0,0
"TX0570036","inside","sewer",9.48,0,124.27,114.79,0,0,0
"TX0570036","inside","storm",0,0,0,0,0,0,0
"TX0570036","inside","total",18.68,0,218.86,200.18,0,0,0
"TX0570036","inside","water",9.2,0,94.59,85.39,0,0,0
"TX0570040","inside","sewer",22.4,0,51.52,29.12,0,0,0
"TX0570040","inside","storm",0,0,0,0,0,0,0
"TX0570040","inside","total",43.4,0,116.62,73.22,0,0,0
"TX0570040","inside","water",21,0,65.1,44.1,0,0,0
"TX0570048","inside","sewer",14.76,0,79.56,64.8,0,0,0
"TX0570048","inside","storm",0,0,0,0,0,0,0
"TX0570048","inside","total",30.25,0,146.05,115.8,0,0,0
"TX0570048","inside","water",15.49,0,66.49,51,0,0,0
"TX0570050","inside","sewer",7.54,0,60.19,52.65,0,0,0
"TX0570050","inside","storm",0,0,5.63,0,0,0,0
"TX0570050","inside","total",19.21,0,130.34,111.13,0,0,0
"TX0570050","inside","water",11.67,0,70.15,58.48,0,0,0
"TX0570056","inside","sewer",22.81,0,78.91,56.1,0,0,0
"TX0570056","inside","storm",0,0,5.5,0,0,0,0
"TX0570056","inside","total",44.81,0,183.85,139.04,0,0,0
"TX0570056","inside","water",22,0,104.94,82.94,0,0,0
"TX0600001","inside","sewer",18,0,95.99,77.99,0,0,0
"TX0600001","inside","storm",0,0,0,0,0,0,0
"TX0600001","inside","total",41.35,0,184.34,142.99,0,0,0
"TX0600001","inside","water",23.35,0,88.35,65,0,0,0
"TX0610001","inside","sewer",29.26,0,50.12,0,0,20.86,0
"TX0610001","inside","storm",0,0,0,0,0,0,0
"TX0610001","inside","total",60.94,0,163.9,0,0,0,0
"TX0610001","inside","water",31.68,0,113.78,82.1,0,0,0
"TX0610002","inside","sewer",11,0,68,57,0,0,0
"TX0610002","inside","storm",0,0,5.45,0,0,0,0
"TX0610002","inside","total",27,0,208.5,181.5,0,0,0
"TX0610002","inside","water",16,0,140.5,124.5,0,0,0
"TX0610004","inside","sewer",9.58,0,59.76,50.18,0,0,0
"TX0610004","inside","storm",0,0,4,0,0,0,0
"TX0610004","inside","total",25.41,0,117.97,92.56,0,0,0
"TX0610004","inside","water",15.83,0,58.21,42.38,0,0,0
"TX0610008","inside","sewer",20.5,0,75.93,55.43,0,0,0
"TX0610008","inside","storm",0,0,0,0,0,0,0
"TX0610008","inside","total",42.5,0,158.95,116.45,0,0,0
"TX0610008","inside","water",22,0,83.02,61.02,0,0,0
"TX0610019","inside","sewer",26.12,0,76.4,50.27,0,0,0
"TX0610019","inside","storm",0,0,5.45,0,0,0,0
"TX0610019","inside","total",56.41,0,163.42,107,0,0,0
"TX0610019","inside","water",30.29,0,87.02,56.73,0,0,0
"TX0610019","outside","sewer",61.88,0,127.26,65.38,0,0,0
"TX0610019","outside","total",92.17,0,214.28,122.11,0,0,0
"TX0610019","outside","water",30.29,0,87.02,56.73,0,0,0
"TX0610023","inside","sewer",20.82,0,75.81,54.99,0,0,0
"TX0610023","inside","storm",0,0,4.55,0,0,0,0
"TX0610023","inside","total",56.68,0,171.59,114.91,0,0,0
"TX0610023","inside","water",35.86,0,95.78,59.92,0,0,0
"TX0610065","inside","sewer",35,0,95,60,0,0,0
"TX0610065","inside","storm",0,0,3.85,0,0,0,0
"TX0610065","inside","total",79.62,0,196.86,117.24,0,0,0
"TX0610065","inside","water",44.62,0,101.86,57.24,0,0,0
"TX0610081","inside","sewer",19.64,0,73.33,53.69,0,0,0
"TX0610081","inside","storm",0,0,4,0,0,0,0
"TX0610081","inside","total",38.95,0,149.45,110.5,0,0,0
"TX0610081","inside","water",19.31,0,76.12,56.81,0,0,0
"TX0610081","outside","sewer",29.47,0,109.8,80.33,0,0,0
"TX0610081","outside","total",58.44,0,224.04,165.6,0,0,0
"TX0610081","outside","water",28.97,0,114.24,85.27,0,0,0
"TX0610091","inside","sewer",45,0,64.85,19.85,0,0,0
"TX0610091","inside","storm",0,0,0,0,0,0,0
"TX0610091","inside","total",94,0,172.88,78.88,0,0,0
"TX0610091","inside","water",49,0,108.03,59.03,0,0,0
"TX0610113","inside","sewer",27.16,0,35.62,16.92,0,0,0
"TX0610113","inside","storm",0,0,4.55,0,0,0,0
"TX0610113","inside","total",77.16,0,190.62,121.92,0,0,0
"TX0610113","inside","water",50,0,155,105,0,0,0
"TX0670001","inside","sewer",22.5,0,30.5,8,0,0,0
"TX0670001","inside","storm",0,0,0,0,0,0,0
"TX0670001","inside","total",42.5,0,104.75,62.25,0,0,0
"TX0670001","inside","water",20,0,74.25,54.25,0,0,0
"TX0670001","outside","sewer",22.5,0,30.5,8,0,0,0
"TX0670001","outside","total",50.5,0,112.75,62.25,0,0,0
"TX0670001","outside","water",28,0,82.25,54.25,0,0,0
"TX0670005","inside","sewer",20,0,78.5,58.5,0,0,0
"TX0670005","inside","storm",0,0,0,0,0,0,0
"TX0670005","inside","total",44,0,193.49,149.49,0,0,0
"TX0670005","inside","water",24,0,114.99,90.99,0,0,0
"TX0670005","outside","sewer",20,0,78.5,58.5,0,0,0
"TX0670005","outside","total",48,0,197.49,149.49,0,0,0
"TX0670005","outside","water",28,0,118.99,90.99,0,0,0
"TX0680002","inside","sewer",12.32,0,47.43,35.11,0,0,0
"TX0680002","inside","storm",0,0,1.85,0,0,0,0
"TX0680002","inside","total",31.19,0,140.31,107.42,1.7,0,0
"TX0680002","inside","water",18.87,0,92.88,72.31,1.7,0,0
"TX0680002","outside","sewer",18.48,0,71.17,52.69,0,0,0
"TX0680002","outside","total",46.79,0,209.63,161.14,1.7,0,0
"TX0680002","outside","water",28.31,0,138.46,108.45,1.7,0,0
"TX0690012","inside","sewer",14.71,0,15.96,0,0,1.25,0
"TX0690012","inside","storm",0,0,0,0,0,0,0
"TX0690012","inside","total",24.71,0,59.71,0,0,0,0
"TX0690012","inside","water",10,0,43.75,33.75,0,0,0
"TX0700001","inside","sewer",27.71,0,40.81,13.1,0,0,0
"TX0700001","inside","storm",0,0,0,0,0,0,0
"TX0700001","inside","total",51.52,0,125.95,74.43,0,0,0
"TX0700001","inside","water",23.81,0,85.14,61.33,0,0,0
"TX0700002","inside","sewer",27.24,0,91.07,63.83,0,0,0
"TX0700002","inside","storm",0,0,0,0,0,0,0
"TX0700002","inside","total",53.51,0,187.46,133.95,0,0,0
"TX0700002","inside","water",26.27,0,96.39,70.12,0,0,0
"TX0700004","inside","sewer",25,0,31.5,6.5,0,0,0
"TX0700004","inside","storm",0,0,0,0,0,0,0
"TX0700004","inside","total",46,0,123.99,77.99,0,0,0
"TX0700004","inside","water",21,0,92.49,71.49,0,0,0
"TX0700006","inside","sewer",11.5,0,37.5,26,0,0,0
"TX0700006","inside","storm",0,0,0,0,0,0,0
"TX0700006","inside","total",37.5,0,115.5,78,0,0,0
"TX0700006","inside","water",26,0,78,52,0,0,0
"TX0700007","inside","sewer",17,0,68.99,51.99,0,0,0
"TX0700007","inside","storm",0,0,0,0,0,0,0
"TX0700007","inside","total",54,0,183.66,129.66,0,0,0
"TX0700007","inside","water",37,0,114.67,77.67,0,0,0
"TX0700007","outside","sewer",24.5,0,99.59,75.09,0,0,0
"TX0700007","outside","total",79.5,0,247.66,168.16,0,0,0
"TX0700007","outside","water",55,0,148.07,93.07,0,0,0
"TX0700008","inside","sewer",24.28,0,64.84,40.56,0,0,0
"TX0700008","inside","storm",0,0,0,0,0,0,0
"TX0700008","inside","total",43.7,0,157.41,113.71,0,0,0
"TX0700008","inside","water",19.42,0,92.57,73.15,0,0,0
"TX0700033","inside","sewer",32.89,0,32.89,0,0,0,0
"TX0700033","inside","storm",0,0,0,0,0,0,0
"TX0700033","inside","total",57.89,0,137.88,0,0,0,0
"TX0700033","inside","water",25,0,104.99,79.99,0,0,0
"TX0710002","inside","sewer",17.17,0,47.49,30.32,0,0,0
"TX0710002","inside","storm",0,0,4.25,0,0,0,0
"TX0710002","inside","total",24.99,1.24,175.12,137.3,0,0,11.59
"TX0710002","inside","water",7.82,1.24,127.63,106.98,0,0,11.59
"TX0710002","outside","sewer",17.17,0,47.49,30.32,0,0,0
"TX0710002","outside","total",26.16,1.24,192.39,153.4,0,0,11.59
"TX0710002","outside","water",8.99,1.24,144.9,123.08,0,0,11.59
"TX0710154","inside","sewer",6,0,44.5,38.5,0,0,0
"TX0710154","inside","storm",0,0,0,0,0,0,0
"TX0710154","inside","total",13,0,96.21,83.21,0,0,0
"TX0710154","inside","water",7,0,51.71,44.71,0,0,0
"TX0730003","inside","sewer",24,0,61.5,37.5,0,0,0
"TX0730003","inside","storm",0,0,0,0,0,0,0
"TX0730003","inside","total",48,0,123,75,0,0,0
"TX0730003","inside","water",24,0,61.5,37.5,0,0,0
"TX0740001","inside","sewer",17.74,0,78.36,60.62,0,0,0
"TX0740001","inside","storm",0,0,0,0,0,0,0
"TX0740001","inside","total",54.28,0,202.22,147.94,0,0,0
"TX0740001","inside","water",36.54,0,123.86,87.32,0,0,0
"TX0740005","inside","sewer",18.5,0,28.05,9.55,0,0,0
"TX0740005","inside","storm",0,0,0,0,0,0,0
"TX0740005","inside","total",38,0,108.55,70.55,0,0,0
"TX0740005","inside","water",19.5,0,80.5,61,0,0,0
"TX0740005","outside","sewer",30,0,68.55,38.55,0,0,0
"TX0740005","outside","total",60,0,159.55,99.55,0,0,0
"TX0740005","outside","water",30,0,91,61,0,0,0
"TX0740006","inside","sewer",25,0,46.25,21.25,0,0,0
"TX0740006","inside","storm",0,0,0,0,0,0,0
"TX0740006","inside","total",45,0,158.22,113.22,0,0,0
"TX0740006","inside","water",20,0,111.97,91.97,0,0,0
"TX0740006","outside","sewer",32.35,0,58.11,25.76,0,0,0
"TX0740006","outside","total",64.09,0,180.14,116.05,0,0,0
"TX0740006","outside","water",31.74,0,122.03,90.29,0,0,0
"TX0750001","inside","sewer",30,0,30,0,0,0,0
"TX0750001","inside","storm",0,0,0,0,0,0,0
"TX0750001","inside","total",65,0,136.99,0,0,0,0
"TX0750001","inside","water",35,0,106.99,71.99,0,0,0
"TX0750001","outside","sewer",30,0,30,0,0,0,0
"TX0750001","outside","total",70,0,153.99,0,0,0,0
"TX0750001","outside","water",40,0,123.99,83.99,0,0,0
"TX0750002","inside","sewer",0,0,56.2,0,0,56.2,0
"TX0750002","inside","storm",0,0,0,0,0,0,0
"TX0750002","inside","total",0,0,148.2,0,0,148.2,0
"TX0750002","inside","water",0,0,92,0,0,92,0
"TX0750004","inside","sewer",18,0,46,28,0,0,0
"TX0750004","inside","storm",0,0,0,0,0,0,0
"TX0750004","inside","total",38,0,107.1,69.1,0,0,0
"TX0750004","inside","water",20,0,61.1,41.1,0,0,0
"TX0750007","inside","sewer",20,0,20,0,0,0,0
"TX0750007","inside","storm",0,0,0,0,0,0,0
"TX0750007","inside","total",40,0,71,0,0,0,0
"TX0750007","inside","water",20,0,51,31,0,0,0
"TX0750007","outside","sewer",20,0,20,0,0,0,0
"TX0750007","outside","total",46.75,0,77.75,0,0,0,0
"TX0750007","outside","water",26.75,0,57.75,31,0,0,0
"TX0750014","inside","sewer",25.3,0,25.3,0,0,0,0
"TX0750014","inside","storm",0,0,0,0,0,0,0
"TX0750014","inside","total",59.8,0,209.8,0,0,0,0
"TX0750014","inside","water",34.5,0,184.5,150,0,0,0
"TX0790004","inside","sewer",35,0,57.75,22.75,0,0,0
"TX0790004","inside","storm",0,0,0,0,0,0,0
"TX0790004","inside","total",70,0,121,51,0,0,0
"TX0790004","inside","water",35,0,63.25,28.25,0,0,0
"TX0790005","inside","sewer",13.02,0,58.77,45.75,0,0,0
"TX0790005","inside","storm",0,0,0,0,0,0,0
"TX0790005","inside","total",21.4,0,85.2,63.8,0,0,0
"TX0790005","inside","water",8.38,0,26.43,18.05,0,0,0
"TX0790014","inside","sewer",11.5,0,44,32.5,0,0,0
"TX0790014","inside","storm",0,0,0,0,0,0,0
"TX0790014","inside","total",24,0,89,65,0,0,0
"TX0790014","inside","water",12.5,0,45,32.5,0,0,0
"TX0790037","inside","sewer",12.5,0,29.4,16.9,0,0,0
"TX0790037","inside","storm",0,0,0,0,0,0,0
"TX0790037","inside","total",27,0,60.8,33.8,0,0,0
"TX0790037","inside","water",14.5,0,31.4,16.9,0,0,0
"TX0790037","outside","sewer",12.5,0,29.4,16.9,0,0,0
"TX0790037","outside","total",67.5,0,101.3,33.8,0,0,0
"TX0790037","outside","water",55,0,71.9,16.9,0,0,0
"TX0790132","inside","sewer",28.19,0,28.19,0,0,0,0
"TX0790132","inside","storm",0,0,0,0,0,0,0
"TX0790132","inside","total",40.19,0,76.69,0,22.5,0,0
"TX0790132","inside","water",12,0,48.5,14,22.5,0,0
"TX0790158","inside","sewer",31.72,0,31.72,0,0,0,0
"TX0790158","inside","storm",0,0,0,0,0,0,0
"TX0790158","inside","total",44.72,0,122.67,0,69.45,0,0
"TX0790158","inside","water",13,0,90.95,8.5,69.45,0,0
"TX0790158","outside","sewer",63.44,0,63.44,0,0,0,0
"TX0790158","outside","total",89.44,0,175.89,0,69.45,0,0
"TX0790158","outside","water",26,0,112.45,17,69.45,0,0
"TX0790366","inside","sewer",32,0,32,0,0,0,0
"TX0790366","inside","storm",0,0,0,0,0,0,0
"TX0790366","inside","total",58,0,134.55,0,67.8,0,0
"TX0790366","inside","water",26,0,102.55,8.75,67.8,0,0
"TX0790429","inside","sewer",38.62,0,38.62,0,0,0,0
"TX0790429","inside","storm",0,0,0,0,0,0,0
"TX0790429","inside","total",58.62,0,138.37,0,69.75,0,0
"TX0790429","inside","water",20,0,99.75,10,69.75,0,0
"TX0790435","inside","sewer",21.74,0,21.74,0,0,0,0
"TX0790435","inside","storm",0,0,0,0,0,0,0
"TX0790435","inside","total",43.74,12,129.74,0,69,0,0
"TX0790435","inside","water",22,12,108,5,69,0,0
"TX0790440","inside","sewer",35,0,57.75,22.75,0,0,0
"TX0790440","inside","storm",0,0,0,0,0,0,0
"TX0790440","inside","total",70,0,177.55,51,56.55,0,0
"TX0790440","inside","water",35,0,119.8,28.25,56.55,0,0
"TX0790472","inside","sewer",34.25,0,34.25,0,0,0,0
"TX0790472","inside","storm",0,0,0,0,0,0,0
"TX0790472","inside","total",54.25,12,142.25,0,69,0,0
"TX0790472","inside","water",20,12,108,7,69,0,0
"TX0790474","inside","sewer",42,0,63,21,0,0,0
"TX0790474","inside","storm",0,0,0,0,0,0,0
"TX0790474","inside","total",63,0,196.85,71,62.85,0,0
"TX0790474","inside","water",21,0,133.85,50,62.85,0,0
"TX0790478","inside","sewer",35.4,0,35.4,0,0,0,0
"TX0790478","inside","storm",0,0,0,0,0,0,0
"TX0790478","inside","total",53.4,0,123.15,0,63.75,0,0
"TX0790478","inside","water",18,0,87.75,6,63.75,0,0
"TX0790543","inside","sewer",21.74,0,21.74,0,0,0,0
"TX0790543","inside","storm",0,0,0,0,0,0,0
"TX0790543","inside","total",36.74,0,117.74,0,64.5,0,0
"TX0790543","inside","water",15,0,96,16.5,64.5,0,0
"TX0790566","inside","sewer",33.02,0,33.02,0,0,0,0
"TX0790566","inside","storm",0,0,0,0,0,0,0
"TX0790566","inside","total",53.02,0,135.47,0,72.45,0,0
"TX0790566","inside","water",20,0,102.45,10,72.45,0,0
"TX0800001","inside","sewer",24,0,57.95,33.95,0,0,0
"TX0800001","inside","storm",0,0,0,0,0,0,0
"TX0800001","inside","total",44.01,0,111.91,67.9,0,0,0
"TX0800001","inside","water",20.01,0,53.96,33.95,0,0,0
"TX0800001","outside","sewer",36,0,88.85,52.85,0,0,0
"TX0800001","outside","total",66.34,0,172.04,105.7,0,0,0
"TX0800001","outside","water",30.34,0,83.19,52.85,0,0,0
"TX0840002","inside","sewer",12.07,0,74.47,62.4,0,0,0
"TX0840002","inside","storm",0,0,0,0,0,0,0
"TX0840002","inside","total",22.69,0,141.44,118.75,0,0,0
"TX0840002","inside","water",10.62,0,66.97,56.35,0,0,0
"TX0840002","outside","sewer",18.11,0,111.71,93.6,0,0,0
"TX0840002","outside","total",34.04,0,212.17,178.13,0,0,0
"TX0840002","outside","water",15.93,0,100.46,84.53,0,0,0
"TX0840003","inside","sewer",13.1,0,81.68,68.58,0,0,0
"TX0840003","inside","storm",0,0,0,0,0,0,0
"TX0840003","inside","total",23.88,0,186.1,162.22,0,0,0
"TX0840003","inside","water",10.78,0,104.42,93.64,0,0,0
"TX0840007","inside","sewer",14.16,0,77.43,63.27,0,0,0
"TX0840007","inside","storm",0,0,0,0,0,0,0
"TX0840007","inside","total",21.43,0,165.65,144.22,0,0,0
"TX0840007","inside","water",7.27,0,88.22,80.95,0,0,0
"TX0840008","inside","sewer",9.43,0,57.43,48,0,0,0
"TX0840008","inside","storm",0,0,0,0,0,0,0
"TX0840008","inside","total",18.18,0,126.17,107.99,0,0,0
"TX0840008","inside","water",8.75,0,68.74,59.99,0,0,0
"TX0840011","inside","sewer",17,0,59.49,42.49,0,0,0
"TX0840011","inside","storm",0,0,0,0,0,0,0
"TX0840011","inside","total",33,0,121.25,88.25,0,0,0
"TX0840011","inside","water",16,0,61.76,45.76,0,0,0
"TX0840030","inside","sewer",34.35,0,60.35,26,0,0,0
"TX0840030","inside","storm",0,0,0,0,0,0,0
"TX0840030","inside","total",63.1,0,154.1,91,0,0,0
"TX0840030","inside","water",28.75,0,93.75,65,0,0,0
"TX0840044","inside","sewer",40,0,130,90,0,0,0
"TX0840044","inside","storm",0,0,0,0,0,0,0
"TX0840044","inside","total",91,0,230,139,0,0,0
"TX0840044","inside","water",51,0,100,49,0,0,0
"TX0880001","inside","sewer",16.21,0,27.04,10.83,0,0,0
"TX0880001","inside","storm",0,0,0,0,0,0,0
"TX0880001","inside","total",33.26,0,127.42,94.16,0,0,0
"TX0880001","inside","water",17.05,0,100.38,83.33,0,0,0
"TX0880001","outside","sewer",16.21,0,27.04,10.83,0,0,0
"TX0880001","outside","total",41.8,0,177.76,135.96,0,0,0
"TX0880001","outside","water",25.59,0,150.72,125.13,0,0,0
"TX0880011","inside","sewer",32.89,0,32.89,0,0,0,0
"TX0880011","inside","storm",0,0,0,0,0,0,0
"TX0880011","inside","total",65.89,0,115.23,0,0,0,0
"TX0880011","inside","water",33,0,82.34,49.34,0,0,0
"TX0880012","inside","sewer",32.89,0,32.89,0,0,0,0
"TX0880012","inside","storm",0,0,0,0,0,0,0
"TX0880012","inside","total",65.89,0,115.23,0,0,0,0
"TX0880012","inside","water",33,0,82.34,49.34,0,0,0
"TX0890002","inside","sewer",16,0,40.75,24.75,0,0,0
"TX0890002","inside","storm",0,0,0,0,0,0,0
"TX0890002","inside","total",32,0,99,67,0,0,0
"TX0890002","inside","water",16,0,58.25,42.25,0,0,0
"TX0890004","inside","sewer",19.5,0,19.5,0,0,0,0
"TX0890004","inside","storm",0,0,0,0,0,0,0
"TX0890004","inside","total",32.5,0,68.25,0,0,0,0
"TX0890004","inside","water",13,0,48.75,35.75,0,0,0
"TX0890004","outside","sewer",22.4,0,22.4,0,0,0,0
"TX0890004","outside","total",39,0,84.5,0,0,0,0
"TX0890004","outside","water",16.6,0,62.1,45.5,0,0,0
"TX0910003","inside","sewer",24,0,60.07,36.07,0,0,0
"TX0910003","inside","storm",0,0,0,0,0,0,0
"TX0910003","inside","total",50,0,129.63,79.63,0,0,0
"TX0910003","inside","water",26,0,69.56,43.56,0,0,0
"TX0910003","outside","sewer",24,0,60.07,36.07,0,0,0
"TX0910003","outside","total",76,0,199.18,123.18,0,0,0
"TX0910003","outside","water",52,0,139.11,87.11,0,0,0
"TX0910004","inside","sewer",34.53,0,108.02,73.49,0,0,0
"TX0910004","inside","storm",0,0,0,0,0,0,0
"TX0910004","inside","total",79.34,0,240.29,160.95,0,0,0
"TX0910004","inside","water",44.81,0,132.27,87.46,0,0,0
"TX0910004","outside","sewer",69.05,0,216.18,147.13,0,0,0
"TX0910004","outside","total",158.62,0,480.76,322.14,0,0,0
"TX0910004","outside","water",89.57,0,264.58,175.01,0,0,0
"TX0910006","inside","sewer",8.19,0,34.29,26.1,0,0,0
"TX0910006","inside","storm",0,0,1,0,0,0,0
"TX0910006","inside","total",30.99,0,101.23,70.24,0,0,0
"TX0910006","inside","water",22.8,0,66.94,44.14,0,0,0
"TX0910012","inside","sewer",22.5,0,76.82,54.32,0,0,0
"TX0910012","inside","storm",0,0,0,0,0,0,0
"TX0910012","inside","total",47.5,0,167.72,120.22,0,0,0
"TX0910012","inside","water",25,0,90.9,65.9,0,0,0
"TX0910012","outside","sewer",22.5,0,76.82,54.32,0,0,0
"TX0910012","outside","total",58.5,0,208.69,150.19,0,0,0
"TX0910012","outside","water",36,0,131.87,95.87,0,0,0
"TX0910013","inside","sewer",33.6,0,107.09,73.49,0,0,0
"TX0910013","inside","storm",0,0,0,0,0,0,0
"TX0910013","inside","total",60.75,0,248.42,187.67,0,0,0
"TX0910013","inside","water",27.15,0,141.33,114.18,0,0,0
"TX0910013","outside","sewer",33.6,0,107.09,73.49,0,0,0
"TX0910013","outside","total",74.32,0,319.16,244.84,0,0,0
"TX0910013","outside","water",40.72,0,212.07,171.35,0,0,0
"TX0910028","inside","sewer",27.75,0,115.94,88.19,0,0,0
"TX0910028","inside","storm",0,0,0,0,0,0,0
"TX0910028","inside","total",52.75,0,268.67,215.92,0,0,0
"TX0910028","inside","water",25,0,152.73,127.73,0,0,0
"TX0910028","outside","sewer",27.75,0,115.94,88.19,0,0,0
"TX0910028","outside","total",67.75,0,283.67,215.92,0,0,0
"TX0910028","outside","water",40,0,167.73,127.73,0,0,0
"TX0920004","inside","sewer",12.4,0,71.65,59.25,0,0,0
"TX0920004","inside","storm",0,0,0,0,0,0,0
"TX0920004","inside","total",22.9,0,116.6,93.7,0,0,0
"TX0920004","inside","water",10.5,0,44.95,34.45,0,0,0
"TX0920004","outside","sewer",21.24,0,116.94,95.7,0,0,0
"TX0920004","outside","total",40.38,0,188.08,147.7,0,0,0
"TX0920004","outside","water",19.14,0,71.14,52,0,0,0
"TX0930011","inside","sewer",20,0,41,21,0,0,0
"TX0930011","inside","storm",0,0,0,0,0,0,0
"TX0930011","inside","total",50,0,128.5,78.5,0,0,0
"TX0930011","inside","water",30,0,87.5,57.5,0,0,0
"TX0940001","inside","sewer",41.5,0,125.5,84,0,0,0
"TX0940001","inside","storm",0,0,0,0,0,0,0
"TX0940001","inside","total",75,0,237.23,162.23,0,0,0
"TX0940001","inside","water",33.5,0,111.73,78.23,0,0,0
"TX0940003","inside","sewer",13.54,0,97.41,83.87,0,0,0
"TX0940003","inside","storm",0,0,5.2,0,0,0,0
"TX0940003","inside","total",0,0,207.91,132.23,0,0,0
"TX0940003","inside","water",0,0,110.5,48.36,0,62.14,0
"TX0940003","outside","sewer",0,0,83.87,83.87,0,0,0
"TX0940003","outside","total",0,0,279.3,177.53,0,0,0
"TX0940003","outside","water",0,0,195.43,93.66,0,101.77,0
"TX0940018","inside","sewer",16.25,0,74.45,58.2,0,0,0
"TX0940018","inside","storm",0,0,5,0,0,0,0
"TX0940018","inside","total",0,0,187.33,146.08,0,0,0
"TX0940018","inside","water",0,0,112.88,87.88,0,25,0
"TX0950003","inside","sewer",22,0,22,0,0,0,0
"TX0950003","inside","storm",0,0,0,0,0,0,0
"TX0950003","inside","total",44,0,91.5,0,0,0,0
"TX0950003","inside","water",22,0,69.5,47.5,0,0,0
"TX0950003","outside","sewer",22,0,22,0,0,0,0
"TX0950003","outside","total",66,0,160.96,0,0,0,0
"TX0950003","outside","water",44,0,138.96,94.96,0,0,0
"TX0970002","inside","sewer",19,0,50.2,31.2,0,0,0
"TX0970002","inside","storm",0,0,0,0,0,0,0
"TX0970002","inside","total",53.25,0,159.84,106.59,0,0,0
"TX0970002","inside","water",34.25,0,109.64,75.39,0,0,0
"TX0970002","outside","sewer",20.7,0,59.7,39,0,0,0
"TX0970002","outside","total",71.95,0,194.14,122.19,0,0,0
"TX0970002","outside","water",51.25,0,134.44,83.19,0,0,0
"TX1000015","inside","sewer",32.89,0,32.89,0,0,0,0
"TX1000015","inside","storm",0,0,0,0,0,0,0
"TX1000015","inside","total",68.66,0,143.4,0,0,0,0
"TX1000015","inside","water",35.77,0,110.51,74.74,0,0,0
"TX1010003","inside","sewer",12.04,0,81.25,69.21,0,0,0
"TX1010003","inside","storm",0,0,3,0,0,0,0
"TX1010003","inside","total",23.19,0,180.23,157.04,0,0,0
"TX1010003","inside","water",11.15,0,98.98,87.83,0,0,0
"TX1010004","inside","sewer",8.25,0,55.95,47.7,0,0,0
"TX1010004","inside","storm",0,0,0,0,0,0,0
"TX1010004","inside","total",16.18,0,118.16,101.98,0,0,0
"TX1010004","inside","water",7.93,0,62.21,54.28,0,0,0
"TX1010007","inside","sewer",14.4,0,92.39,77.99,0,0,0
"TX1010007","inside","storm",0,0,0,0,0,0,0
"TX1010007","inside","total",28.8,0,179.19,150.39,0,0,0
"TX1010007","inside","water",14.4,0,86.8,72.4,0,0,0
"TX1010013","inside","sewer",12.19,0,125.28,80.18,0,32.91,0
"TX1010013","inside","storm",0,0,0,0,0,0,0
"TX1010013","inside","total",17.93,0,223.86,142.09,0,63.84,0
"TX1010013","inside","water",5.74,0,98.58,61.91,0,30.93,0
"TX1010015","inside","sewer",10.3,0,37.6,27.3,0,0,0
"TX1010015","inside","storm",0,0,0,0,0,0,0
"TX1010015","inside","total",29.8,0,125.34,95.54,0,0,0
"TX1010015","inside","water",19.5,0,87.74,68.24,0,0,0
"TX1010056","inside","sewer",5.5,0,28.5,23,0,0,0
"TX1010056","inside","storm",0,0,0,0,0,0,0
"TX1010056","inside","total",11,0,63.15,52.15,0,0,0
"TX1010056","inside","water",5.5,0,34.65,29.15,0,0,0
"TX1010087","inside","sewer",10.8,0,20.8,10,0,0,0
"TX1010087","inside","storm",0,0,0,0,0,0,0
"TX1010087","inside","total",22.5,0,86,63.5,0,0,0
"TX1010087","inside","water",11.7,0,65.2,53.5,0,0,0
"TX1010106","inside","sewer",22,0,46.65,24.65,0,0,0
"TX1010106","inside","storm",0,0,0,0,0,0,0
"TX1010106","inside","total",69.75,0,143.4,73.65,0,0,0
"TX1010106","inside","water",47.75,0,96.75,49,0,0,0
"TX1010207","inside","sewer",19,0,29,10,0,0,0
"TX1010207","inside","storm",0,0,0,0,0,0,0
"TX1010207","inside","total",43,0,151.52,108.52,0,0,0
"TX1010207","inside","water",24,0,122.52,98.52,0,0,0
"TX1010233","inside","sewer",0,0,28,0,0,28,0
"TX1010233","inside","storm",0,0,0,0,0,0,0
"TX1010233","inside","total",0,0,135.35,0,77.55,0,0
"TX1010233","inside","water",20.4,0,107.35,9.4,77.55,0,0
"TX1010277","inside","sewer",13,0,18.9,5.9,0,0,0
"TX1010277","inside","storm",0,0,0,0,0,0,0
"TX1010277","inside","total",21.25,0,106.05,14.3,70.5,0,0
"TX1010277","inside","water",8.25,0,87.15,8.4,70.5,0,0
"TX1010279","inside","sewer",19.25,0,29.75,10.5,0,0,0
"TX1010279","inside","storm",0,0,0,0,0,0,0
"TX1010279","inside","total",31.75,0,122.95,21,70.2,0,0
"TX1010279","inside","water",12.5,0,93.2,10.5,70.2,0,0
"TX1010293","inside","sewer",11.42,0,60.31,48.89,0,0,0
"TX1010293","inside","storm",0,0,0,0,0,0,0
"TX1010293","inside","total",22.84,0,122.37,99.53,0,0,0
"TX1010293","inside","water",11.42,0,62.06,50.64,0,0,0
"TX1010348","inside","sewer",24.75,0,24.75,0,0,0,0
"TX1010348","inside","storm",0,0,0,0,0,0,0
"TX1010348","inside","total",49.5,0,84.25,0,0,0,0
"TX1010348","inside","water",24.75,0,59.5,34.75,0,0,0
"TX1010359","inside","sewer",30.34,0,30.34,0,0,0,0
"TX1010359","inside","storm",0,0,0,0,0,0,0
"TX1010359","inside","total",35.34,0,117.84,0,70.5,0,0
"TX1010359","inside","water",5,0,87.5,12,70.5,0,0
"TX1010413","inside","sewer",10,0,15,5,0,0,0
"TX1010413","inside","storm",0,0,0,0,0,0,0
"TX1010413","inside","total",17,0,108.6,17.5,74.1,0,0
"TX1010413","inside","water",7,0,93.6,12.5,74.1,0,0
"TX1010432","inside","sewer",25.5,0,25.5,0,0,0,0
"TX1010432","inside","storm",0,0,0,0,0,0,0
"TX1010432","inside","total",34.5,0,117.5,0,70.5,0,0
"TX1010432","inside","water",9,0,92,12.5,70.5,0,0
"TX1010435","inside","sewer",15.5,0,15.5,0,0,0,0
"TX1010435","inside","storm",0,0,0,0,0,0,0
"TX1010435","inside","total",31.82,0,120.29,0,65.25,0,0
"TX1010435","inside","water",16.32,0,104.79,23.22,65.25,0,0
"TX1010440","inside","sewer",10,0,10,0,0,0,0
"TX1010440","inside","storm",0,0,0,0,0,0,0
"TX1010440","inside","total",17.5,0,102,0,70.5,0,0
"TX1010440","inside","water",7.5,0,92,14,70.5,0,0
"TX1010471","inside","sewer",38.51,0,38.51,0,0,0,0
"TX1010471","inside","storm",0,0,0,0,0,0,0
"TX1010471","inside","total",48.01,0,83.06,0,17.55,0,0
"TX1010471","inside","water",9.5,0,44.55,17.5,17.55,0,0
"TX1010482","inside","sewer",25,0,25,0,0,0,0
"TX1010482","inside","storm",0,0,0,0,0,0,0
"TX1010482","inside","total",36,0,113.3,0,73.8,0,0
"TX1010482","inside","water",11,0,88.3,3.5,73.8,0,0
"TX1010494","inside","sewer",10,0,10,0,0,0,0
"TX1010494","inside","storm",0,0,0,0,0,0,0
"TX1010494","inside","total",26,0,89.75,0,63.75,0,0
"TX1010494","inside","water",16,0,79.75,0,63.75,0,0
"TX1010495","inside","sewer",15,0,15,0,0,0,0
"TX1010495","inside","storm",0,0,0,0,0,0,0
"TX1010495","inside","total",0,0,98.5,0,70.5,0,0
"TX1010495","inside","water",0,0,83.5,13,70.5,0,0
"TX1010496","inside","sewer",24.5,0,24.5,0,0,0,0
"TX1010496","inside","storm",0,0,0,0,0,0,0
"TX1010496","inside","total",71,0,99.5,0,0,0,0
"TX1010496","inside","water",46.5,0,75,28.5,0,0,0
"TX1010615","inside","sewer",28.5,0,45.25,16.75,0,0,0
"TX1010615","inside","storm",0,0,0,0,0,0,0
"TX1010615","inside","total",48,0,147.95,33.5,66.45,0,0
"TX1010615","inside","water",19.5,0,102.7,16.75,66.45,0,0
"TX1010632","inside","sewer",27.05,0,34.55,7.5,0,0,0
"TX1010632","inside","storm",0,0,0,0,0,0,0
"TX1010632","inside","total",38.05,0,127.51,21.25,68.21,0,0
"TX1010632","inside","water",11,0,92.96,13.75,68.21,0,0
"TX1010774","inside","sewer",14,0,14,0,0,0,0
"TX1010774","inside","storm",0,0,0,0,0,0,0
"TX1010774","inside","total",30,0,96.25,0,59.55,0,0
"TX1010774","inside","water",16,0,82.25,6.7,59.55,0,0
"TX1010919","inside","sewer",41,0,41,0,0,0,0
"TX1010919","inside","storm",0,0,0,0,0,0,0
"TX1010919","inside","total",48,0,131.7,0,70.5,0,0
"TX1010919","inside","water",7,0,90.7,13.2,70.5,0,0
"TX1011019","inside","sewer",12,0,12,0,0,0,0
"TX1011019","inside","storm",0,0,0,0,0,0,0
"TX1011019","inside","total",23,0,98,0,63.75,0,0
"TX1011019","inside","water",11,0,86,11.25,63.75,0,0
"TX1011143","inside","sewer",12,0,12,0,0,0,0
"TX1011143","inside","storm",0,0,0,0,0,0,0
"TX1011143","inside","total",19,0,74.2,0,45.45,0,0
"TX1011143","inside","water",7,0,62.2,9.75,45.45,0,0
"TX1011237","inside","sewer",10,0,16.32,6.32,0,0,0
"TX1011237","inside","storm",0,0,0,0,0,0,0
"TX1011237","inside","total",20,0,55.75,19.47,16.28,0,0
"TX1011237","inside","water",10,0,39.43,13.15,16.28,0,0
"TX1011410","inside","sewer",26.22,0,26.22,0,0,0,0
"TX1011410","inside","storm",0,0,0,0,0,0,0
"TX1011410","inside","total",35.22,0,100.52,0,52.8,0,0
"TX1011410","inside","water",9,0,74.3,12.5,52.8,0,0
"TX1011550","inside","sewer",13.31,0,13.31,0,0,0,0
"TX1011550","inside","storm",0,0,0,0,0,0,0
"TX1011550","inside","total",21.31,0,38.91,0,0,0,0
"TX1011550","inside","water",8,0,25.6,17.6,0,0,0
"TX1011550","outside","sewer",26.62,0,26.62,0,0,0,0
"TX1011550","outside","total",42.62,0,77.82,0,0,0,0
"TX1011550","outside","water",16,0,51.2,35.2,0,0,0
"TX1011613","inside","sewer",25,0,25,0,0,0,0
"TX1011613","inside","storm",0,0,0,0,0,0,0
"TX1011613","inside","total",31,0,113,0,59.4,0,0
"TX1011613","inside","water",6,0,88,22.6,59.4,0,0
"TX1011649","inside","sewer",24.87,0,28.12,3.25,0,0,0
"TX1011649","inside","storm",0,0,0,0,0,0,0
"TX1011649","inside","total",37.37,0,123.02,15.45,70.2,0,0
"TX1011649","inside","water",12.5,0,94.9,12.2,70.2,0,0
"TX1011681","inside","sewer",27.82,0,27.82,0,0,0,0
"TX1011681","inside","storm",0,0,0,0,0,0,0
"TX1011681","inside","total",50.82,0,120.72,0,59.4,0,0
"TX1011681","inside","water",23,0,92.9,10.5,59.4,0,0
"TX1011689","inside","sewer",28.37,0,28.37,0,0,0,0
"TX1011689","inside","storm",0,0,0,0,0,0,0
"TX1011689","inside","total",48.37,0,118.67,0,52.8,0,0
"TX1011689","inside","water",20,0,90.3,17.5,52.8,0,0
"TX1011783","inside","sewer",27,0,27,0,0,0,0
"TX1011783","inside","storm",0,0,0,0,0,0,0
"TX1011783","inside","total",40.5,0,105.75,0,50.25,0,0
"TX1011783","inside","water",13.5,0,78.75,15,50.25,0,0
"TX1011833","inside","sewer",31.5,0,31.5,0,0,0,0
"TX1011833","inside","storm",0,0,0,0,0,0,0
"TX1011833","inside","total",48.5,0,137,0,57,0,0
"TX1011833","inside","water",17,0,105.5,31.5,57,0,0
"TX1011998","inside","sewer",22.07,0,27.07,5,0,0,0
"TX1011998","inside","storm",0,0,0,0,0,0,0
"TX1011998","inside","total",32.07,0,99.07,10,57,0,0
"TX1011998","inside","water",10,0,72,5,57,0,0
"TX1012007","inside","sewer",25.03,0,25.03,0,0,0,0
"TX1012007","inside","storm",0,0,0,0,0,0,0
"TX1012007","inside","total",34.92,0,39.42,0,0,0,0
"TX1012007","inside","water",9.89,0,14.39,4.5,0,0,0
"TX1012145","inside","sewer",40,0,40,0,0,0,0
"TX1012145","inside","storm",0,0,0,0,0,0,0
"TX1012145","inside","total",75.25,0,145.75,0,63.75,0,0
"TX1012145","inside","water",35.25,0,105.75,6.75,63.75,0,0
"TX1012238","inside","sewer",20,0,20,0,0,0,0
"TX1012238","inside","storm",0,0,0,0,0,0,0
"TX1012238","inside","total",39.5,0,105,0,48,0,0
"TX1012238","inside","water",19.5,0,85,17.5,48,0,0
"TX1012293","inside","sewer",12.5,0,12.5,0,0,0,0
"TX1012293","inside","storm",0,0,0,0,0,0,0
"TX1012293","inside","total",25,0,96.25,0,63.75,0,0
"TX1012293","inside","water",12.5,0,83.75,7.5,63.75,0,0
"TX1012498","inside","sewer",34,0,34,0,0,0,0
"TX1012498","inside","storm",0,0,0,0,0,0,0
"TX1012498","inside","total",68,0,147.6,0,70.5,0,0
"TX1012498","inside","water",34,0,113.6,9.1,70.5,0,0
"TX1012532","inside","sewer",12.86,0,12.86,0,0,0,0
"TX1012532","inside","storm",0,0,0,0,0,0,0
"TX1012532","inside","total",17.86,0,17.86,0,0,0,0
"TX1012532","inside","water",5,0,5,0,0,0,0
"TX1012865","inside","sewer",27.75,0,27.75,0,0,0,0
"TX1012865","inside","storm",0,0,0,0,0,0,0
"TX1012865","inside","total",39.25,0,95.42,0,42.42,0,0
"TX1012865","inside","water",11.5,0,67.67,13.75,42.42,0,0
"TX1012987","inside","sewer",37,0,37,0,0,0,0
"TX1012987","inside","storm",0,0,0,0,0,0,0
"TX1012987","inside","total",0,0,138.25,0,0,0,0
"TX1012987","inside","water",0,0,101.25,101.25,0,0,0
"TX1013034","inside","sewer",36.31,0,36.31,0,0,0,0
"TX1013034","inside","storm",0,0,0,0,0,0,0
"TX1013034","inside","total",50.81,0,132.86,0,67.05,0,0
"TX1013034","inside","water",14.5,0,96.55,15,67.05,0,0
"TX1013135","inside","sewer",27.19,0,27.19,0,0,0,0
"TX1013135","inside","storm",0,0,0,0,0,0,0
"TX1013135","inside","total",46.19,0,114.39,0,65.7,0,0
"TX1013135","inside","water",19,0,87.2,2.5,65.7,0,0
"TX1013310","inside","sewer",36.88,0,36.88,0,0,0,0
"TX1013310","inside","storm",0,0,0,0,0,0,0
"TX1013310","inside","total",54.88,0,103.53,0,43.65,0,0
"TX1013310","inside","water",18,0,66.65,5,43.65,0,0
"TX1013365","inside","sewer",35.21,0,35.21,0,0,0,0
"TX1013365","inside","storm",0,0,0,0,0,0,0
"TX1013365","inside","total",53.21,0,127.66,0,54.45,0,0
"TX1013365","inside","water",18,0,92.45,20,54.45,0,0
"TX1013385","inside","sewer",44.6,0,44.6,0,0,0,0
"TX1013385","inside","storm",0,0,0,0,0,0,0
"TX1013385","inside","total",70.6,0,133.4,0,52.8,0,0
"TX1013385","inside","water",26,0,88.8,10,52.8,0,0
"TX1013390","inside","sewer",30,0,30,0,0,0,0
"TX1013390","inside","storm",0,0,0,0,0,0,0
"TX1013390","inside","total",0,0,89.4,0,59.4,0,0
"TX1013390","inside","water",0,0,59.4,0,59.4,0,0
"TX1013494","inside","sewer",30,0,30,0,0,0,0
"TX1013494","inside","storm",0,0,0,0,0,0,0
"TX1013494","inside","total",52,0,129.4,0,59.4,0,0
"TX1013494","inside","water",22,0,99.4,18,59.4,0,0
"TX1013530","inside","sewer",30,0,30,0,0,0,0
"TX1013530","inside","storm",0,0,0,0,0,0,0
"TX1013530","inside","total",52,0,140.2,0,70.2,0,0
"TX1013530","inside","water",22,0,110.2,18,70.2,0,0
"TX1013563","inside","sewer",36.1,0,36.1,0,0,0,0
"TX1013563","inside","storm",0,0,0,0,0,0,0
"TX1013563","inside","total",54.1,0,143.05,0,70.2,0,0
"TX1013563","inside","water",18,0,106.95,18.75,70.2,0,0
"TX1013632","inside","sewer",40.85,0,40.85,0,0,0,0
"TX1013632","inside","storm",0,0,0,0,0,0,0
"TX1013632","inside","total",58.85,0,63.85,0,0,0,0
"TX1013632","inside","water",18,0,23,5,0,0,0
"TX1040015","inside","sewer",32.89,0,32.89,0,0,0,0
"TX1040015","inside","storm",0,0,0,0,0,0,0
"TX1040015","inside","total",92.89,0,231.64,0,0,0,0
"TX1040015","inside","water",60,0,198.75,138.75,0,0,0
"TX1050001","inside","sewer",26.28,0,79.33,53.05,0,0,0
"TX1050001","inside","storm",0,0,12.89,0,0,0,0
"TX1050001","inside","total",50.6,0,201.45,150.85,0,0,0
"TX1050001","inside","water",24.32,0,122.12,97.8,0,0,0
"TX1050001","outside","sewer",32.84,0,98.98,66.14,0,0,0
"TX1050001","outside","total",63.25,0,251.7,188.45,0,0,0
"TX1050001","outside","water",30.41,0,152.72,122.31,0,0,0
"TX1050012","inside","sewer",34.23,0,96.63,62.4,0,0,0
"TX1050012","inside","storm",0,0,0,0,0,0,0
"TX1050012","inside","total",47.02,0,188.09,141.07,0,0,0
"TX1050012","inside","water",12.79,0,91.46,78.67,0,0,0
"TX1050012","outside","sewer",42.79,0,120.79,78,0,0,0
"TX1050012","outside","total",58.79,0,240.24,181.45,0,0,0
"TX1050012","outside","water",16,0,119.45,103.45,0,0,0
"TX1070005","inside","sewer",20,0,38.77,18.77,0,0,0
"TX1070005","inside","storm",0,0,0,0,0,0,0
"TX1070005","inside","total",39,0,101.19,62.19,0,0,0
"TX1070005","inside","water",19,0,62.42,43.42,0,0,0
"TX1070006","inside","sewer",23,0,23,0,0,0,0
"TX1070006","inside","storm",0,0,0,0,0,0,0
"TX1070006","inside","total",45,0,105.19,0,0,0,0
"TX1070006","inside","water",22,0,82.19,60.19,0,0,0
"TX1070034","inside","sewer",20,0,38.77,18.77,0,0,0
"TX1070034","inside","storm",0,0,0,0,0,0,0
"TX1070034","inside","total",44,0,115.27,71.27,0,0,0
"TX1070034","inside","water",24,0,76.5,52.5,0,0,0
"TX1080001","inside","sewer",26.45,0,37.1,10.65,0,0,0
"TX1080001","inside","storm",0,0,0,0,0,0,0
"TX1080001","inside","total",50.7,0,78.25,27.55,0,0,0
"TX1080001","inside","water",24.25,0,41.15,16.9,0,0,0
"TX1080001","outside","sewer",29.11,0,39.76,10.65,0,0,0
"TX1080001","outside","total",60.64,0,93.26,32.62,0,0,0
"TX1080001","outside","water",31.53,0,53.5,21.97,0,0,0
"TX1080004","inside","sewer",8.05,0,26.41,18.36,0,0,0
"TX1080004","inside","storm",0,0,0,0,0,0,0
"TX1080004","inside","total",18.83,0,67.07,48.24,0,0,0
"TX1080004","inside","water",10.78,0,40.66,29.88,0,0,0
"TX1080004","outside","sewer",10.07,0,33.11,23.04,0,0,0
"TX1080004","outside","total",23.55,0,83.91,60.36,0,0,0
"TX1080004","outside","water",13.48,0,50.8,37.32,0,0,0
"TX1080006","inside","sewer",12,0,37.5,25.5,0,0,0
"TX1080006","inside","storm",0,0,0,0,0,0,0
"TX1080006","inside","total",21.95,0,71.7,49.75,0,0,0
"TX1080006","inside","water",9.95,0,34.2,24.25,0,0,0
"TX1080008","inside","sewer",8.75,0,33.5,24.75,0,0,0
"TX1080008","inside","storm",0,0,2.5,0,0,0,0
"TX1080008","inside","total",19.25,0,72,52.75,0,0,0
"TX1080008","inside","water",10.5,0,38.5,28,0,0,0
"TX1080008","outside","sewer",10.95,0,35.7,24.75,0,0,0
"TX1080008","outside","total",24.08,0,76.83,52.75,0,0,0
"TX1080008","outside","water",13.13,0,41.13,28,0,0,0
"TX1080009","inside","sewer",17.17,0,17.17,0,0,0,0
"TX1080009","inside","storm",0,0,0,0,0,0,0
"TX1080009","inside","total",36.06,0,67.2,0,0,0,0
"TX1080009","inside","water",18.89,0,50.03,31.14,0,0,0
"TX1080011","inside","sewer",19.31,0,85.69,66.38,0,0,0
"TX1080011","inside","storm",0,0,0,0,0,0,0
"TX1080011","inside","total",34.93,0,141.96,107.03,0,0,0
"TX1080011","inside","water",15.62,0,56.27,40.65,0,0,0
"TX1080011","outside","sewer",19.31,0,85.69,66.38,0,0,0
"TX1080011","outside","total",42.74,0,170.1,127.36,0,0,0
"TX1080011","outside","water",23.43,0,84.41,60.98,0,0,0
"TX1080022","inside","sewer",9.55,0,35.95,26.4,0,0,0
"TX1080022","inside","storm",0,0,0,0,0,0,0
"TX1080022","inside","total",23.57,0,87.44,63.87,0,0,0
"TX1080022","inside","water",14.02,0,51.49,37.47,0,0,0
"TX1080029","inside","sewer",11.5,0,30.4,18.9,0,0,0
"TX1080029","inside","storm",0,0,0,0,0,0,0
"TX1080029","inside","total",28.38,0,67.26,38.88,0,0,0
"TX1080029","inside","water",16.88,0,36.86,19.98,0,0,0
"TX1080033","inside","sewer",32.89,0,32.89,0,0,0,0
"TX1080033","inside","storm",0,0,0,0,0,0,0
"TX1080033","inside","total",47.89,0,74.89,0,0,0,0
"TX1080033","inside","water",15,0,42,27,0,0,0
"TX1090002","inside","sewer",0,0,10,0,0,10,0
"TX1090002","inside","storm",0,0,0,0,0,0,0
"TX1090002","inside","total",0,0,132.79,0,0,0,0
"TX1090002","inside","water",50,0,122.79,72.79,0,0,0
"TX1100002","inside","sewer",17.29,0,18.49,1.2,0,0,0
"TX1100002","inside","storm",0,0,0,0,0,0,0
"TX1100002","inside","total",30.89,0,89.6,58.71,0,0,0
"TX1100002","inside","water",13.6,0,71.11,57.51,0,0,0
"TX1100002","outside","sewer",25.93,0,27.73,1.8,0,0,0
"TX1100002","outside","total",46.33,0,134.4,88.07,0,0,0
"TX1100002","outside","water",20.4,0,106.67,86.27,0,0,0
"TX1100004","inside","sewer",20,0,20,0,0,0,0
"TX1100004","inside","storm",0,0,0,0,0,0,0
"TX1100004","inside","total",50,0,86.75,0,0,0,0
"TX1100004","inside","water",30,0,66.75,36.75,0,0,0
"TX1100004","outside","sewer",20,0,20,0,0,0,0
"TX1100004","outside","total",80,0,152.47,0,0,0,0
"TX1100004","outside","water",60,0,132.47,72.47,0,0,0
"TX1110001","inside","sewer",26.88,0,85.68,58.8,0,0,0
"TX1110001","inside","storm",0,0,0,0,0,0,0
"TX1110001","inside","total",44.89,0,219.38,174.49,0,0,0
"TX1110001","inside","water",18.01,0,133.7,115.69,0,0,0
"TX1110001","outside","sewer",38.08,0,126.43,88.35,0,0,0
"TX1110001","outside","total",65.77,0,327.55,261.78,0,0,0
"TX1110001","outside","water",27.69,0,201.12,173.43,0,0,0
"TX1110007","inside","sewer",24,0,52,28,0,0,0
"TX1110007","inside","storm",0,0,0,0,0,0,0
"TX1110007","inside","total",53.66,0,159.84,106.18,0,0,0
"TX1110007","inside","water",29.66,0,107.84,78.18,0,0,0
"TX1120001","inside","sewer",23,0,81.5,58.5,0,0,0
"TX1120001","inside","storm",0,0,0,0,0,0,0
"TX1120001","inside","total",46,0,191.37,145.37,0,0,0
"TX1120001","inside","water",23,0,109.87,86.87,0,0,0
"TX1120001","outside","sewer",23,0,81.5,58.5,0,0,0
"TX1120001","outside","total",65,0,210.53,145.53,0,0,0
"TX1120001","outside","water",42,0,129.03,87.03,0,0,0
"TX1140001","inside","sewer",18,0,45,27,0,0,0
"TX1140001","inside","storm",0,0,0,0,0,0,0
"TX1140001","inside","total",48,0,129.25,81.25,0,0,0
"TX1140001","inside","water",30,0,84.25,54.25,0,0,0
"TX1140001","outside","sewer",18,0,45,27,0,0,0
"TX1140001","outside","total",48,0,183.48,135.48,0,0,0
"TX1140001","outside","water",30,0,138.48,108.48,0,0,0
"TX1160001","inside","sewer",26.5,0,45.5,19,0,0,0
"TX1160001","inside","storm",0,0,0,0,0,0,0
"TX1160001","inside","total",53.25,0,143.62,90.37,0,0,0
"TX1160001","inside","water",26.75,0,98.12,71.37,0,0,0
"TX1160002","inside","sewer",14.5,0,56.5,42,0,0,0
"TX1160002","inside","storm",0,0,0,0,0,0,0
"TX1160002","inside","total",38.5,0,139,100.5,0,0,0
"TX1160002","inside","water",24,0,82.5,58.5,0,0,0
"TX1160002","outside","sewer",14.5,0,56.5,42,0,0,0
"TX1160002","outside","total",40.5,0,141,100.5,0,0,0
"TX1160002","outside","water",26,0,84.5,58.5,0,0,0
"TX1160007","inside","sewer",35,0,68.5,33.5,0,0,0
"TX1160007","inside","storm",0,0,0,0,0,0,0
"TX1160007","inside","total",55,0,180.27,125.27,0,0,0
"TX1160007","inside","water",20,0,111.77,91.77,0,0,0
"TX1160007","outside","sewer",35,0,75,40,0,0,0
"TX1160007","outside","total",70,0,208.27,138.27,0,0,0
"TX1160007","outside","water",35,0,133.27,98.27,0,0,0
"TX1160018","inside","sewer",32.89,0,32.89,0,0,0,0
"TX1160018","inside","storm",0,0,0,0,0,0,0
"TX1160018","inside","total",63.28,0,135.52,0,0,0,0
"TX1160018","inside","water",30.39,0,102.63,72.24,0,0,0
"TX1170001","inside","sewer",17.5,0,64,46.5,0,0,0
"TX1170001","inside","storm",0,0,0,0,0,0,0
"TX1170001","inside","total",34,0,128.12,94.12,0,0,0
"TX1170001","inside","water",16.5,0,64.12,47.62,0,0,0
"TX1170001","outside","sewer",26.25,0,97.69,71.44,0,0,0
"TX1170001","outside","total",51,0,193.88,142.88,0,0,0
"TX1170001","outside","water",24.75,0,96.19,71.44,0,0,0
"TX1180002","inside","sewer",25,0,25,0,0,0,0
"TX1180002","inside","storm",0,0,0,0,0,0,0
"TX1180002","inside","total",50,0,160.73,0,0,0,0
"TX1180002","inside","water",25,0,135.73,110.73,0,0,0
"TX1230001","inside","sewer",8.48,0,62.26,53.78,0,0,0
"TX1230001","inside","storm",0,0,0,0,0,0,0
"TX1230001","inside","total",23.36,0,138.88,115.52,0,0,0
"TX1230001","inside","water",14.88,0,76.62,61.74,0,0,0
"TX1230009","inside","sewer",7.5,0,78.4,70.9,0,0,0
"TX1230009","inside","storm",0,0,0,0,0,0,0
"TX1230009","inside","total",15,0,163.04,148.04,0,0,0
"TX1230009","inside","water",7.5,0,84.64,77.14,0,0,0
"TX1230009","outside","sewer",7.5,0,181.2,173.7,0,0,0
"TX1230009","outside","total",17.5,0,328,310.5,0,0,0
"TX1230009","outside","water",10,0,146.8,136.8,0,0,0
"TX1230049","inside","sewer",15,0,15.06,0.06,0,0,0
"TX1230049","inside","storm",0,0,0,0,0,0,0
"TX1230049","inside","total",30,0,30.12,0.12,0,0,0
"TX1230049","inside","water",15,0,15.06,0.06,0,0,0
"TX1250001","inside","sewer",17.05,0,51.88,34.83,0,0,0
"TX1250001","inside","storm",0,0,0,0,0,0,0
"TX1250001","inside","total",34.39,0,130.88,96.49,0,0,0
"TX1250001","inside","water",17.34,0,79,61.66,0,0,0
"TX1250001","outside","sewer",30,0,82.25,52.25,0,0,0
"TX1250001","outside","total",60.52,0,205.35,144.83,0,0,0
"TX1250001","outside","water",30.52,0,123.1,92.58,0,0,0
"TX1260001","inside","sewer",18.25,0,60.75,42.5,0,0,0
"TX1260001","inside","storm",0,0,0,0,0,0,0
"TX1260001","inside","total",48.25,0,169.48,118.23,3,0,0
"TX1260001","inside","water",30,0,108.73,75.73,3,0,0
"TX1260002","inside","sewer",19.16,0,98.96,79.8,0,0,0
"TX1260002","inside","storm",0,0,0,0,0,0,0
"TX1260002","inside","total",34.72,0,190.86,156.14,0,0,0
"TX1260002","inside","water",15.56,0,91.9,76.34,0,0,0
"TX1260003","inside","sewer",14.08,0,66.19,52.11,0,0,0
"TX1260003","inside","storm",0,0,0,0,0,0,0
"TX1260003","inside","total",36.95,0,179.06,142.11,0,0,0
"TX1260003","inside","water",22.87,0,112.87,90,0,0,0
"TX1260004","inside","sewer",12.27,0,47.55,35.28,0,0,0
"TX1260004","inside","storm",0,0,0,0,0,0,0
"TX1260004","inside","total",45.39,0,138.26,92.87,0,0,0
"TX1260004","inside","water",33.12,0,90.71,57.59,0,0,0
"TX1260007","inside","sewer",18,0,36.85,18.85,0,0,0
"TX1260007","inside","storm",0,0,0,0,0,0,0
"TX1260007","inside","total",44.5,0,108.2,63.7,0,0,0
"TX1260007","inside","water",26.5,0,71.35,44.85,0,0,0
"TX1260018","inside","sewer",11,0,56,45,0,0,0
"TX1260018","inside","storm",0,0,0,0,0,0,0
"TX1260018","inside","total",44,0,167.73,123.73,0,0,0
"TX1260018","inside","water",33,0,111.73,78.73,0,0,0
"TX1270001","inside","sewer",21,0,103.5,82.5,0,0,0
"TX1270001","inside","storm",0,0,0,0,0,0,0
"TX1270001","inside","total",43,0,215.71,172.71,0,0,0
"TX1270001","inside","water",22,0,112.21,90.21,0,0,0
"TX1270001","outside","sewer",21,0,103.5,82.5,0,0,0
"TX1270001","outside","total",48,0,237.48,189.48,0,0,0
"TX1270001","outside","water",27,0,133.98,106.98,0,0,0
"TX1290006","inside","sewer",29.61,0,100.56,70.95,0,0,0
"TX1290006","inside","storm",0,0,0,0,0,0,0
"TX1290006","inside","total",52.62,0,234.76,182.14,0,0,0
"TX1290006","inside","water",23.01,0,134.2,111.19,0,0,0
"TX1290007","inside","sewer",42.29,0,93.9,51.61,0,0,0
"TX1290007","inside","storm",0,0,0,0,0,0,0
"TX1290007","inside","total",81.61,0,215.12,133.51,0,0,0
"TX1290007","inside","water",39.32,0,121.22,81.9,0,0,0
"TX1300001","inside","sewer",22.35,0,107.25,84.9,0,0,0
"TX1300001","inside","storm",0,0,2,0,0,0,0
"TX1300001","inside","total",64.43,0,199.58,135.15,0,0,0
"TX1300001","inside","water",42.08,0,92.33,50.25,0,0,0
"TX1300001","outside","sewer",26.82,0,128.67,101.85,0,0,0
"TX1300001","outside","total",77.31,0,239.47,162.16,0,0,0
"TX1300001","outside","water",50.49,0,110.8,60.31,0,0,0
"TX1330001","inside","sewer",14.27,0,91.96,77.69,0,0,0
"TX1330001","inside","storm",0,0,0,0,0,0,0
"TX1330001","inside","total",29.45,0,163.97,134.52,0,0,0
"TX1330001","inside","water",15.18,0,72.01,56.83,0,0,0
"TX1330001","outside","sewer",21.41,0,137.95,116.54,0,0,0
"TX1330001","outside","total",44.18,0,245.95,201.77,0,0,0
"TX1330001","outside","water",22.77,0,108,85.23,0,0,0
"TX1340001","inside","sewer",10.1,0,27.02,16.92,0,0,0
"TX1340001","inside","storm",0,0,0,0,0,0,0
"TX1340001","inside","total",39.27,0,84.51,45.24,0,0,0
"TX1340001","inside","water",29.17,0,57.49,28.32,0,0,0
"TX1340001","outside","sewer",22.35,0,56.31,33.96,0,0,0
"TX1340001","outside","total",80.7,0,171.3,90.6,0,0,0
"TX1340001","outside","water",58.35,0,114.99,56.64,0,0,0
"TX1390013","inside","sewer",20,0,44.5,24.5,0,0,0
"TX1390013","inside","storm",0,0,0,0,0,0,0
"TX1390013","inside","total",34.73,0,127.83,93.1,0,0,0
"TX1390013","inside","water",14.73,0,83.33,68.6,0,0,0
"TX1390013","outside","sewer",20,0,44.5,24.5,0,0,0
"TX1390013","outside","total",49.46,0,211.15,161.69,0,0,0
"TX1390013","outside","water",29.46,0,166.65,137.19,0,0,0
"TX1420007","inside","sewer",32.89,0,32.89,0,0,0,0
"TX1420007","inside","storm",0,0,0,0,0,0,0
"TX1420007","inside","total",87.89,0,225.7,0,0,0,0
"TX1420007","inside","water",55,0,192.81,137.81,0,0,0
"TX1440001","inside","sewer",22.15,0,41.23,19.08,0,0,0
"TX1440001","inside","storm",0,0,0,0,0,0,0
"TX1440001","inside","total",43.65,0,95.23,51.58,0,0,0
"TX1440001","inside","water",21.5,0,54,32.5,0,0,0
"TX1440001","outside","sewer",27.15,0,46.23,19.08,0,0,0
"TX1440001","outside","total",54.65,0,106.23,51.58,0,0,0
"TX1440001","outside","water",27.5,0,60,32.5,0,0,0
"TX1450001","inside","sewer",17,0,69,52,0,0,0
"TX1450001","inside","storm",0,0,0,0,0,0,0
"TX1450001","inside","total",36,0,140,104,0,0,0
"TX1450001","inside","water",19,0,71,52,0,0,0
"TX1470004","inside","sewer",30,0,96.45,66.45,0,0,0
"TX1470004","inside","storm",0,0,0,0,0,0,0
"TX1470004","inside","total",65,0,221.45,156.45,0,0,0
"TX1470004","inside","water",35,0,125,90,0,0,0
"TX1470004","outside","sewer",30,0,129.75,99.75,0,0,0
"TX1470004","outside","total",65,0,299.75,234.75,0,0,0
"TX1470004","outside","water",35,0,170,135,0,0,0
"TX1490001","inside","sewer",29,0,29,0,0,0,0
"TX1490001","inside","storm",0,0,0,0,0,0,0
"TX1490001","inside","total",49,0,71,0,0,0,0
"TX1490001","inside","water",20,0,42,22,0,0,0
"TX1490001","outside","sewer",43.5,0,43.5,0,0,0,0
"TX1490001","outside","total",73.5,0,106.52,0,0,0,0
"TX1490001","outside","water",30,0,63.02,33.02,0,0,0
"TX1500012","inside","sewer",26,0,26,0,0,0,0
"TX1500012","inside","storm",0,0,0,0,0,0,0
"TX1500012","inside","total",51,0,96.5,0,0,0,0
"TX1500012","inside","water",25,0,70.5,45.5,0,0,0
"TX1520002","inside","sewer",16.5,0,72.15,55.65,0,0,0
"TX1520002","inside","storm",0,0,7.3,0,0,0,0
"TX1520002","inside","total",34.5,0,182.9,148.4,0,0,0
"TX1520002","inside","water",18,0,110.75,92.75,0,0,0
"TX1520003","inside","sewer",18,0,25,7,0,0,0
"TX1520003","inside","storm",0,0,0,0,0,0,0
"TX1520003","inside","total",36,55,162.98,71.98,0,0,0
"TX1520003","inside","water",18,55,137.98,64.98,0,0,0
"TX1520015","inside","sewer",30,0,30,0,0,0,0
"TX1520015","inside","storm",0,0,0,0,0,0,0
"TX1520015","inside","total",61,0,158.49,0,0,0,0
"TX1520015","inside","water",31,0,128.49,97.49,0,0,0
"TX1540001","inside","sewer",23.1,0,74.1,51,0,0,0
"TX1540001","inside","storm",0,0,0,0,0,0,0
"TX1540001","inside","total",46.2,0,190.44,144.24,0,0,0
"TX1540001","inside","water",23.1,0,116.34,93.24,0,0,0
"TX1540001","outside","sewer",23.1,0,74.1,51,0,0,0
"TX1540001","outside","total",46.2,0,220.69,174.49,0,0,0
"TX1540001","outside","water",23.1,0,146.59,123.49,0,0,0
"TX1550001","inside","sewer",12,0,34.5,22.5,0,0,0
"TX1550001","inside","storm",0,0,0,0,0,0,0
"TX1550001","inside","total",30.5,0,103.5,73,0,0,0
"TX1550001","inside","water",18.5,0,69,50.5,0,0,0
"TX1550001","outside","sewer",18,0,51.75,33.75,0,0,0
"TX1550001","outside","total",45.75,0,155.23,109.48,0,0,0
"TX1550001","outside","water",27.75,0,103.48,75.73,0,0,0
"TX1550005","inside","sewer",12.92,0,50.42,37.5,0,0,0
"TX1550005","inside","storm",0,0,0,0,0,0,0
"TX1550005","inside","total",50.13,0,153.77,103.64,0,0,0
"TX1550005","inside","water",37.21,0,103.35,66.14,0,0,0
"TX1550005","outside","sewer",18.51,0,56.01,37.5,0,0,0
"TX1550005","outside","total",57.7,0,164.69,106.99,0,0,0
"TX1550005","outside","water",39.19,0,108.68,69.49,0,0,0
"TX1550008","inside","sewer",21.02,0,102.32,81.3,0,0,0
"TX1550008","inside","storm",0,0,5.72,0,0,0,0
"TX1550008","inside","total",43.19,0,174.29,131.1,0,0,0
"TX1550008","inside","water",22.17,0,71.97,49.8,0,0,0
"TX1550008","outside","sewer",24.17,0,117.62,93.45,0,0,0
"TX1550008","outside","total",49.67,0,200.42,150.75,0,0,0
"TX1550008","outside","water",25.5,0,82.8,57.3,0,0,0
"TX1550016","inside","sewer",32.89,0,32.89,0,0,0,0
"TX1550016","inside","storm",0,0,0,0,0,0,0
"TX1550016","inside","total",77.89,0,113.64,0,0,0,0
"TX1550016","inside","water",45,0,80.75,35.75,0,0,0
"TX1550024","inside","sewer",32.89,0,32.89,0,0,0,0
"TX1550024","inside","storm",0,0,0,0,0,0,0
"TX1550024","inside","total",67.89,0,148.17,0,0,0,0
"TX1550024","inside","water",35,0,115.28,80.28,0,0,0
"TX1550036","inside","sewer",45.23,0,94.73,49.5,0,0,0
"TX1550036","inside","storm",0,0,0,0,0,0,0
"TX1550036","inside","total",64.47,0,213.29,148.82,0,0,0
"TX1550036","inside","water",19.24,0,118.56,99.32,0,0,0
"TX1550036","outside","sewer",45.23,0,94.73,49.5,0,0,0
"TX1550036","outside","total",117.98,0,233.38,115.4,0,0,0
"TX1550036","outside","water",72.75,0,138.65,65.9,0,0,0
"TX1550040","inside","sewer",15,0,67.5,52.5,0,0,0
"TX1550040","inside","storm",0,0,0,0,0,0,0
"TX1550040","inside","total",48,0,173.99,125.99,0,0,0
"TX1550040","inside","water",33,0,106.49,73.49,0,0,0
"TX1550040","outside","sewer",15,0,67.5,52.5,0,0,0
"TX1550040","outside","total",53,0,178.99,125.99,0,0,0
"TX1550040","outside","water",38,0,111.49,73.49,0,0,0
"TX1600001","inside","sewer",11.4,0,24,12.6,0,0,0
"TX1600001","inside","storm",0,0,0,0,0,0,0
"TX1600001","inside","total",31.4,0,77,45.6,0,0,0
"TX1600001","inside","water",20,0,53,33,0,0,0
"TX1600001","outside","sewer",22.8,0,48,25.2,0,0,0
"TX1600001","outside","total",62.8,0,153.99,91.19,0,0,0
"TX1600001","outside","water",40,0,105.99,65.99,0,0,0
"TX1610001","inside","sewer",19.69,0,68.29,48.6,0,0,0
"TX1610001","inside","storm",0,0,0,0,0,0,0
"TX1610001","inside","total",41.17,0,123.42,82.25,0,0,0
"TX1610001","inside","water",21.48,0,55.13,33.65,0,0,0
"TX1620001","inside","sewer",10.44,0,42.84,32.4,0,0,0
"TX1620001","inside","storm",0,0,0,0,0,0,0
"TX1620001","inside","total",20.44,0,90.79,70.35,0,0,0
"TX1620001","inside","water",10,0,47.95,37.95,0,0,0
"TX1630005","inside","sewer",20.75,0,136.31,115.56,0,0,0
"TX1630005","inside","storm",0,0,0,0,0,0,0
"TX1630005","inside","total",44.01,0,236.65,192.64,0,0,0
"TX1630005","inside","water",23.26,0,100.34,77.08,0,0,0
"TX1630005","outside","sewer",25.93,0,170.35,144.42,0,0,0
"TX1630005","outside","total",53.8,0,294.5,240.7,0,0,0
"TX1630005","outside","water",27.87,0,124.15,96.28,0,0,0
"TX1630009","inside","sewer",20.5,0,55.22,34.72,0,0,0
"TX1630009","inside","storm",0,0,0,0,0,0,0
"TX1630009","inside","total",45.5,9,138.53,84.03,0,0,0
"TX1630009","inside","water",25,9,83.31,49.31,0,0,0
"TX1630034","inside","sewer",32.89,0,32.89,0,0,0,0
"TX1630034","inside","storm",0,0,0,0,0,0,0
"TX1630034","inside","total",60.03,0,66.08,0,0,0,0
"TX1630034","inside","water",27.14,0,33.19,6.05,0,0,0
"TX1650001","inside","sewer",21.79,0,33.23,11.44,0,0,0
"TX1650001","inside","storm",0,0,3.4,0,0,0,0
"TX1650001","inside","total",43.4,0,143.85,100.45,0,0,0
"TX1650001","inside","water",21.61,0,110.62,89.01,0,0,0
"TX1690006","inside","sewer",0,0,318.75,318.75,0,0,0
"TX1690006","inside","storm",0,0,0,0,0,0,0
"TX1690006","inside","total",0,0,547.5,547.5,0,0,0
"TX1690006","inside","water",0,0,228.75,228.75,0,0,0
"TX1700001","inside","sewer",38.83,0,71.94,33.11,0,0,0
"TX1700001","inside","storm",0,0,0,0,0,0,0
"TX1700001","inside","total",51.31,0,171.34,68.13,51.9,0,0
"TX1700001","inside","water",12.48,0,99.4,35.02,51.9,0,0
"TX1700001","outside","sewer",77.66,0,143.87,66.21,0,0,0
"TX1700001","outside","total",102.62,0,255.75,101.23,51.9,0,0
"TX1700001","outside","water",24.96,0,111.88,35.02,51.9,0,0
"TX1700002","inside","sewer",9.5,0,27,17.5,0,0,0
"TX1700002","inside","storm",0,0,0,0,0,0,0
"TX1700002","inside","total",19,0,70.25,51.25,0,0,0
"TX1700002","inside","water",9.5,0,43.25,33.75,0,0,0
"TX1700020","inside","sewer",9.95,0,51.95,42,0,0,0
"TX1700020","inside","storm",0,0,0,0,0,0,0
"TX1700020","inside","total",30.95,0,210.98,93.1,86.93,0,0
"TX1700020","inside","water",21,0,159.03,51.1,86.93,0,0
"TX1700020","outside","sewer",9.95,0,51.95,42,0,0,0
"TX1700020","outside","total",49.95,0,278.33,119.69,108.69,0,0
"TX1700020","outside","water",40,0,226.38,77.69,108.69,0,0
"TX1700022","inside","sewer",12.5,0,57.75,45.25,0,0,0
"TX1700022","inside","storm",0,0,0,0,0,0,0
"TX1700022","inside","total",28.5,0,119,90.5,0,0,0
"TX1700022","inside","water",16,0,61.25,45.25,0,0,0
"TX1700022","outside","sewer",16,0,64.5,48.5,0,0,0
"TX1700022","outside","total",36,0,133,97,0,0,0
"TX1700022","outside","water",20,0,68.5,48.5,0,0,0
"TX1700026","inside","sewer",23.5,0,50,26.5,0,0,0
"TX1700026","inside","storm",0,0,0,0,0,0,0
"TX1700026","inside","total",44.05,0,110.05,66,0,0,0
"TX1700026","inside","water",20.55,0,60.05,39.5,0,0,0
"TX1700026","outside","sewer",29.43,0,119.3,89.87,0,0,0
"TX1700026","outside","total",56.06,0,207.12,151.06,0,0,0
"TX1700026","outside","water",26.63,0,87.82,61.19,0,0,0
"TX1700773","inside","sewer",51.3,0,51.3,0,0,0,0
"TX1700773","inside","storm",0,0,0,0,0,0,0
"TX1700773","inside","total",73.8,0,124.62,0,45.82,0,0
"TX1700773","inside","water",22.5,0,73.32,5,45.82,0,0
"TX1700837","inside","sewer",50,0,50,0,0,0,0
"TX1700837","inside","storm",0,0,0,0,0,0,0
"TX1700837","inside","total",65,0,128.9,0,44.4,0,0
"TX1700837","inside","water",15,0,78.9,19.5,44.4,0,0
"TX1710001","inside","sewer",14.5,0,52.78,38.28,0,0,0
"TX1710001","inside","storm",0,0,0,0,0,0,0
"TX1710001","inside","total",34.5,0,111.78,77.28,0,0,0
"TX1710001","inside","water",20,0,59,39,0,0,0
"TX1740002","inside","sewer",25,0,67,42,0,0,0
"TX1740002","inside","storm",0,0,0,0,0,0,0
"TX1740002","inside","total",58,0,157.25,99.25,0,0,0
"TX1740002","inside","water",33,0,90.25,57.25,0,0,0
"TX1740002","outside","sewer",25,0,67,42,0,0,0
"TX1740002","outside","total",64,0,164.5,100.5,0,0,0
"TX1740002","outside","water",39,0,97.5,58.5,0,0,0
"TX1740003","inside","sewer",15.25,0,91,75.75,0,0,0
"TX1740003","inside","storm",0,0,0,0,0,0,0
"TX1740003","inside","total",28.5,0,150.3,121.8,0,0,0
"TX1740003","inside","water",13.25,0,59.3,46.05,0,0,0
"TX1740003","outside","sewer",22.88,0,136.58,113.7,0,0,0
"TX1740003","outside","total",42.76,0,225.52,182.76,0,0,0
"TX1740003","outside","water",19.88,0,88.94,69.06,0,0,0
"TX1740005","inside","sewer",32.89,0,32.89,0,0,0,0
"TX1740005","inside","storm",0,0,0,0,0,0,0
"TX1740005","inside","total",47.89,0,73.89,0,0,0,0
"TX1740005","inside","water",15,0,41,26,0,0,0
"TX1750001","inside","sewer",20,0,49.7,29.7,0,0,0
"TX1750001","inside","storm",0,0,0,0,0,0,0
"TX1750001","inside","total",56.15,0,181.91,125.76,0,0,0
"TX1750001","inside","water",36.15,0,132.21,96.06,0,0,0
"TX1750001","outside","sewer",20,0,49.7,29.7,0,0,0
"TX1750001","outside","total",65.07,0,208.65,143.58,0,0,0
"TX1750001","outside","water",45.07,0,158.95,113.88,0,0,0
"TX1750002","inside","sewer",18,0,81,63,0,0,0
"TX1750002","inside","storm",0,0,0,0,0,0,0
"TX1750002","inside","total",35,0,157.25,122.25,0,0,0
"TX1750002","inside","water",17,0,76.25,59.25,0,0,0
"TX1750002","outside","sewer",18,0,81,63,0,0,0
"TX1750002","outside","total",37.36,0,159.61,122.25,0,0,0
"TX1750002","outside","water",19.36,0,78.61,59.25,0,0,0
"TX1750003","inside","sewer",15.5,0,24.5,9,0,0,0
"TX1750003","inside","storm",0,0,0,0,0,0,0
"TX1750003","inside","total",48.5,0,167.99,119.49,0,0,0
"TX1750003","inside","water",33,0,143.49,110.49,0,0,0
"TX1750005","inside","sewer",10,0,62,52,0,0,0
"TX1750005","inside","storm",0,0,0,0,0,0,0
"TX1750005","inside","total",37,0,173.49,136.49,0,0,0
"TX1750005","inside","water",27,0,111.49,84.49,0,0,0
"TX1760001","inside","sewer",25.5,0,63,37.5,0,0,0
"TX1760001","inside","storm",0,0,0,0,0,0,0
"TX1760001","inside","total",51,0,126,75,0,0,0
"TX1760001","inside","water",25.5,0,63,37.5,0,0,0
"TX1760001","outside","sewer",34,0,82,48,0,0,0
"TX1760001","outside","total",68,0,164,96,0,0,0
"TX1760001","outside","water",34,0,82,48,0,0,0
"TX1760022","inside","sewer",42.5,0,99.33,56.83,0,0,0
"TX1760022","inside","storm",0,0,0,0,0,0,0
"TX1760022","inside","total",65.5,0,205.84,140.34,0,0,0
"TX1760022","inside","water",23,0,106.51,83.51,0,0,0
"TX1770002","inside","sewer",31.68,0,56.08,24.4,0,0,0
"TX1770002","inside","storm",0,0,0,0,0,0,0
"TX1770002","inside","total",49.47,0,173.83,124.36,0,0,0
"TX1770002","inside","water",17.79,0,117.75,99.96,0,0,0
"TX1770002","outside","sewer",52.37,0,100.92,48.55,0,0,0
"TX1770002","outside","total",83.49,0,283.61,200.12,0,0,0
"TX1770002","outside","water",31.12,0,182.69,151.57,0,0,0
"TX1780002","inside","sewer",18,10,46.5,18.5,0,0,0
"TX1780002","inside","storm",0,0,0,0,0,0,0
"TX1780002","inside","total",40,10,116.34,66.34,0,0,0
"TX1780002","inside","water",22,0,69.84,47.84,0,0,0
"TX1780003","inside","sewer",10.87,0,106.76,95.89,0,0,0
"TX1780003","inside","storm",0,0,0,0,0,0,0
"TX1780003","inside","total",23.79,0,212.28,188.49,0,0,0
"TX1780003","inside","water",12.92,0,105.52,92.6,0,0,0
"TX1780003","outside","sewer",13.58,0,226.43,212.85,0,0,0
"TX1780003","outside","total",29.09,0,279.8,250.71,0,0,0
"TX1780003","outside","water",15.51,0,53.37,37.86,0,0,0
"TX1810001","inside","sewer",13.65,0,54.6,40.95,0,0,0
"TX1810001","inside","storm",0,0,0,0,0,0,0
"TX1810001","inside","total",26.65,0,113.1,86.45,0,0,0
"TX1810001","inside","water",13,0,58.5,45.5,0,0,0
"TX1810001","outside","sewer",27.3,0,109.19,81.89,0,0,0
"TX1810001","outside","total",53.3,0,226.18,172.88,0,0,0
"TX1810001","outside","water",26,0,116.99,90.99,0,0,0
"TX1830001","inside","sewer",20,0,70.05,50.05,0,0,0
"TX1830001","inside","storm",0,0,0,0,0,0,0
"TX1830001","inside","total",34.71,0,134.81,100.1,0,0,0
"TX1830001","inside","water",14.71,0,64.76,50.05,0,0,0
"TX1840001","inside","sewer",30,0,106.12,76.12,0,0,0
"TX1840001","inside","storm",0,0,0,0,0,0,0
"TX1840001","inside","total",57.15,0,214.41,157.26,0,0,0
"TX1840001","inside","water",27.15,0,108.29,81.14,0,0,0
"TX1840164","inside","sewer",35,0,95,60,0,0,0
"TX1840164","inside","storm",0,0,0,0,0,0,0
"TX1840164","inside","total",82.5,0,217.4,134.9,0,0,0
"TX1840164","inside","water",47.5,0,122.4,74.9,0,0,0
"TX1910001","inside","sewer",26.3,0,26.3,0,0,0,0
"TX1910001","inside","storm",0,0,0,0,0,0,0
"TX1910001","inside","total",52.7,0,119.21,0,0,0,0
"TX1910001","inside","water",26.4,0,92.91,66.51,0,0,0
"TX1920001","inside","sewer",25,0,25,0,0,0,0
"TX1920001","inside","storm",0,0,0,0,0,0,0
"TX1920001","inside","total",44.4,0,125.79,0,0,0,0
"TX1920001","inside","water",19.4,0,100.79,81.39,0,0,0
"TX1920001","outside","sewer",38,0,38,0,0,0,0
"TX1920001","outside","total",72.2,0,197.59,0,0,0,0
"TX1920001","outside","water",34.2,0,159.59,125.39,0,0,0
"TX1980003","inside","sewer",17,0,30,13,0,0,0
"TX1980003","inside","storm",0,0,0,0,0,0,0
"TX1980003","inside","total",34.5,0,73.5,39,0,0,0
"TX1980003","inside","water",17.5,0,43.5,26,0,0,0
"TX1990006","inside","sewer",33.8,0,104.45,70.65,0,0,0
"TX1990006","inside","storm",0,0,0,0,0,0,0
"TX1990006","inside","total",55.12,0,290.54,235.42,0,0,0
"TX1990006","inside","water",21.32,0,186.09,164.77,0,0,0
"TX1990006","outside","sewer",26.65,0,115,88.35,0,0,0
"TX1990006","outside","total",53.3,0,347.66,294.36,0,0,0
"TX1990006","outside","water",26.65,0,232.66,206.01,0,0,0
"TX2000001","inside","sewer",32.89,0,32.89,0,0,0,0
"TX2000001","inside","storm",0,0,0,0,0,0,0
"TX2000001","inside","total",72.89,0,166.48,0,0,0,0
"TX2000001","inside","water",40,0,133.59,93.59,0,0,0
"TX2000001","outside","sewer",32.89,0,32.89,0,0,0,0
"TX2000001","outside","total",92.89,0,186.48,0,0,0,0
"TX2000001","outside","water",60,0,153.59,93.59,0,0,0
"TX2010002","inside","sewer",21,0,38.7,17.7,0,0,0
"TX2010002","inside","storm",0,0,0,0,0,0,0
"TX2010002","inside","total",43.85,0,105.95,62.1,0,0,0
"TX2010002","inside","water",22.85,0,67.25,44.4,0,0,0
"TX2010002","outside","sewer",42,0,59.7,17.7,0,0,0
"TX2010002","outside","total",87.7,0,149.8,62.1,0,0,0
"TX2010002","outside","water",45.7,0,90.1,44.4,0,0,0
"TX2010016","inside","sewer",32.89,0,32.89,0,0,0,0
"TX2010016","inside","storm",0,0,0,0,0,0,0
"TX2010016","inside","total",56.89,0,165.34,0,0,0,0
"TX2010016","inside","water",24,0,132.45,108.45,0,0,0
"TX2020001","inside","sewer",30,0,78.75,48.75,0,0,0
"TX2020001","inside","storm",0,0,0,0,0,0,0
"TX2020001","inside","total",64,0,165.4,101.4,0,0,0
"TX2020001","inside","water",34,0,86.65,52.65,0,0,0
"TX2040001","inside","sewer",16.55,0,62.57,46.02,0,0,0
"TX2040001","inside","storm",0,0,0,0,0,0,0
"TX2040001","inside","total",44.95,0,134.78,89.83,0,0,0
"TX2040001","inside","water",28.4,0,72.21,43.81,0,0,0
"TX2040001","outside","sewer",22.61,0,68.63,46.02,0,0,0
"TX2040001","outside","total",57.14,0,149.18,92.04,0,0,0
"TX2040001","outside","water",34.53,0,80.55,46.02,0,0,0
"TX2050004","inside","sewer",27.03,0,27.03,0,0,0,0
"TX2050004","inside","storm",0,0,0,0,0,0,0
"TX2050004","inside","total",53.69,0,117.38,0,0,0,0
"TX2050004","inside","water",26.66,0,90.35,63.69,0,0,0
"TX2050004","outside","sewer",38.43,0,38.43,0,0,0,0
"TX2050004","outside","total",69.86,0,145.82,0,0,0,0
"TX2050004","outside","water",31.43,0,107.39,75.96,0,0,0
"TX2050015","inside","sewer",9.31,0,50.81,41.5,0,0,0
"TX2050015","inside","storm",0,0,0,0,0,0,0
"TX2050015","inside","total",21.89,0,136.28,114.39,0,0,0
"TX2050015","inside","water",12.58,0,85.47,72.89,0,0,0
"TX2050015","outside","sewer",10.31,0,58.91,48.6,0,0,0
"TX2050015","outside","total",25.54,0,164.52,138.98,0,0,0
"TX2050015","outside","water",15.23,0,105.61,90.38,0,0,0
"TX2060001","inside","sewer",35.11,0,40,4.89,0,0,0
"TX2060001","inside","storm",0,0,0,0,0,0,0
"TX2060001","inside","total",63.22,0,109.81,46.59,0,0,0
"TX2060001","inside","water",28.11,0,69.81,41.7,0,0,0
"TX2060001","outside","sewer",52.67,0,60,7.33,0,0,0
"TX2060001","outside","total",94.83,0,164.25,69.42,0,0,0
"TX2060001","outside","water",42.16,0,104.25,62.09,0,0,0
"TX2080001","inside","sewer",10.48,0,46.79,36.31,0,0,0
"TX2080001","inside","storm",0,0,0,0,0,0,0
"TX2080001","inside","total",41.64,0,153.1,111.46,0,0,0
"TX2080001","inside","water",31.16,0,106.31,75.15,0,0,0
"TX2080001","outside","sewer",10.48,0,46.79,36.31,0,0,0
"TX2080001","outside","total",57.22,0,168.68,111.46,0,0,0
"TX2080001","outside","water",46.74,0,121.89,75.15,0,0,0
"TX2100001","inside","sewer",18.45,0,103.95,85.5,0,0,0
"TX2100001","inside","storm",0,0,0,0,0,0,0
"TX2100001","inside","total",30.15,0,172.65,142.5,0,0,0
"TX2100001","inside","water",11.7,0,68.7,57,0,0,0
"TX2100001","outside","sewer",18.45,0,103.95,85.5,0,0,0
"TX2100001","outside","total",41.85,0,241.35,199.5,0,0,0
"TX2100001","outside","water",23.4,0,137.4,114,0,0,0
"TX2120004","inside","sewer",19.1,3.06,58.56,36.4,0,0,0
"TX2120004","inside","storm",0,0,0,0,0,0,0
"TX2120004","inside","total",32.92,6.12,119.64,80.6,0,0,0
"TX2120004","inside","water",13.82,3.06,61.08,44.2,0,0,0
"TX2120004","outside","sewer",28.65,3.06,86.44,54.73,0,0,0
"TX2120004","outside","total",42.47,6.12,147.52,98.93,0,0,0
"TX2120004","outside","water",13.82,3.06,61.08,44.2,0,0,0
"TX2120006","inside","sewer",20,0,63.4,43.4,0,0,0
"TX2120006","inside","storm",0,0,0,0,0,0,0
"TX2120006","inside","total",42.95,0,152.35,109.4,0,0,0
"TX2120006","inside","water",22.95,0,88.95,66,0,0,0
"TX2130001","inside","sewer",21.2,0,67.26,46.06,0,0,0
"TX2130001","inside","storm",0,0,0,0,0,0,0
"TX2130001","inside","total",37.2,0,162.54,125.34,0,0,0
"TX2130001","inside","water",16,0,95.28,79.28,0,0,0
"TX2150001","inside","sewer",25.85,0,47.85,22,0,0,0
"TX2150001","inside","storm",0,0,0,0,0,0,0
"TX2150001","inside","total",48.6,0,150.02,101.42,0,0,0
"TX2150001","inside","water",22.75,0,102.17,79.42,0,0,0
"TX2150001","outside","sewer",51.7,0,95.7,44,0,0,0
"TX2150001","outside","total",97.2,0,300.07,202.87,0,0,0
"TX2150001","outside","water",45.5,0,204.37,158.87,0,0,0
"TX2200001","inside","sewer",0,0,89.89,76.95,0,0,12.94
"TX2200001","inside","storm",0,0,7.5,0,0,0,0
"TX2200001","inside","total",0,0,146.65,123.41,0,0,23.24
"TX2200001","inside","water",0,0,56.76,46.46,0,0,10.3
"TX2200002","inside","sewer",23,0,73.53,50.53,0,0,0
"TX2200002","inside","storm",0,0,0,0,0,0,0
"TX2200002","inside","total",48.95,0,156.57,107.62,0,0,0
"TX2200002","inside","water",25.95,0,83.04,57.09,0,0,0
"TX2200012","inside","sewer",6.85,0,90.47,83.62,0,0,0
"TX2200012","inside","storm",0,0,8.63,0,0,0,0
"TX2200012","inside","total",13.7,0,155.27,141.57,0,0,0
"TX2200012","inside","water",6.85,0,64.8,57.95,0,0,0
"TX2200012","outside","sewer",8.56,0,113.03,104.47,0,0,0
"TX2200012","outside","total",23.69,0,200.65,176.96,0,0,0
"TX2200012","outside","water",15.13,0,87.62,72.49,0,0,0
"TX2200013","inside","sewer",10.41,0,66.96,56.55,0,0,0
"TX2200013","inside","storm",0,0,4,0,0,0,0
"TX2200013","inside","total",24.84,0,134.04,109.2,0,0,0
"TX2200013","inside","water",14.43,0,67.08,52.65,0,0,0
"TX2200014","inside","sewer",12.3,0,73.8,61.5,0,0,0
"TX2200014","inside","storm",0,0,6.81,0,0,0,0
"TX2200014","inside","total",28.9,0,207.4,178.5,0,0,0
"TX2200014","inside","water",16.6,0,133.6,117,0,0,0
"TX2200018","inside","sewer",0,0,73.9,45.36,0,28.54,0
"TX2200018","inside","storm",0,0,0,0,0,0,0
"TX2200018","inside","total",0,0,139.24,88.13,0,0,0
"TX2200018","inside","water",22.57,0,65.34,42.77,0,0,0
"TX2200029","inside","sewer",17.17,0,54.87,37.7,0,0,0
"TX2200029","inside","storm",0,0,6.5,0,0,0,0
"TX2200029","inside","total",37.48,0,127.23,89.75,0,0,0
"TX2200029","inside","water",20.31,0,72.36,52.05,0,0,0
"TX2200031","inside","sewer",11,0,63.08,52.08,0,0,0
"TX2200031","inside","storm",0,0,0,0,0,0,0
"TX2200031","inside","total",23.75,0,152.95,129.2,0,0,0
"TX2200031","inside","water",12.75,0,89.87,77.12,0,0,0
"TX2200031","outside","sewer",15.5,0,67.58,52.08,0,0,0
"TX2200031","outside","total",28.25,0,157.45,129.2,0,0,0
"TX2200031","outside","water",12.75,0,89.87,77.12,0,0,0
"TX2200034","inside","sewer",17.99,0,60.49,42.5,0,0,0
"TX2200034","inside","storm",0,0,4,0,0,0,0
"TX2200034","inside","total",35.98,0,150.13,114.15,0,0,0
"TX2200034","inside","water",17.99,0,89.64,71.65,0,0,0
"TX2200043","inside","sewer",11.6,0,59.15,47.55,0,0,0
"TX2200043","inside","storm",0,0,7,0,0,0,0
"TX2200043","inside","total",25.18,0,139.78,114.6,0,0,0
"TX2200043","inside","water",13.58,0,80.63,67.05,0,0,0
"TX2200043","outside","sewer",11.6,0,59.15,47.55,0,0,0
"TX2200043","outside","total",29.18,0,143.78,114.6,0,0,0
"TX2200043","outside","water",17.58,0,84.63,67.05,0,0,0
"TX2200047","inside","sewer",20,0,62.9,42.9,0,0,0
"TX2200047","inside","storm",0,0,0,0,0,0,0
"TX2200047","inside","total",50,0,141,91,0,0,0
"TX2200047","inside","water",30,0,78.1,48.1,0,0,0
"TX2200052","inside","sewer",23.32,0,81.22,57.9,0,0,0
"TX2200052","inside","storm",0,0,0,0,0,0,0
"TX2200052","inside","total",52.23,0,177.46,125.23,0,0,0
"TX2200052","inside","water",28.91,0,96.24,67.33,0,0,0
"TX2200052","outside","sewer",34.98,0,121.98,87,0,0,0
"TX2200052","outside","total",78.34,0,266.21,187.87,0,0,0
"TX2200052","outside","water",43.36,0,144.23,100.87,0,0,0
"TX2200054","inside","sewer",12.93,0,75.18,62.25,0,0,0
"TX2200054","inside","storm",0,0,4,0,0,0,0
"TX2200054","inside","total",30.8,0,186.38,155.58,0,0,0
"TX2200054","inside","water",17.87,0,111.2,93.33,0,0,0
"TX2200063","inside","sewer",11,0,75.2,30.9,33.3,0,0
"TX2200063","inside","storm",0,0,0,0,0,0,0
"TX2200063","inside","total",28.5,0,191.1,91.35,71.25,0,0
"TX2200063","inside","water",17.5,0,115.9,60.45,37.95,0,0
"TX2200096","inside","sewer",13.96,0,79.36,65.4,0,0,0
"TX2200096","inside","storm",0,0,7,0,0,0,0
"TX2200096","inside","total",35.92,0,165.62,129.7,0,0,0
"TX2200096","inside","water",21.96,0,86.26,64.3,0,0,0
"TX2200328","inside","sewer",19.36,0,79.32,59.96,0,0,0
"TX2200328","inside","storm",0,0,11,0,0,0,0
"TX2200328","inside","total",37.06,0,184.05,146.99,0,0,0
"TX2200328","inside","water",17.7,0,104.73,87.03,0,0,0
"TX2210001","inside","sewer",12.5,0,38,25.5,0,0,0
"TX2210001","inside","storm",0,0,2.85,0,0,0,0
"TX2210001","inside","total",27.75,0,127.34,90.59,9,0,0
"TX2210001","inside","water",15.25,0,89.34,65.09,9,0,0
"TX2210002","inside","sewer",24,0,39,15,0,0,0
"TX2210002","inside","storm",0,0,0,0,0,0,0
"TX2210002","inside","total",48.9,0,76.45,0,0,0,12.55
"TX2210002","inside","water",24.9,0,37.45,0,0,0,12.55
"TX2210002","outside","sewer",29,0,47.75,18.75,0,0,0
"TX2210002","outside","total",58.9,0,91.45,0,0,0,13.8
"TX2210002","outside","water",29.9,0,43.7,0,0,0,13.8
"TX2230001","inside","sewer",14.25,0,23.25,9,0,0,0
"TX2230001","inside","storm",0,0,0,0,0,0,0
"TX2230001","inside","total",31.9,0,83.6,51.7,0,0,0
"TX2230001","inside","water",17.65,0,60.35,42.7,0,0,0
"TX2260001","inside","sewer",29.72,0,70.97,41.25,0,0,0
"TX2260001","inside","storm",0,0,4,0,0,0,0
"TX2260001","inside","total",60.41,0,190.56,130.15,0,0,0
"TX2260001","inside","water",30.69,0,119.59,88.9,0,0,0
"TX2270001","inside","sewer",10.3,0,151.46,138.91,2.25,0,0
"TX2270001","inside","storm",0,0,12.45,0,0,0,0
"TX2270001","inside","total",17.55,0,302.31,249.76,5.25,0,0
"TX2270001","inside","water",7.25,0,150.85,110.85,3,29.75,0
"TX2270016","inside","sewer",0,0,117.15,117.15,0,0,0
"TX2270016","inside","storm",0,0,0,0,0,0,0
"TX2270016","inside","total",0,0,226.13,206.13,0,0,0
"TX2270016","inside","water",20,0,108.98,88.98,0,0,0
"TX2270027","inside","sewer",30.25,0,91.05,60.8,0,0,0
"TX2270027","inside","storm",0,0,12.45,0,0,0,0
"TX2270027","inside","total",47.25,12.19,157.04,97.6,0,0,0
"TX2270027","inside","water",17,12.19,65.99,36.8,0,0,0
"TX2270033","inside","sewer",29.11,0,138.31,109.2,0,0,0
"TX2270033","inside","storm",0,0,0,0,0,0,0
"TX2270033","inside","total",49.23,0,204.8,155.57,0,0,0
"TX2270033","inside","water",20.12,0,66.49,46.37,0,0,0
"TX2270333","inside","sewer",50.25,0,50.25,0,0,0,0
"TX2270333","inside","storm",0,0,0,0,0,0,0
"TX2270333","inside","total",85.25,0,99,0,0,0,0
"TX2270333","inside","water",35,0,48.75,13.75,0,0,0
"TX2270409","inside","sewer",30,0,151.19,121.19,0,0,0
"TX2270409","inside","storm",0,0,0,0,0,0,0
"TX2270409","inside","total",75,0,317.38,242.38,0,0,0
"TX2270409","inside","water",45,0,166.19,121.19,0,0,0
"TX2270409","outside","sewer",50,0,171.19,121.19,0,0,0
"TX2270409","outside","total",100,0,342.38,242.38,0,0,0
"TX2270409","outside","water",50,0,171.19,121.19,0,0,0
"TX2300001","inside","sewer",19,0,55,36,0,0,0
"TX2300001","inside","storm",0,0,0,0,0,0,0
"TX2300001","inside","total",38,0,113,75,0,0,0
"TX2300001","inside","water",19,0,58,39,0,0,0
"TX2300003","inside","sewer",22.5,0,64.75,42.25,0,0,0
"TX2300003","inside","storm",0,0,0,0,0,0,0
"TX2300003","inside","total",47,0,138,91,0,0,0
"TX2300003","inside","water",24.5,0,73.25,48.75,0,0,0
"TX2300020","inside","sewer",32.89,0,32.89,0,0,0,0
"TX2300020","inside","storm",0,0,0,0,0,0,0
"TX2300020","inside","total",54.89,0,92.39,0,0,0,0
"TX2300020","inside","water",22,0,59.5,37.5,0,0,0
"TX2310001","inside","sewer",20,0,20,0,0,0,0
"TX2310001","inside","storm",0,0,0,0,0,0,0
"TX2310001","inside","total",29.5,0,64.3,0,0,0,0
"TX2310001","inside","water",9.5,0,44.3,34.8,0,0,0
"TX2310001","outside","sewer",25,0,25,0,0,0,0
"TX2310001","outside","total",36.15,0,80.55,0,0,0,0
"TX2310001","outside","water",11.15,0,55.55,44.4,0,0,0
"TX2330001","inside","sewer",10.24,0,68.44,58.2,0,0,0
"TX2330001","inside","storm",0,0,0,0,0,0,0
"TX2330001","inside","total",20.81,0,128.36,107.55,0,0,0
"TX2330001","inside","water",10.57,0,59.92,49.35,0,0,0
"TX2330001","outside","sewer",10.24,0,68.44,58.2,0,0,0
"TX2330001","outside","total",22.4,0,137.45,115.05,0,0,0
"TX2330001","outside","water",12.16,0,69.01,56.85,0,0,0
"TX2340001","inside","sewer",26.05,0,65.45,39.4,0,0,0
"TX2340001","inside","storm",0,0,0,0,0,0,0
"TX2340001","inside","total",48.05,0,156.51,108.46,0,0,0
"TX2340001","inside","water",22,0,91.06,69.06,0,0,0
"TX2340001","outside","sewer",41.8,0,81.2,39.4,0,0,0
"TX2340001","outside","total",80.05,0,188.51,108.46,0,0,0
"TX2340001","outside","water",38.25,0,107.31,69.06,0,0,0
"TX2340003","inside","sewer",20.44,0,57.1,36.66,0,0,0
"TX2340003","inside","storm",0,0,0,0,0,0,0
"TX2340003","inside","total",47.86,0,136.75,88.89,0,0,0
"TX2340003","inside","water",27.42,0,79.65,52.23,0,0,0
"TX2340003","outside","sewer",26,0,77.36,51.36,0,0,0
"TX2340003","outside","total",60,0,163.59,103.59,0,0,0
"TX2340003","outside","water",34,0,86.23,52.23,0,0,0
"TX2350002","inside","sewer",22.68,0,55.43,32.75,0,0,0
"TX2350002","inside","storm",0,0,0,0,0,0,0
"TX2350002","inside","total",40.89,0,104.14,63.25,0,0,0
"TX2350002","inside","water",18.21,0,48.71,30.5,0,0,0
"TX2350002","outside","sewer",34.02,0,83.14,49.12,0,0,0
"TX2350002","outside","total",61.34,0,156.21,94.87,0,0,0
"TX2350002","outside","water",27.32,0,73.07,45.75,0,0,0
"TX2360001","inside","sewer",13.65,0,54.52,40.87,0,0,0
"TX2360001","inside","storm",0,0,0,0,0,0,0
"TX2360001","inside","total",26.65,0,131.44,104.79,0,0,0
"TX2360001","inside","water",13,0,76.92,63.92,0,0,0
"TX2360001","outside","sewer",13.65,0,54.52,40.87,0,0,0
"TX2360001","outside","total",26.65,0,179.39,152.74,0,0,0
"TX2360001","outside","water",13,0,124.87,111.87,0,0,0
"TX2370029","inside","sewer",13.5,0,112.19,98.69,0,0,0
"TX2370029","inside","storm",0,0,0,0,0,0,0
"TX2370029","inside","total",26.5,0,169.99,143.49,0,0,0
"TX2370029","inside","water",13,0,57.8,44.8,0,0,0
"TX2370029","outside","sewer",13.9,0,112.59,98.69,0,0,0
"TX2370029","outside","total",29.9,0,175.49,145.59,0,0,0
"TX2370029","outside","water",16,0,62.9,46.9,0,0,0
"TX2390001","inside","sewer",18.04,0,71.44,53.4,0,0,0
"TX2390001","inside","storm",0,0,3.75,0,0,0,0
"TX2390001","inside","total",35.96,0,141.47,105.51,0,0,0
"TX2390001","inside","water",17.92,0,70.03,52.11,0,0,0
"TX2390001","outside","sewer",20.6,0,82.03,61.43,0,0,0
"TX2390001","outside","total",41.2,0,162.56,121.36,0,0,0
"TX2390001","outside","water",20.6,0,80.53,59.93,0,0,0
"TX2390002","inside","sewer",23,0,56.88,33.88,0,0,0
"TX2390002","inside","storm",0,0,0,0,0,0,0
"TX2390002","inside","total",55,0,113.58,58.58,0,0,0
"TX2390002","inside","water",32,0,56.7,24.7,0,0,0
"TX2390002","outside","sewer",23,0,56.88,33.88,0,0,0
"TX2390002","outside","total",58,0,116.58,58.58,0,0,0
"TX2390002","outside","water",35,0,59.7,24.7,0,0,0
"TX2400001","inside","sewer",11.07,0,62,50.93,0,0,0
"TX2400001","inside","storm",0,0,6.5,0,0,0,0
"TX2400001","inside","total",21.59,0,101.17,79.58,0,0,0
"TX2400001","inside","water",10.52,0,39.17,28.65,0,0,0
"TX2410002","inside","sewer",12.5,0,52.55,40.05,0,0,0
"TX2410002","inside","storm",0,0,0,0,0,0,0
"TX2410002","inside","total",25,0,100.09,75.09,0,0,0
"TX2410002","inside","water",12.5,0,47.54,35.04,0,0,0
"TX2410005","inside","sewer",27.83,0,100.99,73.16,0,0,0
"TX2410005","inside","storm",0,0,0,0,0,0,0
"TX2410005","inside","total",53.74,0,195.66,141.92,0,0,0
"TX2410005","inside","water",25.91,0,94.67,68.76,0,0,0
"TX2430001","inside","sewer",7.53,0,42.62,35.09,0,0,0
"TX2430001","inside","storm",0,0,5,0,0,0,0
"TX2430001","inside","total",25.44,0,138.29,112.85,0,0,0
"TX2430001","inside","water",17.91,0,95.67,77.76,0,0,0
"TX2430002","inside","sewer",11,0,16.25,5.25,0,0,0
"TX2430002","inside","storm",0,0,0,0,0,0,0
"TX2430002","inside","total",34,0,221.83,187.83,0,0,0
"TX2430002","inside","water",23,0,205.58,182.58,0,0,0
"TX2430002","outside","sewer",11,0,16.25,5.25,0,0,0
"TX2430002","outside","total",56,0,243.83,187.83,0,0,0
"TX2430002","outside","water",45,0,227.58,182.58,0,0,0
"TX2440001","inside","sewer",35.45,0,72.2,36.75,0,0,0
"TX2440001","inside","storm",0,0,0,0,0,0,0
"TX2440001","inside","total",77.07,0,164.82,87.75,0,0,0
"TX2440001","inside","water",41.62,0,92.62,51,0,0,0
"TX2460001","inside","sewer",32,0,32,0,0,0,0
"TX2460001","inside","storm",0,0,3.25,0,0,0,0
"TX2460001","inside","total",47.5,0,77,0,0,0,0
"TX2460001","inside","water",15.5,0,45,29.5,0,0,0
"TX2460001","outside","sewer",36.75,0,36.75,0,0,0,0
"TX2460001","outside","total",55.25,0,84.75,0,0,0,0
"TX2460001","outside","water",18.5,0,48,29.5,0,0,0
"TX2460003","inside","sewer",13.27,0,64.12,50.85,0,0,0
"TX2460003","inside","storm",0,0,4.75,0,0,0,0
"TX2460003","inside","total",29.79,0,119.04,89.25,0,0,0
"TX2460003","inside","water",16.52,0,54.92,38.4,0,0,0
"TX2460005","inside","sewer",26.2,0,52.2,26,0,0,0
"TX2460005","inside","storm",0,0,0,0,0,0,0
"TX2460005","inside","total",66.16,0,160.44,94.28,0,0,0
"TX2460005","inside","water",39.96,0,108.24,68.28,0,0,0
"TX2460005","outside","sewer",38.8,0,64.8,26,0,0,0
"TX2460005","outside","total",98.24,0,192.52,94.28,0,0,0
"TX2460005","outside","water",59.44,0,127.72,68.28,0,0,0
"TX2460007","inside","sewer",27.21,0,231.36,204.15,0,0,0
"TX2460007","inside","storm",0,0,4,0,0,0,0
"TX2460007","inside","total",52.69,0,382.12,329.43,0,0,0
"TX2460007","inside","water",25.48,0,150.76,125.28,0,0,0
"TX2460007","outside","sewer",27.21,0,231.36,204.15,0,0,0
"TX2460007","outside","total",56.51,0,404.82,348.31,0,0,0
"TX2460007","outside","water",29.3,0,173.46,144.16,0,0,0
"TX2460009","inside","sewer",21.7,0,73.57,51.87,0,0,0
"TX2460009","inside","storm",0,0,0,0,0,0,0
"TX2460009","inside","total",39.47,29.5,171.68,102.71,0,0,0
"TX2460009","inside","water",17.77,29.5,98.11,50.84,0,0,0
"TX2460012","inside","sewer",14.58,0,57.18,42.6,0,0,0
"TX2460012","inside","storm",0,0,0,0,0,0,0
"TX2460012","inside","total",51.93,4,172.18,116.25,0,0,0
"TX2460012","inside","water",37.35,4,115,73.65,0,0,0
"TX2460013","inside","sewer",49.67,0,49.67,0,0,0,0
"TX2460013","inside","storm",0,0,0,0,0,0,0
"TX2460013","inside","total",84.76,0,169.25,0,0,0,0
"TX2460013","inside","water",35.09,0,119.58,84.49,0,0,0
"TX2460013","outside","sewer",53.93,0,53.93,0,0,0,0
"TX2460013","outside","total",97.79,0,239.73,0,0,0,0
"TX2460013","outside","water",43.86,0,185.8,141.94,0,0,0
"TX2460022","inside","sewer",56.39,0,56.39,0,0,0,0
"TX2460022","inside","storm",0,0,0,0,0,0,0
"TX2460022","inside","total",91.64,0,142.49,0,0,0,0
"TX2460022","inside","water",35.25,0,86.1,50.85,0,0,0
"TX2460027","inside","sewer",32.89,0,32.89,0,0,0,0
"TX2460027","inside","storm",0,0,0,0,0,0,0
"TX2460027","inside","total",64.14,0,104.83,0,0,0,0
"TX2460027","inside","water",31.25,0,71.94,40.69,0,0,0
"TX2460061","inside","sewer",6,0,46.5,40.5,0,0,0
"TX2460061","inside","storm",0,0,0,0,0,0,0
"TX2460061","inside","total",21,0,98.75,77.75,0,0,0
"TX2460061","inside","water",15,0,52.25,37.25,0,0,0
"TX2460061","outside","sewer",12,0,162,150,0,0,0
"TX2460061","outside","total",51.14,0,238.39,187.25,0,0,0
"TX2460061","outside","water",39.14,0,76.39,37.25,0,0,0
"TX2460128","inside","sewer",7.25,0,58.25,51,0,0,0
"TX2460128","inside","storm",0,0,0.5,0,0,0,0
"TX2460128","inside","total",23.5,0,127,103.5,0,0,0
"TX2460128","inside","water",16.25,0,68.75,52.5,0,0,0
"TX2460157","inside","sewer",25,0,114.07,89.07,0,0,0
"TX2460157","inside","storm",0,0,0,0,0,0,0
"TX2460157","inside","total",67,0,208.57,141.57,0,0,0
"TX2460157","inside","water",42,0,94.5,52.5,0,0,0
"TX2460169","inside","sewer",35,0,35,0,0,0,0
"TX2460169","inside","storm",0,0,0,0,0,0,0
"TX2460169","inside","total",94,0,162.78,0,0,0,0
"TX2460169","inside","water",59,0,127.78,68.78,0,0,0
"TX2470002","inside","sewer",22.35,0,43.05,20.7,0,0,0
"TX2470002","inside","storm",0,0,0,0,0,0,0
"TX2470002","inside","total",46.9,0,102.05,55.15,0,0,0
"TX2470002","inside","water",24.55,0,59,34.45,0,0,0
"TX2470002","outside","sewer",22.35,0,43.05,20.7,0,0,0
"TX2470002","outside","total",71.45,0,126.6,55.15,0,0,0
"TX2470002","outside","water",49.1,0,83.55,34.45,0,0,0
"TX2490003","inside","sewer",19.61,0,88.46,68.85,0,0,0
"TX2490003","inside","storm",0,0,0,0,0,0,0
"TX2490003","inside","total",52.54,0,192.09,139.55,0,0,0
"TX2490003","inside","water",32.93,0,103.63,70.7,0,0,0
"TX2490003","outside","sewer",25.66,0,175.51,149.85,0,0,0
"TX2490003","outside","total",73,0,326.55,253.55,0,0,0
"TX2490003","outside","water",47.34,0,151.04,103.7,0,0,0
"TX2490007","inside","sewer",11,0,37.09,26.09,0,0,0
"TX2490007","inside","storm",0,0,0,0,0,0,0
"TX2490007","inside","total",45.31,0,181.52,136.21,0,0,0
"TX2490007","inside","water",34.31,0,144.43,110.12,0,0,0
"TX2490007","outside","sewer",11,0,37.09,26.09,0,0,0
"TX2490007","outside","total",81.56,0,280.09,198.53,0,0,0
"TX2490007","outside","water",70.56,0,243,172.44,0,0,0
"TX2490008","inside","sewer",25,0,57,32,0,0,0
"TX2490008","inside","storm",0,0,0,0,0,0,0
"TX2490008","inside","total",60,0,197.97,137.97,0,0,0
"TX2490008","inside","water",35,0,140.97,105.97,0,0,0
"TX2490008","outside","sewer",25,0,57,32,0,0,0
"TX2490008","outside","total",85,0,250.97,165.97,0,0,0
"TX2490008","outside","water",60,0,193.97,133.97,0,0,0
"TX2490017","inside","sewer",30.4,0,60.7,30.3,0,0,0
"TX2490017","inside","storm",0,0,0,0,0,0,0
"TX2490017","inside","total",63.4,0,153.4,90,0,0,0
"TX2490017","inside","water",33,0,92.7,59.7,0,0,0
"TX2490017","outside","sewer",40.65,0,74.05,33.4,0,0,0
"TX2490017","outside","total",85.2,0,186.74,101.54,0,0,0
"TX2490017","outside","water",44.55,0,112.69,68.14,0,0,0
"CA1910034","inside","sewer",2.74,0,4.75,2.01,0,0,0
"CA1910034","inside","storm",0,0,0,0,0,0,0
"CA1910034","inside","total",14.04,0,54.8,40.76,0,0,0
"CA1910034","inside","water",11.3,0,50.05,38.75,0,0,0
"CA0110003","inside","sewer",61.88,0,61.88,0,0,0,0
"CA0110003","inside","storm",0,0,0,0,0,0,0
"CA0110003","inside","total",94.5,0,183.07,0,0,0,0
"CA0110003","inside","water",32.62,0,121.19,88.57,0,0,0
"CA0410002","inside","sewer",23.67,0,23.67,0,0,0,0
"CA0410002","inside","storm",0,0,0,0,0,0,0
"CA0410002","inside","total",37.7,0,72.07,0,0,0,0
"CA0410002","inside","water",14.03,0,48.4,34.37,0,0,0
"CA0410005","inside","sewer",23.56,15.85,39.41,0,0,0,0
"CA0410005","inside","storm",0,0,0,0,0,0,0
"CA0410005","inside","total",57.53,15.85,142.89,0,0,0,0
"CA0410005","inside","water",33.97,0,103.48,69.51,0,0,0
"CA0510001","inside","sewer",97.39,0,97.39,0,0,0,0
"CA0510001","inside","storm",0,0,0,0,0,0,0
"CA0510001","inside","total",146.39,0,163.46,0,0,0,0
"CA0510001","inside","water",49,0,66.07,17.07,0,0,0
"CA1010005","inside","sewer",49.95,0,49.95,0,0,0,0
"CA1010005","inside","storm",0,0,0,0,0,0,0
"CA1010005","inside","total",75.43,0,80.45,0,0,0,0
"CA1010005","inside","water",25.48,0,30.5,5.02,0,0,0
"CA1110003","inside","sewer",52.57,0,52.57,0,0,0,0
"CA1110003","inside","storm",0,0,0,0,0,0,0
"CA1110003","inside","total",85.36,0,164.21,0,0.85,0,0
"CA1110003","inside","water",32.79,0,111.64,78,0.85,0,0
"CA1510003","inside","sewer",17.92,0,17.92,0,0,0,0
"CA1510003","inside","storm",0,0,0,0,0,0,0
"CA1510003","inside","total",34.79,0,75.95,0,0,0,0
"CA1510003","inside","water",16.87,0,58.03,41.16,0,0,0
"CA1510055","inside","sewer",17.92,0,17.92,0,0,0,0
"CA1510055","inside","storm",0,0,0,0,0,0,0
"CA1510055","inside","total",39.96,0,79.85,0,0,0,0
"CA1510055","inside","water",22.04,0,61.93,39.89,0,0,0
"CA1910010","inside","sewer",77.28,0,77.28,0,0,0,0
"CA1910010","inside","storm",0,0,0,0,0,0,0
"CA1910010","inside","total",104.44,0,197.38,0,0,0,0
"CA1910010","inside","water",27.16,0,120.1,92.94,0,0,0
"CA1910033","inside","sewer",0,0,110.49,110.49,0,0,0
"CA1910033","inside","storm",0,0,0,0,0,0,0
"CA1910033","inside","total",0,0,201.19,183.9,0,0,0
"CA1910033","inside","water",17.29,0,90.7,73.41,0,0,0
"CA1910036","inside","sewer",0,0.15,126.45,110.49,15.81,0,0
"CA1910036","inside","storm",0,0,5.21,0,0,0,0
"CA1910036","inside","total",0,0.15,244.37,205.08,21.15,0,0
"CA1910036","inside","water",17.99,0,117.92,94.59,5.34,0,0
"CA1910050","inside","sewer",23.16,0,23.16,0,0,0,0
"CA1910050","inside","storm",0,0,0,0,0,0,0
"CA1910050","inside","total",45.49,0,144.03,0,0,0,0
"CA1910050","inside","water",22.33,0,120.87,98.54,0,0,0
"CA1910052","inside","sewer",0,0,110.49,110.49,0,0,0
"CA1910052","inside","storm",0,0,0,0,0,0,0
"CA1910052","inside","total",0,1.81,242.05,195.19,34.52,0,0
"CA1910052","inside","water",10.53,1.81,131.56,84.7,34.52,0,0
"CA1910104","inside","sewer",40.31,0,40.31,0,0,0,0
"CA1910104","inside","storm",0,0,3.9,0,0,0,0
"CA1910104","inside","total",61.48,0,161.25,0,0,0,0
"CA1910104","inside","water",21.17,0,120.94,99.77,0,0,0
"CA1910134","inside","sewer",13.06,0,13.06,0,0,0,0
"CA1910134","inside","storm",0,0,0,0,0,0,0
"CA1910134","inside","total",25.11,0,135.57,0,7.17,0,0
"CA1910134","inside","water",12.05,0,122.51,103.29,7.17,0,0
"CA1910139","inside","sewer",0,0,110.49,110.49,0,0,0
"CA1910139","inside","storm",0,0,0,0,0,0,0
"CA1910139","inside","total",0,1.81,196.77,170.61,13.82,0,0
"CA1910139","inside","water",10.53,1.81,86.28,60.12,13.82,0,0
"CA1910186","inside","sewer",0,0,110.49,110.49,0,0,0
"CA1910186","inside","storm",0,0,0,0,0,0,0
"CA1910186","inside","total",0,1.81,217.89,175.45,30.1,0,0
"CA1910186","inside","water",10.53,1.81,107.4,64.96,30.1,0,0
"CA1910225","inside","sewer",55.36,0,55.36,0,0,0,0
"CA1910225","inside","storm",0,0,0,0,0,0,0
"CA1910225","inside","total",91.22,0,185.54,0,17.3,0,0
"CA1910225","inside","water",35.86,0,130.18,77.02,17.3,0,0
"CA1910243","inside","sewer",32.89,0,32.89,0,0,0,0
"CA1910243","inside","storm",0,0,0,0,0,0,0
"CA1910243","inside","total",66.84,0,166.44,0,7.3,0,0
"CA1910243","inside","water",33.95,0,133.55,92.3,7.3,0,0
"CA1910255","inside","sewer",30.83,0,30.83,0,0,0,0
"CA1910255","inside","storm",0,0,0,0,0,0,0
"CA1910255","inside","total",51.85,0,88.73,0,0,0,0
"CA1910255","inside","water",21.02,0,57.9,36.88,0,0,0
"CA2710004","inside","sewer",21.05,12.88,33.92,0,0,0,0
"CA2710004","inside","storm",0,0,0,0,0,0,0
"CA2710004","inside","total",42.27,25.14,177.24,0,56.95,0,0
"CA2710004","inside","water",21.22,12.26,143.32,52.89,56.95,0,0
"CA2710009","inside","sewer",10,0,10,0,0,0,0
"CA2710009","inside","storm",0,0,0,0,0,0,0
"CA2710009","inside","total",29.03,0,97.58,0,0,0,0
"CA2710009","inside","water",19.03,0,87.58,68.55,0,0,0
"CA2710010","inside","sewer",30,0,30,0,0,0,0
"CA2710010","inside","storm",0,0,0,0,0,0,0
"CA2710010","inside","total",49.03,0,122.99,0,3.14,0,0
"CA2710010","inside","water",19.03,0,92.99,70.82,3.14,0,0
"CA2710013","inside","sewer",24.55,0,24.55,0,0,0,0
"CA2710013","inside","storm",0,0,0,0,0,0,0
"CA2710013","inside","total",47.89,0,127.87,0,0,0,0
"CA2710013","inside","water",23.34,0,103.32,79.98,0,0,0
"CA3110150","inside","sewer",41.26,0,41.26,0,0,0,0
"CA3110150","inside","storm",0,0,0,0,0,0,0
"CA3110150","inside","total",56.01,1.81,168.27,0,41.58,0,0
"CA3110150","inside","water",14.75,1.81,127.01,68.87,41.58,0,0
"CA3410010","inside","sewer",19.85,37,56.85,0,0,0,0
"CA3410010","inside","storm",0,0,0,0,0,0,0
"CA3410010","inside","total",34.6,38.81,183.86,0,41.58,0,0
"CA3410010","inside","water",14.75,1.81,127.01,68.87,41.58,0,0
"CA3410013","inside","sewer",19.85,37,56.85,0,0,0,0
"CA3410013","inside","storm",0,0,0,0,0,0,0
"CA3410013","inside","total",34.6,38.81,183.86,0,41.58,0,0
"CA3410013","inside","water",14.75,1.81,127.01,68.87,41.58,0,0
"CA3410017","inside","sewer",19.85,37,56.85,0,0,0,0
"CA3410017","inside","storm",0,0,0,0,0,0,0
"CA3410017","inside","total",34.6,38.81,183.86,0,41.58,0,0
"CA3410017","inside","water",14.75,1.81,127.01,68.87,41.58,0,0
"CA3410031","inside","sewer",19.85,37,56.85,0,0,0,0
"CA3410031","inside","storm",0,0,0,0,0,0,0
"CA3410031","inside","total",34.6,38.81,183.86,0,41.58,0,0
"CA3410031","inside","water",14.75,1.81,127.01,68.87,41.58,0,0
"CA3410045","inside","sewer",31.65,37,68.65,0,0,0,0
"CA3410045","inside","storm",0,0,0,0,0,0,0
"CA3410045","inside","total",46.4,38.81,195.66,0,41.58,0,0
"CA3410045","inside","water",14.75,1.81,127.01,68.87,41.58,0,0
"CA3610023","inside","sewer",65.77,0,65.77,0,0,0,0
"CA3610023","inside","storm",0,0,0,0,0,0,0
"CA3610023","inside","total",79,0,203.91,0,0,0,0
"CA3610023","inside","water",13.23,0,138.14,124.91,0,0,0
"CA3710001","inside","sewer",34.06,0,74.66,81.21,0,0,0
"CA3710001","inside","storm",0,0,0,0,0,0,0
"CA3710001","inside","total",41.61,1.81,233.08,225.47,4.8,0,0
"CA3710001","inside","water",7.55,1.81,158.42,144.26,4.8,0,0
"CA3910001","inside","sewer",46.75,0,46.75,0,0,0,0
"CA3910001","inside","storm",0,0,2.1,0,0,0,0
"CA3910001","inside","total",65.58,0,138.46,0,0,0,0
"CA3910001","inside","water",18.83,0,91.71,72.88,0,0,0
"CA4110007","inside","sewer",102.33,0,102.33,0,0,0,0
"CA4110007","inside","storm",0,0,0,0,0,0,0
"CA4110007","inside","total",136.3,0,309.92,0,0,0,0
"CA4110007","inside","water",33.97,0,207.59,173.62,0,0,0
"CA4110008","inside","sewer",47.34,0,233.22,185.88,0,0,0
"CA4110008","inside","storm",0,0,0,0,0,0,0
"CA4110008","inside","total",63.75,1.53,401.28,336,0,0,0
"CA4110008","inside","water",16.41,1.53,168.06,150.12,0,0,0
"CA4110009","inside","sewer",64.58,0,64.58,0,0,0,0
"CA4110009","inside","storm",0,0,0,0,0,0,0
"CA4110009","inside","total",91.16,0,264.78,0,0,0,0
"CA4110009","inside","water",26.58,0,200.2,173.62,0,0,0
"CA4310001","inside","sewer",25.11,0,73.64,48.53,0,0,0
"CA4310001","inside","storm",0,0,0,0,0,0,0
"CA4310001","inside","total",56.3,0,209.23,152.93,0,0,0
"CA4310001","inside","water",31.19,0,135.59,104.4,0,0,0
"CA4810002","inside","sewer",35.1,0,81.28,46.18,0,0,0
"CA4810002","inside","storm",0,0,0,0,0,0,0
"CA4810002","inside","total",59.74,0,188.02,128.28,0,0,0
"CA4810002","inside","water",24.64,0,106.74,82.1,0,0,0
"CA4910023","inside","sewer",88.17,0,88.17,0,0,0,0
"CA4910023","inside","storm",0,0,0,0,0,0,0
"CA4910023","inside","total",106.83,0,176.52,0,0,0,0
"CA4910023","inside","water",18.66,0,88.35,69.69,0,0,0
"CA5410016","inside","sewer",26.45,0,26.45,0,0,0,0
"CA5410016","inside","storm",0,0,1.12,0,0,0,0
"CA5410016","inside","total",36.72,0,67.72,0,0,0,0
"CA5410016","inside","water",10.27,0,41.27,31,0,0,0
"CA5510012","inside","sewer",51,0,51,0,0,0,0
"CA5510012","inside","storm",0,0,0,0,0,0,0
"CA5510012","inside","total",115.5,0,170.04,0,0,0,0
"CA5510012","inside","water",64.5,0,119.04,54.54,0,0,0
"CA5610016","inside","sewer",40.23,0,40.23,0,0,0,0
"CA5610016","inside","storm",0,0,0,0,0,0,0
"CA5610016","inside","total",76.63,0,159.88,0,0,0,0
"CA5610016","inside","water",36.4,0,119.65,83.25,0,0,0
"CA5610040","inside","sewer",29.65,0,29.65,0,0,0,0
"CA5610040","inside","storm",0,0,0,0,0,0,0
"CA5610040","inside","total",38.72,1.81,155.5,0,25.87,0,0
"CA5610040","inside","water",9.07,1.81,125.85,89.1,25.87,0,0
"CA5810001","inside","sewer",51.93,0,51.93,0,0,0,0
"CA5810001","inside","storm",0,0,0,0,0,0,0
"CA5810001","inside","total",77.1,0,156.56,0,1.83,0,0
"CA5810001","inside","water",25.17,0,104.63,77.63,1.83,0,0
"NJ0102001","inside","sewer",28.96,0,97.37,68.41,0,0,0
"NJ0102001","inside","storm",0,0,0,0,0,0,0
"NJ0102001","inside","total",91.21,0,159.62,0,0,0,0
"NJ0102001","inside","water",62.25,0,62.25,0,0,0,0
"NJ0103001","inside","sewer",30.83,0,30.83,0,0,0,0
"NJ0103001","inside","storm",0,0,0,0,0,0,0
"NJ0103001","inside","total",54.16,0,56.58,0,0,0,0
"NJ0103001","inside","water",23.33,0,25.75,2.42,0,0,0
"NJ0104003","inside","sewer",35.42,0,35.42,0,0,0,0
"NJ0104003","inside","storm",0,0,0,0,0,0,0
"NJ0104003","inside","total",56.59,0,71.59,0,0,0,0
"NJ0104003","inside","water",21.17,0,36.17,15,0,0,0
"NJ0112001","inside","sewer",25.25,0,25.25,0,0,0,0
"NJ0112001","inside","storm",0,0,0,0,0,0,0
"NJ0112001","inside","total",36,0,87.25,0,0,0,0
"NJ0112001","inside","water",10.75,0,62,51.25,0,0,0
"NJ0113001","inside","sewer",14.17,1.33,66.67,51.17,0,0,0
"NJ0113001","inside","storm",0,0,0,0,0,0,0
"NJ0113001","inside","total",51.67,1.33,178.94,125.94,0,0,0
"NJ0113001","inside","water",37.5,0,112.27,74.77,0,0,0
"NJ0116001","inside","sewer",37.5,0,37.5,0,0,0,0
"NJ0116001","inside","storm",0,0,0,0,0,0,0
"NJ0116001","inside","total",56.67,0,69.17,0,0,0,0
"NJ0116001","inside","water",19.17,0,31.67,12.5,0,0,0
"NJ0201001","inside","sewer",41.67,0,41.67,0,0,0,0
"NJ0201001","inside","storm",0,0,0,0,0,0,0
"NJ0201001","inside","total",60.97,0,149.67,0,0,0,0
"NJ0201001","inside","water",19.3,0,108,88.7,0,0,0
"NJ0220001","inside","sewer",62.5,0,112.75,50.25,0,0,0
"NJ0220001","inside","storm",0,0,0,0,0,0,0
"NJ0220001","inside","total",84.5,0,230,145.5,0,0,0
"NJ0220001","inside","water",22,0,117.25,95.25,0,0,0
"NJ0221001","inside","sewer",4.17,0,4.17,0,0,0,0
"NJ0221001","inside","storm",0,0,0,0,0,0,0
"NJ0221001","inside","total",10.71,0,54.43,0,0,0,0
"NJ0221001","inside","water",6.54,0,50.26,43.72,0,0,0
"NJ0231001","inside","sewer",40,0,307.29,267.29,0,0,0
"NJ0231001","inside","storm",0,0,0,0,0,0,0
"NJ0231001","inside","total",60.56,0,414.88,354.32,0,0,0
"NJ0231001","inside","water",20.56,0,107.59,87.03,0,0,0
"NJ0233001","inside","sewer",29.33,0,108.39,79.06,0,0,0
"NJ0233001","inside","storm",0,0,0,0,0,0,0
"NJ0233001","inside","total",38.3,0,174.03,135.73,0,0,0
"NJ0233001","inside","water",8.97,0,65.64,56.67,0,0,0
"NJ0236001","inside","sewer",62.5,0,112.75,50.25,0,0,0
"NJ0236001","inside","storm",0,0,0,0,0,0,0
"NJ0236001","inside","total",84.5,0,230,145.5,0,0,0
"NJ0236001","inside","water",22,0,117.25,95.25,0,0,0
"NJ0238001","inside","sewer",62.5,0,112.75,50.25,0,0,0
"NJ0238001","inside","storm",0,0,0,0,0,0,0
"NJ0238001","inside","total",84.5,0,230,145.5,0,0,0
"NJ0238001","inside","water",22,0,117.25,95.25,0,0,0
"NJ0242001","inside","sewer",91.09,0,267.19,176.1,0,0,0
"NJ0242001","inside","storm",0,0,0,0,0,0,0
"NJ0242001","inside","total",107.44,0,346.7,239.26,0,0,0
"NJ0242001","inside","water",16.35,0,79.51,63.16,0,0,0
"NJ0251001","inside","sewer",39.33,0,39.33,0,0,0,0
"NJ0251001","inside","storm",0,0,0,0,0,0,0
"NJ0251001","inside","total",53.07,1.38,135,0,0,0,0
"NJ0251001","inside","water",13.74,1.38,95.67,80.55,0,0,0
"NJ0305001","inside","sewer",16.12,0,96.74,80.62,0,0,0
"NJ0305001","inside","storm",0,0,0,0,0,0,0
"NJ0305001","inside","total",39.5,0,236.99,197.49,0,0,0
"NJ0305001","inside","water",23.38,0,140.25,116.87,0,0,0
"NJ0313001","inside","sewer",19.33,0,58.46,39.13,0,0,0
"NJ0313001","inside","storm",0,0,0,0,0,0,0
"NJ0313001","inside","total",30,0,127.26,97.26,0,0,0
"NJ0313001","inside","water",10.67,0,68.8,58.13,0,0,0
"NJ0313001","outside","sewer",24.33,0,73.25,48.92,0,0,0
"NJ0313001","outside","total",37.66,0,159.22,121.56,0,0,0
"NJ0313001","outside","water",13.33,0,85.97,72.64,0,0,0
"NJ0315001","inside","sewer",20.91,0,96.81,75.9,0,0,0
"NJ0315001","inside","storm",0,0,0,0,0,0,0
"NJ0315001","inside","total",38.43,0,177.58,139.15,0,0,0
"NJ0315001","inside","water",17.52,0,80.77,63.25,0,0,0
"NJ0319001","inside","sewer",26.67,0,112.33,85.66,0,0,0
"NJ0319001","inside","storm",0,0,0,0,0,0,0
"NJ0319001","inside","total",35.17,0,206.49,171.32,0,0,0
"NJ0319001","inside","water",8.5,0,94.16,85.66,0,0,0
"NJ0320001","inside","sewer",47.16,0,47.16,0,0,0,0
"NJ0320001","inside","storm",0,0,0,0,0,0,0
"NJ0320001","inside","total",55.49,0,113.03,0,0,0,0
"NJ0320001","inside","water",8.33,0,65.87,57.54,0,0,0
"NJ0322001","inside","sewer",8.33,0,98.33,90,0,0,0
"NJ0322001","inside","storm",0,0,0,0,0,0,0
"NJ0322001","inside","total",0,0,187.49,179.16,0,0,0
"NJ0322001","inside","water",0,0,89.16,89.16,0,0,0
"NJ0323001","inside","sewer",13.42,0,104.47,91.05,0,0,0
"NJ0323001","inside","storm",0,0,0,0,0,0,0
"NJ0323001","inside","total",36.55,0,230.93,194.38,0,0,0
"NJ0323001","inside","water",23.13,0,126.46,103.33,0,0,0
"NJ0323001","outside","sewer",20.13,0,140.73,120.6,0,0,0
"NJ0323001","outside","total",43.26,0,267.19,223.93,0,0,0
"NJ0323001","outside","water",23.13,0,126.46,103.33,0,0,0
"NJ0324001","inside","sewer",7.28,0,71.78,64.5,0,0,0
"NJ0324001","inside","storm",0,0,0,0,0,0,0
"NJ0324001","inside","total",17.44,0,142.88,125.44,0,0,0
"NJ0324001","inside","water",10.16,0,71.1,60.94,0,0,0
"NJ0328001","inside","sewer",39,0,61.92,22.92,0,0,0
"NJ0328001","inside","storm",0,0,0,0,0,0,0
"NJ0328001","inside","total",55.67,2.33,121.75,63.75,0,0,0
"NJ0328001","inside","water",16.67,2.33,59.83,40.83,0,0,0
"NJ0329004","inside","sewer",30,0,30,0,0,0,0
"NJ0329004","inside","storm",0,0,0,0,0,0,0
"NJ0329004","inside","total",44,0,104.43,0,0,0,0
"NJ0329004","inside","water",14,0,74.43,60.43,0,0,0
"NJ0333001","inside","sewer",30.97,0,136.89,105.92,0,0,0
"NJ0333001","inside","storm",0,0,0,0,0,0,0
"NJ0333001","inside","total",47.37,0,202.14,154.77,0,0,0
"NJ0333001","inside","water",16.4,0,65.25,48.85,0,0,0
"NJ0338001","inside","sewer",19.08,0,77.44,58.36,0,0,0
"NJ0338001","inside","storm",0,0,0,0,0,0,0
"NJ0338001","inside","total",44.19,0,177.26,133.07,0,0,0
"NJ0338001","inside","water",25.11,0,99.82,74.71,0,0,0
"NJ0340001","inside","sewer",26.75,0,396.2,369.45,0,0,0
"NJ0340001","inside","storm",0,0,0,0,0,0,0
"NJ0340001","inside","total",37.64,0,533.54,495.9,0,0,0
"NJ0340001","inside","water",10.89,0,137.34,126.45,0,0,0
"NJ0405001","inside","sewer",20.67,0,20.67,0,0,0,0
"NJ0405001","inside","storm",0,0,0,0,0,0,0
"NJ0405001","inside","total",29,0,93,0,0,0,0
"NJ0405001","inside","water",8.33,0,72.33,64,0,0,0
"NJ0407001","inside","sewer",19,0,19,0,0,0,0
"NJ0407001","inside","storm",0,0,0,0,0,0,0
"NJ0407001","inside","total",49,0,121,0,0,0,0
"NJ0407001","inside","water",30,0,102,72,0,0,0
"NJ0408001","inside","sewer",9.19,0,68.41,59.22,0,0,0
"NJ0408001","inside","storm",0,0,0,0,0,0,0
"NJ0408001","inside","total",18.38,0,181.39,163.01,0,0,0
"NJ0408001","inside","water",9.19,0,112.98,103.79,0,0,0
"NJ0412001","inside","sewer",89,0,89,0,0,0,0
"NJ0412001","inside","storm",0,0,0,0,0,0,0
"NJ0412001","inside","total",100.25,0,164.6,0,0,0,0
"NJ0412001","inside","water",11.25,0,75.6,64.35,0,0,0
"NJ0415002","inside","sewer",42.19,0,42.19,0,0,0,0
"NJ0415002","inside","storm",0,0,0,0,0,0,0
"NJ0415002","inside","total",62.81,0,256.37,0,0,0,0
"NJ0415002","inside","water",20.62,0,214.18,193.56,0,0,0
"NJ0424001","inside","sewer",19.25,14.66,33.92,0,0,0,0
"NJ0424001","inside","storm",0,0,0,0,0,0,0
"NJ0424001","inside","total",29.46,14.66,102.13,0,0,0,0
"NJ0424001","inside","water",10.21,0,68.21,58,0,0,0
"NJ0428002","inside","sewer",16.67,0,16.67,0,0,0,0
"NJ0428002","inside","storm",0,0,0,0,0,0,0
"NJ0428002","inside","total",27.67,0,113.92,0,0,0,0
"NJ0428002","inside","water",11,0,97.25,86.25,0,0,0
"NJ0436007","inside","sewer",34,29.33,63.33,0,0,0,0
"NJ0436007","inside","storm",0,0,0,0,0,0,0
"NJ0436007","inside","total",69.33,29.33,143.66,0,0,0,0
"NJ0436007","inside","water",35.33,0,80.33,45,0,0,0
"NJ0502001","inside","sewer",23.8,0,23.8,0,0,0,0
"NJ0502001","inside","storm",0,0,0,0,0,0,0
"NJ0502001","inside","total",36.8,0,158,0,0,0,0
"NJ0502001","inside","water",13,0,134.2,121.2,0,0,0
"NJ0503001","inside","sewer",38,0,102.81,64.81,0,0,0
"NJ0503001","inside","storm",0,0,0,0,0,0,0
"NJ0503001","inside","total",74.67,0,281.28,206.61,0,0,0
"NJ0503001","inside","water",36.67,0,178.47,141.8,0,0,0
"NJ0505002","inside","sewer",26.67,0,26.67,0,0,0,0
"NJ0505002","inside","storm",0,0,0,0,0,0,0
"NJ0505002","inside","total",48.09,0,93.2,0,0,0,0
"NJ0505002","inside","water",21.42,0,66.53,45.11,0,0,0
"NJ0508001","inside","sewer",7.64,0,39.89,32.25,0,0,0
"NJ0508001","inside","storm",0,0,0,0,0,0,0
"NJ0508001","inside","total",30.77,0,166.35,135.58,0,0,0
"NJ0508001","inside","water",23.13,0,126.46,103.33,0,0,0
"NJ0509001","inside","sewer",74.33,0,94.33,20,0,0,0
"NJ0509001","inside","storm",0,0,0,0,0,0,0
"NJ0509001","inside","total",101.66,0,141.66,40,0,0,0
"NJ0509001","inside","water",27.33,0,47.33,20,0,0,0
"NJ0510001","inside","sewer",38.75,0,95,56.25,0,0,0
"NJ0510001","inside","storm",0,0,0,0,0,0,0
"NJ0510001","inside","total",77,0,159.5,82.5,0,0,0
"NJ0510001","inside","water",38.25,0,64.5,26.25,0,0,0
"NJ0512001","inside","sewer",41.67,0,41.67,0,0,0,0
"NJ0512001","inside","storm",0,0,0,0,0,0,0
"NJ0512001","inside","total",76.67,0,200.17,0,0,0,0
"NJ0512001","inside","water",35,0,158.5,123.5,0,0,0
"NJ0601001","inside","sewer",43.33,0,102.53,59.2,0,0,0
"NJ0601001","inside","storm",0,0,0,0,0,0,0
"NJ0601001","inside","total",86.66,8.33,191.69,96.7,0,0,0
"NJ0601001","inside","water",43.33,8.33,89.16,37.5,0,0,0
"NJ0601001","outside","sewer",43.33,0,102.53,59.2,0,0,0
"NJ0601001","outside","total",86.66,8.33,191.69,96.7,0,0,0
"NJ0601001","outside","water",43.33,8.33,89.16,37.5,0,0,0
"NJ0610001","inside","sewer",43.33,0,43.33,0,0,0,0
"NJ0610001","inside","storm",0,0,0,0,0,0,0
"NJ0610001","inside","total",53.33,0,94.16,0,0,0,0
"NJ0610001","inside","water",10,0,50.83,40.83,0,0,0
"NJ0613004","inside","sewer",45,0,45,0,0,0,0
"NJ0613004","inside","storm",0,0,0,0,0,0,0
"NJ0613004","inside","total",75,0,122.25,0,0,0,0
"NJ0613004","inside","water",30,0,77.25,47.25,0,0,0
"NJ0701001","inside","sewer",0,0,10.03,10.03,0,0,0
"NJ0701001","inside","storm",0,0,0,0,0,0,0
"NJ0701001","inside","total",0,0,90.26,82.09,0,0,0
"NJ0701001","inside","water",8.17,0,80.23,72.06,0,0,0
"NJ0703001","inside","sewer",8.33,0,132.62,124.29,0,0,0
"NJ0703001","inside","storm",0,0,0,0,0,0,0
"NJ0703001","inside","total",16.66,0,275.95,259.29,0,0,0
"NJ0703001","inside","water",8.33,0,143.33,135,0,0,0
"NJ0704001","inside","sewer",30,0,91.25,61.25,0,0,0
"NJ0704001","inside","storm",0,0,0,0,0,0,0
"NJ0704001","inside","total",38.33,0,166.25,127.92,0,0,0
"NJ0704001","inside","water",8.33,0,75,66.67,0,0,0
"NJ0705001","inside","sewer",12.78,0,111.37,98.59,0,0,0
"NJ0705001","inside","storm",0,0,0,0,0,0,0
"NJ0705001","inside","total",25.56,0,206.74,181.18,0,0,0
"NJ0705001","inside","water",12.78,0,95.37,82.59,0,0,0
"NJ0706001","inside","sewer",25,0,25,0,0,0,0
"NJ0706001","inside","storm",0,0,0,0,0,0,0
"NJ0706001","inside","total",31.67,0,117.92,0,0,0,0
"NJ0706001","inside","water",6.67,0,92.92,86.25,0,0,0
"NJ0710001","inside","sewer",8.6,0,41.09,32.49,0,0,0
"NJ0710001","inside","storm",0,0,0,0,0,0,0
"NJ0710001","inside","total",24.35,0,112.8,88.45,0,0,0
"NJ0710001","inside","water",15.75,0,71.71,55.96,0,0,0
"NJ0712001","inside","sewer",7.64,0,38.54,30.9,0,0,0
"NJ0712001","inside","storm",0,0,0,0,0,0,0
"NJ0712001","inside","total",30.77,0,165,134.23,0,0,0
"NJ0712001","inside","water",23.13,0,126.46,103.33,0,0,0
"NJ0713001","inside","sewer",24.66,0,24.66,0,0,0,0
"NJ0713001","inside","storm",0,0,0,0,0,0,0
"NJ0713001","inside","total",35.99,0,101.89,0,0,0,0
"NJ0713001","inside","water",11.33,0,77.23,65.9,0,0,0
"NJ0717001","inside","sewer",18.33,0,78.31,59.98,0,0,0
"NJ0717001","inside","storm",0,0,0,0,0,0,0
"NJ0717001","inside","total",48.67,0,256.58,207.91,0,0,0
"NJ0717001","inside","water",30.34,0,178.27,147.93,0,0,0
"NJ0718001","inside","sewer",0,0,26.25,0,26.25,0,0
"NJ0718001","inside","storm",0,0,0,0,0,0,0
"NJ0718001","inside","total",0,0,85.83,0,52.5,0,0
"NJ0718001","inside","water",33.33,0,59.58,0,26.25,0,0
"NJ0720001","inside","sewer",50,0,50,0,0,0,0
"NJ0720001","inside","storm",0,0,0,0,0,0,0
"NJ0720001","inside","total",55,0,137.35,0,0,0,0
"NJ0720001","inside","water",5,0,87.35,82.35,0,0,0
"NJ0721001","inside","sewer",15.83,0,156.08,140.25,0,0,0
"NJ0721001","inside","storm",0,0,0,0,0,0,0
"NJ0721001","inside","total",22.16,0,283.16,261,0,0,0
"NJ0721001","inside","water",6.33,0,127.08,120.75,0,0,0
"NJ0801001","inside","sewer",41.33,0,41.33,0,0,0,0
"NJ0801001","inside","storm",0,0,0,0,0,0,0
"NJ0801001","inside","total",55.25,0,109.53,0,0,0,0
"NJ0801001","inside","water",13.92,0,68.2,54.28,0,0,0
"NJ0802001","inside","sewer",39,0,39,0,0,0,0
"NJ0802001","inside","storm",0,0,0,0,0,0,0
"NJ0802001","inside","total",60.4,0,111,0,0,0,0
"NJ0802001","inside","water",21.4,0,72,50.6,0,0,0
"NJ0803001","inside","sewer",25,0,71.5,46.5,0,0,0
"NJ0803001","inside","storm",0,0,0,0,0,0,0
"NJ0803001","inside","total",37.08,0,148.28,111.2,0,0,0
"NJ0803001","inside","water",12.08,0,76.78,64.7,0,0,0
"NJ0806001","inside","sewer",38.33,0,38.33,0,0,0,0
"NJ0806001","inside","storm",0,0,0,0,0,0,0
"NJ0806001","inside","total",54.5,0,126.36,0,0,0,0
"NJ0806001","inside","water",16.17,0,88.03,71.86,0,0,0
"NJ0807001","inside","sewer",31.25,0,31.25,0,0,0,0
"NJ0807001","inside","storm",0,0,0,0,0,0,0
"NJ0807001","inside","total",0,0,169.07,0,0,0,0
"NJ0807001","inside","water",0,0,137.82,137.82,0,0,0
"NJ0808001","inside","sewer",7.64,0,38.54,30.9,0,0,0
"NJ0808001","inside","storm",0,0,0,0,0,0,0
"NJ0808001","inside","total",30.77,0,165,134.23,0,0,0
"NJ0808001","inside","water",23.13,0,126.46,103.33,0,0,0
"NJ0809002","inside","sewer",7.64,0,38.54,30.9,0,0,0
"NJ0809002","inside","storm",0,0,0,0,0,0,0
"NJ0809002","inside","total",30.77,0,165,134.23,0,0,0
"NJ0809002","inside","water",23.13,0,126.46,103.33,0,0,0
"NJ0810004","inside","sewer",30.67,0,30.67,0,0,0,0
"NJ0810004","inside","storm",0,0,0,0,0,0,0
"NJ0810004","inside","total",45.67,0,106.32,0,0,0,0
"NJ0810004","inside","water",15,0,75.65,60.65,0,0,0
"NJ0811002","inside","sewer",40.97,0,40.97,0,0,0,0
"NJ0811002","inside","storm",0,0,0,0,0,0,0
"NJ0811002","inside","total",62.17,0,138.45,0,0,0,0
"NJ0811002","inside","water",21.2,0,97.48,76.28,0,0,0
"NJ0814001","inside","sewer",29,0,71.5,42.5,0,0,0
"NJ0814001","inside","storm",0,0,0,0,0,0,0
"NJ0814001","inside","total",54,0,159,105,0,0,0
"NJ0814001","inside","water",25,0,87.5,62.5,0,0,0
"NJ0815001","inside","sewer",18.67,0,99.7,81.03,0,0,0
"NJ0815001","inside","storm",0,0,0,0,0,0,0
"NJ0815001","inside","total",40.67,0,214.76,174.09,0,0,0
"NJ0815001","inside","water",22,0,115.06,93.06,0,0,0
"NJ0817001","inside","sewer",55,0,55,0,0,0,0
"NJ0817001","inside","storm",0,0,0,0,0,0,0
"NJ0817001","inside","total",85.75,0,143.98,0,0,0,0
"NJ0817001","inside","water",30.75,0,88.98,58.23,0,0,0
"NJ0818004","inside","sewer",24,0,51,27,0,0,0
"NJ0818004","inside","storm",0,0,0,0,0,0,0
"NJ0818004","inside","total",34.66,0,87.58,52.92,0,0,0
"NJ0818004","inside","water",10.66,0,36.58,25.92,0,0,0
"NJ0819001","inside","sewer",46.67,0,46.67,0,0,0,0
"NJ0819001","inside","storm",0,0,0,0,0,0,0
"NJ0819001","inside","total",65,0,126.5,0,0,0,0
"NJ0819001","inside","water",18.33,0,79.83,61.5,0,0,0
"NJ0820001","inside","sewer",53.17,0,53.17,0,0,0,0
"NJ0820001","inside","storm",0,0,0,0,0,0,0
"NJ0820001","inside","total",60.32,0,161.36,0,0,0,0
"NJ0820001","inside","water",7.15,0,108.19,101.04,0,0,0
"NJ0821001","inside","sewer",40,0,40,0,0,0,0
"NJ0821001","inside","storm",0,0,0,0,0,0,0
"NJ0821001","inside","total",81.67,0,155.86,0,0,0,0
"NJ0821001","inside","water",41.67,0,115.86,74.19,0,0,0
"NJ0822001","inside","sewer",46.5,0,46.5,0,0,0,0
"NJ0822001","inside","storm",0,0,0,0,0,0,0
"NJ0822001","inside","total",57.75,0,138.52,0,0,0,0
"NJ0822001","inside","water",11.25,0,92.02,80.77,0,0,0
"NJ0823001","inside","sewer",53.33,0,53.33,0,0,0,0
"NJ0823001","inside","storm",0,0,0,0,0,0,0
"NJ0823001","inside","total",70.66,0,154.39,0,0,0,0
"NJ0823001","inside","water",17.33,0,101.06,83.73,0,0,0
"NJ0824001","inside","sewer",42.19,0,42.19,0,0,0,0
"NJ0824001","inside","storm",0,0,0,0,0,0,0
"NJ0824001","inside","total",62.81,0,159.59,0,0,0,0
"NJ0824001","inside","water",20.62,0,117.4,96.78,0,0,0
"NJ0902001","inside","sewer",10.33,0,72.49,62.16,0,0,0
"NJ0902001","inside","storm",0,0,0,0,0,0,0
"NJ0902001","inside","total",20.66,0,144.98,124.32,0,0,0
"NJ0902001","inside","water",10.33,0,72.49,62.16,0,0,0
"NJ0905001","inside","sewer",19.9,0,149.25,129.35,0,0,0
"NJ0905001","inside","storm",0,0,0,0,0,0,0
"NJ0905001","inside","total",41.9,0,266.5,224.6,0,0,0
"NJ0905001","inside","water",22,0,117.25,95.25,0,0,0
"NJ0906001","inside","sewer",0,0,126.33,126.33,0,0,0
"NJ0906001","inside","storm",0,0,0,0,0,0,0
"NJ0906001","inside","total",0,0,226.44,218.17,0,0,0
"NJ0906001","inside","water",8.27,0,100.11,91.84,0,0,0
"NJ1009001","inside","sewer",42.42,0,77.67,35.25,0,0,0
"NJ1009001","inside","storm",0,0,0,0,0,0,0
"NJ1009001","inside","total",66.04,0,180.79,114.75,0,0,0
"NJ1009001","inside","water",23.62,0,103.12,79.5,0,0,0
"NJ1014001","inside","sewer",40,0,107.8,67.8,0,0,0
"NJ1014001","inside","storm",0,0,0,0,0,0,0
"NJ1014001","inside","total",56.67,0,218.22,161.55,0,0,0
"NJ1014001","inside","water",16.67,0,110.42,93.75,0,0,0
"NJ1017001","inside","sewer",62.5,0,112.75,50.25,0,0,0
"NJ1017001","inside","storm",0,0,0,0,0,0,0
"NJ1017001","inside","total",84.5,0,230,145.5,0,0,0
"NJ1017001","inside","water",22,0,117.25,95.25,0,0,0
"NJ1101002","inside","sewer",27.23,0,41.89,14.66,0,0,0
"NJ1101002","inside","storm",0,0,0,0,0,0,0
"NJ1101002","inside","total",33.92,0,81.43,47.51,0,0,0
"NJ1101002","inside","water",6.69,0,39.54,32.85,0,0,0
"NJ1104001","inside","sewer",24.67,0,106.08,81.41,0,0,0
"NJ1104001","inside","storm",0,0,0,0,0,0,0
"NJ1104001","inside","total",39.34,0,160.05,120.71,0,0,0
"NJ1104001","inside","water",14.67,0,53.97,39.3,0,0,0
"NJ1105001","inside","sewer",27.4,0,49.33,21.93,0,0,0
"NJ1105001","inside","storm",0,0,0,0,0,0,0
"NJ1105001","inside","total",36.24,0,278.05,241.81,0,0,0
"NJ1105001","inside","water",8.84,0,228.72,219.88,0,0,0
"NJ1111001","inside","sewer",6.67,0,120.06,113.39,0,0,0
"NJ1111001","inside","storm",0,0,0,0,0,0,0
"NJ1111001","inside","total",36.34,0,192.16,155.82,0,0,0
"NJ1111001","inside","water",29.67,0,72.1,42.43,0,0,0
"NJ1207001","inside","sewer",10.85,0,98.42,87.57,0,0,0
"NJ1207001","inside","storm",0,0,0,0,0,0,0
"NJ1207001","inside","total",24.48,0,226.6,202.12,0,0,0
"NJ1207001","inside","water",13.63,0,128.18,114.55,0,0,0
"NJ1209002","inside","sewer",47.59,0,47.59,0,0,0,0
"NJ1209002","inside","storm",0,0,0,0,0,0,0
"NJ1209002","inside","total",71.74,0,120.52,0,0,0,0
"NJ1209002","inside","water",24.15,0,72.93,48.78,0,0,0
"NJ1212001","inside","sewer",34.89,0,119.9,85.01,0,0,0
"NJ1212001","inside","storm",0,0,0,0,0,0,0
"NJ1212001","inside","total",55.32,0,326.22,270.9,0,0,0
"NJ1212001","inside","water",20.43,0,206.32,185.89,0,0,0
"NJ1213002","inside","sewer",21.58,0,27.91,6.33,0,0,0
"NJ1213002","inside","storm",0,0,0,0,0,0,0
"NJ1213002","inside","total",30.17,0,74.15,43.98,0,0,0
"NJ1213002","inside","water",8.59,0,46.24,37.65,0,0,0
"NJ1215001","inside","sewer",0,0,114.22,114.22,0,0,0
"NJ1215001","inside","storm",0,0,0,0,0,0,0
"NJ1215001","inside","total",0,0,218.2,215.2,0,0,0
"NJ1215001","inside","water",3,0,103.98,100.98,0,0,0
"NJ1219001","inside","sewer",13.83,0,79.4,65.57,0,0,0
"NJ1219001","inside","storm",0,0,0,0,0,0,0
"NJ1219001","inside","total",22.63,0,159.76,137.13,0,0,0
"NJ1219001","inside","water",8.8,0,80.36,71.56,0,0,0
"NJ1221004","inside","sewer",44.28,0,44.28,0,0,0,0
"NJ1221004","inside","storm",0,0,0,0,0,0,0
"NJ1221004","inside","total",49.29,0,98.94,0,0,0,0
"NJ1221004","inside","water",5.01,0,54.66,49.65,0,0,0
"NJ1224001","inside","sewer",27.97,0,89.47,61.5,0,0,0
"NJ1224001","inside","storm",0,0,0,0,0,0,0
"NJ1224001","inside","total",44.1,0,227.59,183.49,0,0,0
"NJ1224001","inside","water",16.13,0,138.12,121.99,0,0,0
"NJ1302001","inside","sewer",45,0,225,0,180,0,0
"NJ1302001","inside","storm",0,0,0,0,0,0,0
"NJ1302001","inside","total",70,0,460,0,180,0,0
"NJ1302001","inside","water",25,0,235,210,0,0,0
"NJ1304001","inside","sewer",0,0,88.25,44.52,0,43.73,0
"NJ1304001","inside","storm",0,0,0,0,0,0,0
"NJ1304001","inside","total",0,0,164.84,96.68,0,47.99,0
"NJ1304001","inside","water",20.17,0,76.59,52.16,0,4.26,0
"NJ1305001","inside","sewer",29.17,0,73.42,44.25,0,0,0
"NJ1305001","inside","storm",0,0,0,0,0,0,0
"NJ1305001","inside","total",58.34,0,139.46,81.12,0,0,0
"NJ1305001","inside","water",29.17,0,66.04,36.87,0,0,0
"NJ1306001","inside","sewer",14.83,0,157.49,142.66,0,0,0
"NJ1306001","inside","storm",0,0,0,0,0,0,0
"NJ1306001","inside","total",29.66,0,278.71,249.05,0,0,0
"NJ1306001","inside","water",14.83,0,121.22,106.39,0,0,0
"NJ1308001","inside","sewer",24.67,0,28.17,3.5,0,0,0
"NJ1308001","inside","storm",0,0,0,0,0,0,0
"NJ1308001","inside","total",48,36.67,119.01,34.34,0,0,0
"NJ1308001","inside","water",23.33,36.67,90.84,30.84,0,0,0
"NJ1312001","inside","sewer",43,0,43,0,0,0,0
"NJ1312001","inside","storm",0,0,0,0,0,0,0
"NJ1312001","inside","total",64.67,0,134.67,0,0,0,0
"NJ1312001","inside","water",21.67,0,91.67,70,0,0,0
"NJ1314001","inside","sewer",41.67,0,41.67,0,0,0,0
"NJ1314001","inside","storm",0,0,0,0,0,0,0
"NJ1314001","inside","total",54.57,0,216.27,0,0,0,0
"NJ1314001","inside","water",12.9,0,174.6,161.7,0,0,0
"NJ1315001","inside","sewer",1.99,12.9,133.1,118.21,0,0,0
"NJ1315001","inside","storm",0,0,0,0,0,0,0
"NJ1315001","inside","total",11.56,12.9,185.27,135.21,25.6,0,0
"NJ1315001","inside","water",9.57,0,52.17,17,25.6,0,0
"NJ1316001","inside","sewer",42.29,0,57.76,15.47,0,0,0
"NJ1316001","inside","storm",0,0,0,0,0,0,0
"NJ1316001","inside","total",51.65,0,102.73,51.08,0,0,0
"NJ1316001","inside","water",9.36,0,44.97,35.61,0,0,0
"NJ1322001","inside","sewer",15.25,0,94.4,79.15,0,0,0
"NJ1322001","inside","storm",0,0,0,0,0,0,0
"NJ1322001","inside","total",30.5,0,158.72,128.22,0,0,0
"NJ1322001","inside","water",15.25,0,64.32,49.07,0,0,0
"NJ1326001","inside","sewer",39.67,0,39.67,0,0,0,0
"NJ1326001","inside","storm",0,0,0,0,0,0,0
"NJ1326001","inside","total",59.98,0,145.48,0,0,0,0
"NJ1326001","inside","water",20.31,0,105.81,85.5,0,0,0
"NJ1326002","inside","sewer",62.5,0,112.75,50.25,0,0,0
"NJ1326002","inside","storm",0,0,0,0,0,0,0
"NJ1326002","inside","total",84.5,0,230,145.5,0,0,0
"NJ1326002","inside","water",22,0,117.25,95.25,0,0,0
"NJ1327001","inside","sewer",24.95,0,58.55,33.6,0,0,0
"NJ1327001","inside","storm",0,0,0,0,0,0,0
"NJ1327001","inside","total",49.9,0,117.1,67.2,0,0,0
"NJ1327001","inside","water",24.95,0,58.55,33.6,0,0,0
"NJ1329001","inside","sewer",47.67,0,47.67,0,0,0,0
"NJ1329001","inside","storm",0,0,0,0,0,0,0
"NJ1329001","inside","total",57.67,0,165.28,0,0,0,0
"NJ1329001","inside","water",10,0,117.61,107.61,0,0,0
"NJ1340001","inside","sewer",14.67,0,147.98,133.31,0,0,0
"NJ1340001","inside","storm",0,0,0,0,0,0,0
"NJ1340001","inside","total",29.34,0,269.3,239.96,0,0,0
"NJ1340001","inside","water",14.67,0,121.32,106.65,0,0,0
"NJ1341001","inside","sewer",93,0,129,36,0,0,0
"NJ1341001","inside","storm",0,0,0,0,0,0,0
"NJ1341001","inside","total",186,0,258,72,0,0,0
"NJ1341001","inside","water",93,0,129,36,0,0,0
"NJ1345001","inside","sewer",7.64,0,39.89,32.25,0,0,0
"NJ1345001","inside","storm",0,0,0,0,0,0,0
"NJ1345001","inside","total",30.77,0,166.35,135.58,0,0,0
"NJ1345001","inside","water",23.13,0,126.46,103.33,0,0,0
"NJ1347001","inside","sewer",30.25,0,30.25,0,0,0,0
"NJ1347001","inside","storm",0,0,0,0,0,0,0
"NJ1347001","inside","total",79.17,0,174.48,0,0,0,0
"NJ1347001","inside","water",48.92,0,144.23,95.31,0,0,0
"NJ1349001","inside","sewer",93.33,0,120.13,26.8,0,0,0
"NJ1349001","inside","storm",0,0,0,0,0,0,0
"NJ1349001","inside","total",116.66,0,223.32,106.66,0,0,0
"NJ1349001","inside","water",23.33,0,103.19,79.86,0,0,0
"NJ1350001","inside","sewer",7.64,0,38.54,30.9,0,0,0
"NJ1350001","inside","storm",0,0,0,0,0,0,0
"NJ1350001","inside","total",30.77,0,165,134.23,0,0,0
"NJ1350001","inside","water",23.13,0,126.46,103.33,0,0,0
"NJ1352003","inside","sewer",7.95,0,56.33,48.38,0,0,0
"NJ1352003","inside","storm",0,0,0,0,0,0,0
"NJ1352003","inside","total",15.9,0,112.66,96.76,0,0,0
"NJ1352003","inside","water",7.95,0,56.33,48.38,0,0,0
"NJ1401001","inside","sewer",32.63,0,32.63,0,0,0,0
"NJ1401001","inside","storm",0,0,0,0,0,0,0
"NJ1401001","inside","total",49.08,0,167.96,0,0,0,0
"NJ1401001","inside","water",16.45,0,135.33,118.88,0,0,0
"NJ1403001","inside","sewer",0,0,98.25,98.25,0,0,0
"NJ1403001","inside","storm",0,0,0,0,0,0,0
"NJ1403001","inside","total",0,0,187.58,173.25,0,0,0
"NJ1403001","inside","water",14.33,0,89.33,75,0,0,0
"NJ1408001","inside","sewer",35.33,0,35.33,0,0,0,0
"NJ1408001","inside","storm",0,0,0,0,0,0,0
"NJ1408001","inside","total",45.33,0,122.68,0,0,0,0
"NJ1408001","inside","water",10,0,87.35,77.35,0,0,0
"NJ1415002","inside","sewer",97.58,0,97.58,0,0,0,0
"NJ1415002","inside","storm",0,0,0,0,0,0,0
"NJ1415002","inside","total",111.24,0,223.74,0,0,0,0
"NJ1415002","inside","water",13.66,0,126.16,112.5,0,0,0
"NJ1416001","inside","sewer",50,0,50,0,0,0,0
"NJ1416001","inside","storm",0,0,0,0,0,0,0
"NJ1416001","inside","total",62.95,0,196.81,0,0,0,0
"NJ1416001","inside","water",12.95,0,146.81,133.86,0,0,0
"NJ1417001","inside","sewer",0,0,104.27,104.27,0,0,0
"NJ1417001","inside","storm",0,0,0,0,0,0,0
"NJ1417001","inside","total",0,0,170.69,163.93,0,0,0
"NJ1417001","inside","water",6.76,0,66.42,59.66,0,0,0
"NJ1420001","inside","sewer",70,0,70,0,0,0,0
"NJ1420001","inside","storm",0,0,0,0,0,0,0
"NJ1420001","inside","total",82.47,0,142.17,0,0,0,0
"NJ1420001","inside","water",12.47,0,72.17,59.7,0,0,0
"NJ1421003","inside","sewer",30.08,0,82.13,52.05,0,0,0
"NJ1421003","inside","storm",0,0,0,0,0,0,0
"NJ1421003","inside","total",0,0,151.88,121.8,0,0,0
"NJ1421003","inside","water",0,0,69.75,69.75,0,0,0
"NJ1424001","inside","sewer",36.64,0,58.32,50.84,0,0,0
"NJ1424001","inside","storm",0,0,0,0,0,0,0
"NJ1424001","inside","total",46,0,159.56,142.72,0,0,0
"NJ1424001","inside","water",9.36,0,101.24,91.88,0,0,0
"NJ1425001","inside","sewer",27.68,0,131.75,104.07,0,0,0
"NJ1425001","inside","storm",0,0,0,0,0,0,0
"NJ1425001","inside","total",44.43,0,198.38,153.95,0,0,0
"NJ1425001","inside","water",16.75,0,66.63,49.88,0,0,0
"NJ1426004","inside","sewer",62.5,0,112.75,50.25,0,0,0
"NJ1426004","inside","storm",0,0,0,0,0,0,0
"NJ1426004","inside","total",84.5,0,230,145.5,0,0,0
"NJ1426004","inside","water",22,0,117.25,95.25,0,0,0
"NJ1427005","inside","sewer",43.15,0,43.15,0,0,0,0
"NJ1427005","inside","storm",0,0,0,0,0,0,0
"NJ1427005","inside","total",60.15,0,105.85,0,0,0,0
"NJ1427005","inside","water",17,0,62.7,45.7,0,0,0
"NJ1427006","inside","sewer",43.15,0,43.15,0,0,0,0
"NJ1427006","inside","storm",0,0,0,0,0,0,0
"NJ1427006","inside","total",60.15,0,105.85,0,0,0,0
"NJ1427006","inside","water",17,0,62.7,45.7,0,0,0
"NJ1427007","inside","sewer",43.15,0,43.15,0,0,0,0
"NJ1427007","inside","storm",0,0,0,0,0,0,0
"NJ1427007","inside","total",60.15,0,105.85,0,0,0,0
"NJ1427007","inside","water",17,0,62.7,45.7,0,0,0
"NJ1427008","inside","sewer",43.15,0,43.15,0,0,0,0
"NJ1427008","inside","storm",0,0,0,0,0,0,0
"NJ1427008","inside","total",60.15,0,105.85,0,0,0,0
"NJ1427008","inside","water",17,0,62.7,45.7,0,0,0
"NJ1427015","inside","sewer",43.15,0,43.15,0,0,0,0
"NJ1427015","inside","storm",0,0,0,0,0,0,0
"NJ1427015","inside","total",60.15,0,105.85,0,0,0,0
"NJ1427015","inside","water",17,0,62.7,45.7,0,0,0
"NJ1427017","inside","sewer",7.64,0,38.54,30.9,0,0,0
"NJ1427017","inside","storm",0,0,0,0,0,0,0
"NJ1427017","inside","total",30.77,0,165,134.23,0,0,0
"NJ1427017","inside","water",23.13,0,126.46,103.33,0,0,0
"NJ1428001","inside","sewer",41.67,0,41.67,0,0,0,0
"NJ1428001","inside","storm",0,0,0,0,0,0,0
"NJ1428001","inside","total",70.67,0,133.92,0,0,0,0
"NJ1428001","inside","water",29,0,92.25,63.25,0,0,0
"NJ1431001","inside","sewer",82.33,0,82.33,0,0,0,0
"NJ1431001","inside","storm",0,0,0,0,0,0,0
"NJ1431001","inside","total",90.33,0,162.73,0,0,0,0
"NJ1431001","inside","water",8,0,80.4,72.4,0,0,0
"NJ1431002","inside","sewer",88,0,88,0,0,0,0
"NJ1431002","inside","storm",0,0,0,0,0,0,0
"NJ1431002","inside","total",96.33,0,174.58,0,0,0,0
"NJ1431002","inside","water",8.33,0,86.58,78.25,0,0,0
"NJ1432003","inside","sewer",54.9,0,54.9,0,0,0,0
"NJ1432003","inside","storm",0,0,0,0,0,0,0
"NJ1432003","inside","total",62.68,0,150.58,0,0,0,0
"NJ1432003","inside","water",7.78,0,95.68,87.9,0,0,0
"NJ1434001","inside","sewer",16.67,0,31.31,0,14.64,0,0
"NJ1434001","inside","storm",0,0,0,0,0,0,0
"NJ1434001","inside","total",44.34,0,176.52,0,14.64,0,0
"NJ1434001","inside","water",27.67,0,145.21,117.54,0,0,0
"NJ1434001","outside","sewer",83.33,0,83.33,0,0,0,0
"NJ1434001","outside","total",111,0,111,0,0,0,0
"NJ1434001","outside","water",27.67,0,27.67,0,0,0,0
"NJ1435002","inside","sewer",24.08,0,24.08,0,0,0,0
"NJ1435002","inside","storm",0,0,0,0,0,0,0
"NJ1435002","inside","total",27.41,0,129.32,0,0,0,0
"NJ1435002","inside","water",3.33,0,105.24,96.91,0,5,0
"NJ1436003","inside","sewer",46.67,0,46.67,0,0,0,0
"NJ1436003","inside","storm",0,0,0,0,0,0,0
"NJ1436003","inside","total",58.13,0,205.54,0,0,0,0
"NJ1436003","inside","water",11.46,0,158.87,147.41,0,0,0
"NJ1436004","inside","sewer",46.67,0,46.67,0,0,0,0
"NJ1436004","inside","storm",0,0,0,0,0,0,0
"NJ1436004","inside","total",58.13,0,205.54,0,0,0,0
"NJ1436004","inside","water",11.46,0,158.87,147.41,0,0,0
"NJ1438004","inside","sewer",24,0,78,54,0,0,0
"NJ1438004","inside","storm",0,0,0,0,0,0,0
"NJ1438004","inside","total",34.66,0,114.58,79.92,0,0,0
"NJ1438004","inside","water",10.66,0,36.58,25.92,0,0,0
"NJ1439001","inside","sewer",28.25,0,28.25,0,0,0,0
"NJ1439001","inside","storm",0,0,0,0,0,0,0
"NJ1439001","inside","total",0,1,127.51,0,0,0,0
"NJ1439001","inside","water",0,1,99.26,98.26,0,0,0
"NJ1501001","inside","sewer",29.58,0,29.58,0,0,0,0
"NJ1501001","inside","storm",0,0,0,0,0,0,0
"NJ1501001","inside","total",41.25,0,41.25,0,0,0,0
"NJ1501001","inside","water",11.67,0,11.67,0,0,0,0
"NJ1505002","inside","sewer",42.19,0,42.19,0,0,0,0
"NJ1505002","inside","storm",0,0,0,0,0,0,0
"NJ1505002","inside","total",62.81,0,159.59,0,0,0,0
"NJ1505002","inside","water",20.62,0,117.4,96.78,0,0,0
"NJ1506001","inside","sewer",21.68,0,130.22,108.54,0,0,0
"NJ1506001","inside","storm",0,0,0,0,0,0,0
"NJ1506001","inside","total",29.79,0,226.41,196.62,0,0,0
"NJ1506001","inside","water",8.11,0,96.19,88.08,0,0,0
"NJ1507005","inside","sewer",62.5,0,112.75,50.25,0,0,0
"NJ1507005","inside","storm",0,0,0,0,0,0,0
"NJ1507005","inside","total",84.5,0,230,145.5,0,0,0
"NJ1507005","inside","water",22,0,117.25,95.25,0,0,0
"NJ1510001","inside","sewer",35,0,79.33,44.33,0,0,0
"NJ1510001","inside","storm",0,0,0,0,0,0,0
"NJ1510001","inside","total",50.33,0,135.83,85.5,0,0,0
"NJ1510001","inside","water",15.33,0,56.5,41.17,0,0,0
"NJ1511001","inside","sewer",10,0,89.5,79.5,0,0,0
"NJ1511001","inside","storm",0,0,0,0,0,0,0
"NJ1511001","inside","total",24.67,0,162.92,138.25,0,0,0
"NJ1511001","inside","water",14.67,0,73.42,58.75,0,0,0
"NJ1512001","inside","sewer",25.5,0,69.5,44,0,0,0
"NJ1512001","inside","storm",0,0,0,0,0,0,0
"NJ1512001","inside","total",34.33,0,159.03,124.7,0,0,0
"NJ1512001","inside","water",8.83,0,89.53,80.7,0,0,0
"NJ1513001","inside","sewer",36.54,0,101.44,64.9,0,0,0
"NJ1513001","inside","storm",0,0,0,0,0,0,0
"NJ1513001","inside","total",54.54,0,202.1,147.56,0,0,0
"NJ1513001","inside","water",18,0,100.66,82.66,0,0,0
"NJ1514002","inside","sewer",31.52,0,47.72,16.2,0,0,0
"NJ1514002","inside","storm",0,0,0,0,0,0,0
"NJ1514002","inside","total",52.3,0,115.99,63.69,0,0,0
"NJ1514002","inside","water",20.78,0,68.27,47.49,0,0,0
"NJ1515001","inside","sewer",23,0,79.67,56.67,0,0,0
"NJ1515001","inside","storm",0,0,25,0,0,0,0
"NJ1515001","inside","total",41.33,0,138,96.67,0,0,0
"NJ1515001","inside","water",18.33,0,58.33,40,0,0,0
"NJ1516001","inside","sewer",34.67,0,94.67,60,0,0,0
"NJ1516001","inside","storm",0,0,0,0,0,0,0
"NJ1516001","inside","total",55.34,0,165.34,110,0,0,0
"NJ1516001","inside","water",20.67,0,70.67,50,0,0,0
"NJ1517001","inside","sewer",44.25,0,44.25,0,0,0,0
"NJ1517001","inside","storm",0,0,0,0,0,0,0
"NJ1517001","inside","total",49.83,0,108.93,0,0,0,0
"NJ1517001","inside","water",5.58,0,64.68,59.1,0,0,0
"NJ1517002","inside","sewer",44.25,0,44.25,0,0,0,0
"NJ1517002","inside","storm",0,0,0,0,0,0,0
"NJ1517002","inside","total",49.83,0,108.93,0,0,0,0
"NJ1517002","inside","water",5.58,0,64.68,59.1,0,0,0
"NJ1517003","inside","sewer",44.25,0,44.25,0,0,0,0
"NJ1517003","inside","storm",0,0,0,0,0,0,0
"NJ1517003","inside","total",49.83,0,108.93,0,0,0,0
"NJ1517003","inside","water",5.58,0,64.68,59.1,0,0,0
"NJ1517006","inside","sewer",44.25,0,44.25,0,0,0,0
"NJ1517006","inside","storm",0,0,0,0,0,0,0
"NJ1517006","inside","total",49.83,0,108.93,0,0,0,0
"NJ1517006","inside","water",5.58,0,64.68,59.1,0,0,0
"NJ1518005","inside","sewer",27.33,0,27.33,0,0,0,0
"NJ1518005","inside","storm",0,0,0,0,0,0,0
"NJ1518005","inside","total",31.2,0,62.7,0,0,0,0
"NJ1518005","inside","water",3.87,0,35.37,31.5,0,0,0
"NJ1522001","inside","sewer",33.33,0,33.33,0,0,0,0
"NJ1522001","inside","storm",0,0,0,0,0,0,0
"NJ1522001","inside","total",50,0,79.17,0,0,0,0
"NJ1522001","inside","water",16.67,0,45.84,29.17,0,0,0
"NJ1525001","inside","sewer",20.82,0,140.04,119.22,0,0,0
"NJ1525001","inside","storm",0,0,0,0,0,0,0
"NJ1525001","inside","total",37.86,0,254.58,216.72,0,0,0
"NJ1525001","inside","water",17.04,0,114.54,97.5,0,0,0
"NJ1526001","inside","sewer",21,0,141,120,0,0,0
"NJ1526001","inside","storm",0,0,0,0,0,0,0
"NJ1526001","inside","total",38,0,263,225,0,0,0
"NJ1526001","inside","water",17,0,122,105,0,0,0
"NJ1527001","inside","sewer",46.67,0,131,84.33,0,0,0
"NJ1527001","inside","storm",0,0,0,0,0,0,0
"NJ1527001","inside","total",70,0,196.45,126.45,0,0,0
"NJ1527001","inside","water",23.33,0,65.45,42.12,0,0,0
"NJ1528001","inside","sewer",36.67,0,36.67,0,0,0,0
"NJ1528001","inside","storm",0,0,0,0,0,0,0
"NJ1528001","inside","total",57.5,0,93.44,0,0,0,0
"NJ1528001","inside","water",20.83,0,56.77,35.94,0,0,0
"NJ1530004","inside","sewer",46.33,0,46.33,0,0,0,0
"NJ1530004","inside","storm",0,0,0,0,0,0,0
"NJ1530004","inside","total",66.66,0,102.6,0,0,0,0
"NJ1530004","inside","water",20.33,0,56.27,35.94,0,0,0
"NJ1531001","inside","sewer",28.33,0,28.33,0,0,0,0
"NJ1531001","inside","storm",0,0,0,0,0,0,0
"NJ1531001","inside","total",52.5,0,52.5,0,0,0,0
"NJ1531001","inside","water",24.17,0,24.17,0,0,0,0
"NJ1532002","inside","sewer",54.38,0,100.3,45.92,0,0,0
"NJ1532002","inside","storm",0,0,0,0,0,0,0
"NJ1532002","inside","total",84.49,0,176.33,91.84,0,0,0
"NJ1532002","inside","water",30.11,0,76.03,45.92,0,0,0
"NJ1533001","inside","sewer",35.67,0,55.44,19.77,0,0,0
"NJ1533001","inside","storm",0,0,0,0,0,0,0
"NJ1533001","inside","total",50.67,0,70.44,0,0,0,0
"NJ1533001","inside","water",15,0,15,0,0,0,0
"NJ1601001","inside","sewer",0,0,98.25,98.25,0,0,0
"NJ1601001","inside","storm",0,0,0,0,0,0,0
"NJ1601001","inside","total",0,0,187.58,173.25,0,0,0
"NJ1601001","inside","water",14.33,0,89.33,75,0,0,0
"NJ1605002","inside","sewer",17.55,0,57.27,39.72,0,0,0
"NJ1605002","inside","storm",0,0,0,0,0,0,0
"NJ1605002","inside","total",43.21,0,215.73,172.52,0,0,0
"NJ1605002","inside","water",25.66,0,158.46,132.8,0,0,0
"NJ1605002","outside","sewer",13.81,0,53.53,39.72,0,0,0
"NJ1605002","outside","total",51.83,0,152.31,100.48,0,0,0
"NJ1605002","outside","water",38.02,0,98.78,60.76,0,0,0
"NJ1609001","inside","sewer",39.33,0,39.33,0,0,0,0
"NJ1609001","inside","storm",0,0,0,0,0,0,0
"NJ1609001","inside","total",45,0,111.61,0,0,0,0
"NJ1609001","inside","water",5.67,0,72.28,66.61,0,0,0
"NJ1611002","inside","sewer",100,0,100,0,0,0,0
"NJ1611002","inside","storm",0,0,0,0,0,0,0
"NJ1611002","inside","total",113.71,0,199.69,0,0,0,0
"NJ1611002","inside","water",13.71,0,99.69,85.98,0,0,0
"NJ1612001","inside","sewer",33.33,0,33.33,0,0,0,0
"NJ1612001","inside","storm",0,0,0,0,0,0,0
"NJ1612001","inside","total",40.66,0,106.44,0,0,0,0
"NJ1612001","inside","water",7.33,0,73.11,65.78,0,0,0
"NJ1613002","inside","sewer",71.67,0,71.67,0,0,0,0
"NJ1613002","inside","storm",0,0,0,0,0,0,0
"NJ1613002","inside","total",121.67,0,165.17,0,0,0,0
"NJ1613002","inside","water",50,0,93.5,43.5,0,0,0
"NJ1614001","inside","sewer",39.33,0,39.33,0,0,0,0
"NJ1614001","inside","storm",0,0,0,0,0,0,0
"NJ1614001","inside","total",48.67,0,116.71,0,0,0,0
"NJ1614001","inside","water",9.34,0,77.38,68.04,0,0,0
"NJ1615002","inside","sewer",62.5,0,112.75,50.25,0,0,0
"NJ1615002","inside","storm",0,0,0,0,0,0,0
"NJ1615002","inside","total",84.5,0,230,145.5,0,0,0
"NJ1615002","inside","water",22,0,117.25,95.25,0,0,0
"NJ1615012","inside","sewer",62.5,0,112.75,50.25,0,0,0
"NJ1615012","inside","storm",0,0,0,0,0,0,0
"NJ1615012","inside","total",84.5,0,230,145.5,0,0,0
"NJ1615012","inside","water",22,0,117.25,95.25,0,0,0
"NJ1615014","inside","sewer",62.5,0,112.75,50.25,0,0,0
"NJ1615014","inside","storm",0,0,0,0,0,0,0
"NJ1615014","inside","total",84.5,0,230,145.5,0,0,0
"NJ1615014","inside","water",22,0,117.25,95.25,0,0,0
"NJ1615016","inside","sewer",62.5,0,112.75,50.25,0,0,0
"NJ1615016","inside","storm",0,0,0,0,0,0,0
"NJ1615016","inside","total",84.5,0,230,145.5,0,0,0
"NJ1615016","inside","water",22,0,117.25,95.25,0,0,0
"NJ1615018","inside","sewer",62.5,0,112.75,50.25,0,0,0
"NJ1615018","inside","storm",0,0,0,0,0,0,0
"NJ1615018","inside","total",84.5,0,230,145.5,0,0,0
"NJ1615018","inside","water",22,0,117.25,95.25,0,0,0
"NJ1615020","inside","sewer",62.5,0,112.75,50.25,0,0,0
"NJ1615020","inside","storm",0,0,0,0,0,0,0
"NJ1615020","inside","total",84.5,0,230,145.5,0,0,0
"NJ1615020","inside","water",22,0,117.25,95.25,0,0,0
"NJ1616001","inside","sewer",15,0,15,0,0,0,0
"NJ1616001","inside","storm",0,0,0,0,0,0,0
"NJ1616001","inside","total",39.34,0,103.31,0,0,0,0
"NJ1616001","inside","water",24.34,0,88.31,63.97,0,0,0
"NJ1707001","inside","sewer",51.67,0,51.67,0,0,0,0
"NJ1707001","inside","storm",0,0,0,0,0,0,0
"NJ1707001","inside","total",74.8,0,171.36,0,0,0,0
"NJ1707001","inside","water",23.13,0,119.69,96.56,0,0,0
"NJ1712001","inside","sewer",44.18,0,44.18,0,0,0,0
"NJ1712001","inside","storm",0,0,0,0,0,0,0
"NJ1712001","inside","total",68.15,0,150.27,0,0,0,0
"NJ1712001","inside","water",23.97,0,106.09,82.12,0,0,0
"NJ1715001","inside","sewer",51.08,31.25,150.33,68,0,0,0
"NJ1715001","inside","storm",0,0,0,0,0,0,0
"NJ1715001","inside","total",82.33,31.25,249.58,136,0,0,0
"NJ1715001","inside","water",31.25,0,99.25,68,0,0,0
"NJ1817001","inside","sewer",27.5,0,206.25,178.75,0,0,0
"NJ1817001","inside","storm",0,0,0,0,0,0,0
"NJ1817001","inside","total",36,0,270,234,0,0,0
"NJ1817001","inside","water",8.5,0,63.75,55.25,0,0,0
"NJ1904002","inside","sewer",62.5,0,112.75,50.25,0,0,0
"NJ1904002","inside","storm",0,0,0,0,0,0,0
"NJ1904002","inside","total",84.5,0,230,145.5,0,0,0
"NJ1904002","inside","water",22,0,117.25,95.25,0,0,0
"NJ1906002","inside","sewer",55.67,0,55.67,0,0,0,0
"NJ1906002","inside","storm",0,0,0,0,0,0,0
"NJ1906002","inside","total",72.34,0,135.67,0,0,0,0
"NJ1906002","inside","water",16.67,0,80,63.33,0,0,0
"NJ1909001","inside","sewer",65.94,0,65.94,0,0,0,0
"NJ1909001","inside","storm",0,0,0,0,0,0,0
"NJ1909001","inside","total",78.07,0,122.74,0,0,0,0
"NJ1909001","inside","water",12.13,0,56.8,44.67,0,0,0
"NJ1910003","inside","sewer",62.5,0,112.75,50.25,0,0,0
"NJ1910003","inside","storm",0,0,0,0,0,0,0
"NJ1910003","inside","total",84.5,0,230,145.5,0,0,0
"NJ1910003","inside","water",22,0,117.25,95.25,0,0,0
"NJ1912001","inside","sewer",100,0,100,0,0,0,0
"NJ1912001","inside","storm",0,0,0,0,0,0,0
"NJ1912001","inside","total",128.33,0,169.63,0,0,0,0
"NJ1912001","inside","water",28.33,0,69.63,41.3,0,0,0
"NJ1914002","inside","sewer",72.2,0,72.2,0,0,0,0
"NJ1914002","inside","storm",0,0,0,0,0,0,0
"NJ1914002","inside","total",84.14,0,220.94,0,0,0,0
"NJ1914002","inside","water",11.94,0,148.74,136.8,0,0,0
"NJ1915001","inside","sewer",15,0,117.5,102.5,0,0,0
"NJ1915001","inside","storm",0,0,0,0,0,0,0
"NJ1915001","inside","total",25,0,325.66,300.66,0,0,0
"NJ1915001","inside","water",10,0,208.16,198.16,0,0,0
"NJ1918003","inside","sewer",33.33,0,294.93,261.6,0,0,0
"NJ1918003","inside","storm",0,0,0,0,0,0,0
"NJ1918003","inside","total",46.33,0,375.43,329.1,0,0,0
"NJ1918003","inside","water",13,0,80.5,67.5,0,0,0
"NJ1918004","inside","sewer",33.33,0,294.93,261.6,0,0,0
"NJ1918004","inside","storm",0,0,0,0,0,0,0
"NJ1918004","inside","total",46.33,0,375.43,329.1,0,0,0
"NJ1918004","inside","water",13,0,80.5,67.5,0,0,0
"NJ1919001","inside","sewer",37.33,0,66.58,29.25,0,0,0
"NJ1919001","inside","storm",0,0,0,0,0,0,0
"NJ1919001","inside","total",68.33,0,120.08,51.75,0,0,0
"NJ1919001","inside","water",31,0,53.5,22.5,0,0,0
"NJ1921001","inside","sewer",48.21,0,154.47,106.26,0,0,0
"NJ1921001","inside","storm",0,0,0,0,0,0,0
"NJ1921001","inside","total",102.13,0,596.93,223.3,271.5,0,0
"NJ1921001","inside","water",53.92,0,442.46,117.04,271.5,0,0
"NJ1922008","inside","sewer",70.75,0,70.75,0,0,0,0
"NJ1922008","inside","storm",0,0,0,0,0,0,0
"NJ1922008","inside","total",91.37,0,188.15,0,0,0,0
"NJ1922008","inside","water",20.62,0,117.4,96.78,0,0,0
"NJ1922026","inside","sewer",62.5,0,112.75,50.25,0,0,0
"NJ1922026","inside","storm",0,0,0,0,0,0,0
"NJ1922026","inside","total",84.5,0,230,145.5,0,0,0
"NJ1922026","inside","water",22,0,117.25,95.25,0,0,0
"NJ2004001","inside","sewer",7.64,0,38.54,30.9,0,0,0
"NJ2004001","inside","storm",0,0,0,0,0,0,0
"NJ2004001","inside","total",30.77,0,165,134.23,0,0,0
"NJ2004001","inside","water",23.13,0,126.46,103.33,0,0,0
"NJ2004002","inside","sewer",7.64,0,38.54,30.9,0,0,0
"NJ2004002","inside","storm",0,0,0,0,0,0,0
"NJ2004002","inside","total",30.77,0,165,134.23,0,0,0
"NJ2004002","inside","water",23.13,0,126.46,103.33,0,0,0
"NJ2101001","inside","sewer",28.98,0,89.58,60.6,0,0,0
"NJ2101001","inside","storm",0,0,0,0,0,0,0
"NJ2101001","inside","total",37.67,0,145.52,107.85,0,0,0
"NJ2101001","inside","water",8.69,0,55.94,47.25,0,0,0
"NJ2102001","inside","sewer",13.33,0,148.33,135,0,0,0
"NJ2102001","inside","storm",0,0,0,0,0,0,0
"NJ2102001","inside","total",31.66,0,223.66,192,0,0,0
"NJ2102001","inside","water",18.33,0,75.33,57,0,0,0
"NJ2108001","inside","sewer",22.89,21.61,44.5,0,0,0,0
"NJ2108001","inside","storm",0,0,0,0,0,0,0
"NJ2108001","inside","total",30.9,32.76,106.19,0,0,0,0
"NJ2108001","inside","water",8.01,11.15,61.69,42.53,0,0,0
"NJ2119001","inside","sewer",42.19,0,42.19,0,0,0,0
"NJ2119001","inside","storm",0,0,0,0,0,0,0
"NJ2119001","inside","total",62.81,0,159.59,0,0,0,0
"NJ2119001","inside","water",20.62,0,117.4,96.78,0,0,0
"NM3500115","inside","sewer",43.84,0,43.84,0,0,0,0
"NM3500115","inside","storm",0,0,0,0,0,0,0
"NM3500115","inside","total",54.8,0,142.55,0,0,0,0
"NM3500115","inside","water",10.96,0,98.71,87.75,0,0,0
"NM3500132","inside","sewer",28.58,0,119.27,93.3,-2.61,0,0
"NM3500132","inside","storm",0,0,0,0,0,0,0
"NM3500132","inside","total",47.9,0,172.08,126.79,-2.61,0,0
"NM3500132","inside","water",19.32,0,52.81,33.49,0,0,0
"NM3500326","inside","sewer",25,0,25,0,0,0,0
"NM3500326","inside","storm",0,0,0,0,0,0,0
"NM3500326","inside","total",45.78,0,157.13,0,0,0,0
"NM3500326","inside","water",20.78,0,132.13,111.35,0,0,0
"NM3500623","inside","sewer",32.89,0,32.89,0,0,0,0
"NM3500623","inside","storm",0,0,0,0,0,0,0
"NM3500623","inside","total",0,0,345.75,0,0,0,0
"NM3500623","inside","water",0,0,312.86,232.48,0,80.38,0
"NM3500826","inside","sewer",9.47,0,87.02,77.55,0,0,0
"NM3500826","inside","storm",0,0,0,0,0,0,0
"NM3500826","inside","total",33.22,0,299.56,266.34,0,0,0
"NM3500826","inside","water",23.75,0,212.54,188.79,0,0,0
"NM3502407","inside","sewer",12.36,0,39.36,27,0,0,0
"NM3502407","inside","storm",0,0,0,0,0,0,0
"NM3502407","inside","total",33.09,0,115.65,82.56,0,0,0
"NM3502407","inside","water",20.73,0,76.29,55.56,0,0,0
"NM3502507","inside","sewer",20.62,0,50.78,30.16,0,0,0
"NM3502507","inside","storm",0,0,0,0,0,0,0
"NM3502507","inside","total",35.62,0,95.78,60.16,0,0,0
"NM3502507","inside","water",15,0,45,30,0,0,0
"NM3503129","inside","sewer",27.25,0,27.25,0,0,0,0
"NM3503129","inside","storm",0,0,0,0,0,0,0
"NM3503129","inside","total",0,0,138.64,0,0,0,0
"NM3503129","inside","water",0,0,111.39,68.59,0,42.8,0
"NM3505126","inside","sewer",7.53,0,77.13,69.6,0,0,0
"NM3505126","inside","storm",0,0,5.5,0,0,0,0
"NM3505126","inside","total",25.95,0,288.22,262.27,0,0,0
"NM3505126","inside","water",18.42,0,211.09,192.67,0,0,0
"NM3505126","outside","sewer",5.42,0,76.97,71.55,0,0,0
"NM3505126","outside","total",23.84,0,288.06,264.22,0,0,0
"NM3505126","outside","water",18.42,0,211.09,192.67,0,0,0
"NM3508923","inside","sewer",28,0,86.6,58.6,0,0,0
"NM3508923","inside","storm",0,0,0,0,0,0,0
"NM3508923","inside","total",51.5,0,145.85,94.35,0,0,0
"NM3508923","inside","water",23.5,0,59.25,35.75,0,0,0
"NM3508923","outside","sewer",56,0,114.6,58.6,0,0,0
"NM3508923","outside","total",103,0,197.35,94.35,0,0,0
"NM3508923","outside","water",47,0,82.75,35.75,0,0,0
"NM3509623","inside","sewer",14.82,0,170.82,156,0,0,0
"NM3509623","inside","storm",0,0,0,0,0,0,0
"NM3509623","inside","total",26.76,0,271.79,245.03,0,0,0
"NM3509623","inside","water",11.94,0,100.97,89.03,0,0,0
"NM3509824","inside","sewer",18,13.95,91.95,60,0,0,0
"NM3509824","inside","storm",0,0,0,0,0,0,0
"NM3509824","inside","total",35.2,19.6,167.3,112.5,0,0,0
"NM3509824","inside","water",17.2,5.65,75.35,52.5,0,0,0
"NM3509824","outside","sewer",27,13.95,130.95,90,0,0,0
"NM3509824","outside","total",52.8,19.6,241.13,168.73,0,0,0
"NM3509824","outside","water",25.8,5.65,110.18,78.73,0,0,0
"NM3510124","inside","sewer",16.62,2.5,87.67,68.55,0,0,0
"NM3510124","inside","storm",0,0,0,0,0,0,0
"NM3510124","inside","total",33.24,5,175.34,137.1,0,0,0
"NM3510124","inside","water",16.62,2.5,87.67,68.55,0,0,0
"NM3510124","outside","sewer",24.34,2.5,129.74,102.9,0,0,0
"NM3510124","outside","total",48.68,5,259.48,205.8,0,0,0
"NM3510124","outside","water",24.34,2.5,129.74,102.9,0,0,0
"NM3510224","inside","sewer",19.46,0,65.21,45.75,0,0,0
"NM3510224","inside","storm",0,0,0,0,0,0,0
"NM3510224","inside","total",44.29,0,135.67,90.78,0.6,0,0
"NM3510224","inside","water",24.83,0,70.46,45.03,0.6,0,0
"NM3510224","outside","sewer",29.19,0,97.81,68.62,0,0,0
"NM3510224","outside","total",54.02,0,167.67,113.65,0,0,0
"NM3510224","outside","water",24.83,0,69.86,45.03,0,0,0
"NM3510701","inside","sewer",2.99,0,35.03,32.04,0,0,0
"NM3510701","inside","storm",0,0,0,0,0,0,0
"NM3510701","inside","total",12.78,0,85.77,72.51,0.48,0,0
"NM3510701","inside","water",9.79,0,50.74,40.47,0.48,0,0
"NM3511707","inside","sewer",8.26,0,54.05,45.79,0,0,0
"NM3511707","inside","storm",0,0,0,0,0,0,0
"NM3511707","inside","total",21.86,0,103.61,81.75,0,0,0
"NM3511707","inside","water",13.6,0,49.56,35.96,0,0,0
"NM3511707","outside","sewer",13.63,0,89.19,75.56,0,0,0
"NM3511707","outside","total",32.1,0,156.49,124.39,0,0,0
"NM3511707","outside","water",18.47,0,67.3,48.83,0,0,0
"NM3513114","inside","sewer",10.3,0,40.33,30.03,0,0,0
"NM3513114","inside","storm",0,0,0,0,0,0,0
"NM3513114","inside","total",27.3,10.46,229.74,191.98,0,0,0
"NM3513114","inside","water",17,10.46,189.41,161.95,0,0,0
"NM3513114","outside","sewer",10.3,0,40.33,30.03,0,0,0
"NM3513114","outside","total",44.3,20.93,419.17,353.94,0,0,0
"NM3513114","outside","water",34,20.93,378.84,323.91,0,0,0
"NM3513319","inside","sewer",13.6,0,34.35,20.75,0,0,0
"NM3513319","inside","storm",0,0,0,0,0,0,0
"NM3513319","inside","total",27.5,0,81.85,54.35,0,0,0
"NM3513319","inside","water",13.9,0,47.5,33.6,0,0,0
"NM3513319","outside","sewer",27.2,0,68.71,41.51,0,0,0
"NM3513319","outside","total",55,0,163.71,108.71,0,0,0
"NM3513319","outside","water",27.8,0,95,67.2,0,0,0
"NM3518025","inside","sewer",13.9,0,107.5,93.6,0,0,0
"NM3518025","inside","storm",0,0,0,0,0,0,0
"NM3518025","inside","total",32.66,0,400.58,367.92,0,0,0
"NM3518025","inside","water",18.76,0,293.08,274.32,0,0,0
"NM3518025","outside","sewer",20.89,0,161.29,140.4,0,0,0
"NM3518025","outside","total",49.09,0,601.02,551.93,0,0,0
"NM3518025","outside","water",28.2,0,439.73,411.53,0,0,0
"NM3520203","inside","sewer",9.67,0,31.27,21.6,0,0,0
"NM3520203","inside","storm",0,0,0,0,0,0,0
"NM3520203","inside","total",25.67,0,70.9,45.23,0,0,0
"NM3520203","inside","water",16,0,39.63,23.63,0,0,0
"NM3520308","inside","sewer",13.48,0,35.24,21.76,0,0,0
"NM3520308","inside","storm",0,0,0,0,0,0,0
"NM3520308","inside","total",21.93,0,59.84,37.91,0,0,0
"NM3520308","inside","water",8.45,0,24.6,16.15,0,0,0
"NM3520308","outside","sewer",15.1,0,40.75,25.65,0,0,0
"NM3520308","outside","total",33.4,0,85.7,52.3,0,0,0
"NM3520308","outside","water",18.3,0,44.95,26.65,0,0,0
"NM3520608","inside","sewer",20.3,0,52.56,32.26,0,0,0
"NM3520608","inside","storm",0,0,0,0,0,0,0
"NM3520608","inside","total",31.47,0,80.7,48.78,0.45,0,0
"NM3520608","inside","water",11.17,0,28.14,16.52,0.45,0,0
"NM3520608","outside","sewer",20.3,0,52.56,32.26,0,0,0
"NM3520608","outside","total",48.25,0,122.15,73.45,0.45,0,0
"NM3520608","outside","water",27.95,0,69.59,41.19,0.45,0,0
"NM3521513","inside","sewer",0,0,27.72,0,0,27.72,0
"NM3521513","inside","storm",0,0,0,0,0,0,0
"NM3521513","inside","total",0,0,56.02,0,0,0,0
"NM3521513","inside","water",16,0,28.3,12.3,0,0,0
"NM3521513","outside","sewer",0,0,41.58,0,0,41.58,0
"NM3521513","outside","total",0,0,84.03,0,0,0,0
"NM3521513","outside","water",24,0,42.45,18.45,0,0,0
"NM3521613","inside","sewer",8.6,0,68.66,60.06,0,0,0
"NM3521613","inside","storm",0,0,0,0,0,0,0
"NM3521613","inside","total",15.1,0,100.97,85.87,0,0,0
"NM3521613","inside","water",6.5,0,32.31,25.81,0,0,0
"NM3521613","outside","sewer",8.6,0,68.66,60.06,0,0,0
"NM3521613","outside","total",18.35,0,117.19,98.84,0,0,0
"NM3521613","outside","water",9.75,0,48.53,38.78,0,0,0
"NM3521813","inside","sewer",15.26,0,27.74,12.48,0,0,0
"NM3521813","inside","storm",0,0,0,0,0,0,0
"NM3521813","inside","total",36.41,0,71.33,34.92,0,0,0
"NM3521813","inside","water",21.15,0,43.59,22.44,0,0,0
"NM3522609","inside","sewer",6.5,0,24.5,18,0,0,0
"NM3522609","inside","storm",0,0,0,0,0,0,0
"NM3522609","inside","total",16.75,0,94.7,77.95,0,0,0
"NM3522609","inside","water",10.25,0,70.2,59.95,0,0,0
"NM3522609","outside","sewer",13.26,0,31.26,18,0,0,0
"NM3522609","outside","total",31.28,0,147.67,116.39,0,0,0
"NM3522609","outside","water",18.02,0,116.41,98.39,0,0,0
"NM3523528","inside","sewer",17.25,0,42.55,25.3,0,0,0
"NM3523528","inside","storm",0,0,0,0,0,0,0
"NM3523528","inside","total",43.25,0,140.37,97.12,0,0,0
"NM3523528","inside","water",26,0,97.82,71.82,0,0,0
"NM3523528","outside","sewer",17.25,0,42.55,25.3,0,0,0
"NM3523528","outside","total",49.76,0,164.89,115.13,0,0,0
"NM3523528","outside","water",32.51,0,122.34,89.83,0,0,0
"NM3523728","inside","sewer",19.75,0,59.35,39.6,0,0,0
"NM3523728","inside","storm",0,0,0,0,0,0,0
"NM3523728","inside","total",27.5,0,109.82,82.32,0,0,0
"NM3523728","inside","water",7.75,0,50.47,42.72,0,0,0
"NM3524330","inside","sewer",15,0,15,0,0,0,0
"NM3524330","inside","storm",0,0,0,0,0,0,0
"NM3524330","inside","total",31,0,55.05,0,0,0,0
"NM3524330","inside","water",16,0,40.05,24.05,0,0,0
"NM3524330","outside","sewer",15,0,15,0,0,0,0
"NM3524330","outside","total",39,0,75.07,0,0,0,0
"NM3524330","outside","water",24,0,60.07,36.07,0,0,0
"NM3524626","inside","sewer",5.19,0,5.19,0,0,0,0
"NM3524626","inside","storm",0,0,0,0,0,0,0
"NM3524626","inside","total",23.73,0,118.53,0,0,0,0
"NM3524626","inside","water",18.54,0,113.34,94.8,0,0,0
"NM3524932","inside","sewer",27.66,0,130.01,102.35,0,0,0
"NM3524932","inside","storm",0,0,0,0,0,0,0
"NM3524932","inside","total",49.88,0,195.77,145.89,0,0,0
"NM3524932","inside","water",22.22,0,65.76,43.54,0,0,0
"NM3524932","outside","sewer",27.66,0,130.01,102.35,0,0,0
"NM3524932","outside","total",71.21,0,229.38,158.17,0,0,0
"NM3524932","outside","water",43.55,0,99.37,55.82,0,0,0
"NM3525332","inside","sewer",31.59,0,80.34,48.75,0,0,0
"NM3525332","inside","storm",0,0,0,0,0,0,0
"NM3525332","inside","total",56.58,0,160.58,104,0,0,0
"NM3525332","inside","water",24.99,0,80.24,55.25,0,0,0
"NM3525332","outside","sewer",40.92,0,89.67,48.75,0,0,0
"NM3525332","outside","total",75.27,0,179.27,104,0,0,0
"NM3525332","outside","water",34.35,0,89.6,55.25,0,0,0
"NM3526704","inside","sewer",11.75,0,47.13,35.38,0,0,0
"NM3526704","inside","storm",0,0,0,0,0,0,0
"NM3526704","inside","total",25.5,0,97.45,71.95,0,0,0
"NM3526704","inside","water",13.75,0,50.32,36.57,0,0,0
"NM3526704","outside","sewer",11.75,0,47.13,35.38,0,0,0
"NM3526704","outside","total",26.3,0,129.18,102.88,0,0,0
"NM3526704","outside","water",14.55,0,82.05,67.5,0,0,0
"NM3526811","inside","sewer",16,0,16,0,0,0,0
"NM3526811","inside","storm",0,0,0,0,0,0,0
"NM3526811","inside","total",34,0,131.97,0,0,0,0
"NM3526811","inside","water",18,0,115.97,97.97,0,0,0
"NM3527305","inside","sewer",58.94,-7.3,51.64,0,0,0,0
"NM3527305","inside","storm",0,0,0,0,0,0,0
"NM3527305","inside","total",74,-7.3,136.05,0,0,0,0
"NM3527305","inside","water",15.06,0,84.41,69.35,0,0,0
"NM3528020","inside","sewer",20,0,59,39,0,0,0
"NM3528020","inside","storm",0,0,0,0,0,0,0
"NM3528020","inside","total",35,0,111.63,76.63,0,0,0
"NM3528020","inside","water",15,0,52.63,37.63,0,0,0
"NM3528020","outside","sewer",24,0,72.75,48.75,0,0,0
"NM3528020","outside","total",46.45,0,150.31,103.86,0,0,0
"NM3528020","outside","water",22.45,0,77.56,55.11,0,0,0
"NM3528222","inside","sewer",32.89,0,32.89,0,0,0,0
"NM3528222","inside","storm",0,0,0,0,0,0,0
"NM3528222","inside","total",62.89,0,85.39,0,0,0,0
"NM3528222","inside","water",30,0,52.5,22.5,0,0,0
"NM3528522","inside","sewer",12.46,0,35.86,23.4,0,0,0
"NM3528522","inside","storm",0,0,0,0,0,0,0
"NM3528522","inside","total",29.14,0,84.2,55.06,0,0,0
"NM3528522","inside","water",16.68,0,48.34,31.66,0,0,0
"NM3528616","inside","sewer",18.5,0,166.78,148.28,0,0,0
"NM3528616","inside","storm",0,0,0,0,0,0,0
"NM3528616","inside","total",23,0,216.04,193.04,0,0,0
"NM3528616","inside","water",4.5,0,49.26,44.76,0,0,0
"NM3530827","inside","sewer",40,0,40,0,0,0,0
"NM3530827","inside","storm",0,0,0,0,0,0,0
"NM3530827","inside","total",61.09,0,125.29,0,0,0,0
"NM3530827","inside","water",21.09,0,85.29,64.2,0,0,0
"NM3531804","inside","sewer",14.97,0,31.53,16.56,0,0,0
"NM3531804","inside","storm",0,0,0,0,0,0,0
"NM3531804","inside","total",40.66,0,140.94,100.28,0,0,0
"NM3531804","inside","water",25.69,0,109.41,83.72,0,0,0
"NM3531904","inside","sewer",34.59,0,202.44,167.85,0,0,0
"NM3531904","inside","storm",0,0,0,0,0,0,0
"NM3531904","inside","total",68.28,0,331.71,263.43,0,0,0
"NM3531904","inside","water",33.69,0,129.27,95.58,0,0,0
"NM3531904","outside","sewer",51.88,0,303.66,251.78,0,0,0
"NM3531904","outside","total",102.41,0,497.56,395.15,0,0,0
"NM3531904","outside","water",50.53,0,193.9,143.37,0,0,0
"NM3532032","inside","sewer",31.59,0,80.34,48.75,0,0,0
"NM3532032","inside","storm",0,0,0,0,0,0,0
"NM3532032","inside","total",52.68,0,165.63,112.95,0,0,0
"NM3532032","inside","water",21.09,0,85.29,64.2,0,0,0
"NM3532032","outside","sewer",40.92,0,89.67,48.75,0,0,0
"NM3532032","outside","total",62.01,0,174.96,112.95,0,0,0
"NM3532032","outside","water",21.09,0,85.29,64.2,0,0,0
"NM3537326","inside","sewer",32.89,0,32.89,0,0,0,0
"NM3537326","inside","storm",0,0,0,0,0,0,0
"NM3537326","inside","total",59.48,0,360.51,0,0,0,0
"NM3537326","inside","water",26.59,0,327.62,301.03,0,0,0
"NM3537326","outside","sewer",32.89,0,32.89,0,0,0,0
"NM3537326","outside","total",91.28,0,392.31,0,0,0,0
"NM3537326","outside","water",58.39,0,359.42,301.03,0,0,0
"NM3554307","inside","sewer",17.41,0,67.9,50.49,0,0,0
"NM3554307","inside","storm",0,0,0,0,0,0,0
"NM3554307","inside","total",37.03,0,135.12,98.09,0,0,0
"NM3554307","inside","water",19.62,0,67.22,47.6,0,0,0
"NM3558514","inside","sewer",49.04,0,133.04,84,0,0,0
"NM3558514","inside","storm",0,0,0,0,0,0,0
"NM3558514","inside","total",88.13,9.18,266.44,169.13,0,0,0
"NM3558514","inside","water",39.09,9.18,133.4,85.13,0,0,0
"NM3560007","inside","sewer",11.5,0,26.57,15.07,0,0,0
"NM3560007","inside","storm",0,0,0,0,0,0,0
"NM3560007","inside","total",22.39,0,62.44,40.05,0,0,0
"NM3560007","inside","water",10.89,0,35.87,24.98,0,0,0
"NM3560007","outside","sewer",30,0,45.07,15.07,0,0,0
"NM3560007","outside","total",48.58,0,88.63,40.05,0,0,0
"NM3560007","outside","water",18.58,0,43.56,24.98,0,0,0
"NM3573627","inside","sewer",40,0,40,0,0,0,0
"NM3573627","inside","storm",0,0,0,0,0,0,0
"NM3573627","inside","total",62.59,0,111.34,0,0,0,0
"NM3573627","inside","water",22.59,0,71.34,48.75,0,0,0
"NM3580232","inside","sewer",28.58,0,119.27,93.3,-2.61,0,0
"NM3580232","inside","storm",0,0,0,0,0,0,0
"NM3580232","inside","total",48.86,0,174.06,126.79,-1.59,0,0
"NM3580232","inside","water",20.28,0,54.79,33.49,1.02,0,0
"TX0010001","inside","sewer",8.72,8.92,97.59,53.95,26,0,0
"TX0010001","inside","storm",0,0,0,0,0,0,0
"TX0010001","inside","total",15.97,8.92,191.41,140.52,26,0,0
"TX0010001","inside","water",7.25,0,93.82,86.57,0,0,0
"TX0010001","outside","sewer",8.72,8.92,120.65,69.51,33.5,0,0
"TX0010001","outside","total",15.97,8.92,239.45,181.06,33.5,0,0
"TX0010001","outside","water",7.25,0,118.8,111.55,0,0,0
"TX0010004","inside","sewer",32.89,0,32.89,0,0,0,0
"TX0010004","inside","storm",0,0,0,0,0,0,0
"TX0010004","inside","total",50.89,0,66.19,0,0,0,0
"TX0010004","inside","water",18,0,33.3,15.3,0,0,0
"TX0010018","inside","sewer",32.89,0,32.89,0,0,0,0
"TX0010018","inside","storm",0,0,0,0,0,0,0
"TX0010018","inside","total",58.32,0,137.99,0,0,0,0
"TX0010018","inside","water",25.43,0,105.1,79.67,0,0,0
"TX0010021","inside","sewer",32.89,0,32.89,0,0,0,0
"TX0010021","inside","storm",0,0,0,0,0,0,0
"TX0010021","inside","total",62.89,0,185.09,0,0,0,0
"TX0010021","inside","water",30,0,152.2,122.2,0,0,0
"TX0030026","inside","sewer",32.89,0,32.89,0,0,0,0
"TX0030026","inside","storm",0,0,0,0,0,0,0
"TX0030026","inside","total",52.89,0,61.14,0,0,0,0
"TX0030026","inside","water",20,0,28.25,8.25,0,0,0
"TX0030030","inside","sewer",23,0,23,0,0,0,0
"TX0030030","inside","storm",0,0,0,0,0,0,0
"TX0030030","inside","total",43,0,123.99,0,0,0,0
"TX0030030","inside","water",20,0,100.99,80.99,0,0,0
"TX0030030","outside","sewer",30,0,30,0,0,0,0
"TX0030030","outside","total",60,0,140.99,0,0,0,0
"TX0030030","outside","water",30,0,110.99,80.99,0,0,0
"TX0030102","inside","sewer",48.42,0,48.42,0,0,0,0
"TX0030102","inside","storm",0,0,0,0,0,0,0
"TX0030102","inside","total",78.25,0,111.59,0,0,0,0
"TX0030102","inside","water",29.83,0,63.17,33.34,0,0,0
"TX0030102","outside","sewer",72.63,0,72.63,0,0,0,0
"TX0030102","outside","total",117.38,0,150.72,0,0,0,0
"TX0030102","outside","water",44.75,0,78.09,33.34,0,0,0
"TX0040002","inside","sewer",21.95,0,83.22,61.27,0,0,0
"TX0040002","inside","storm",0,0,0,0,0,0,0
"TX0040002","inside","total",42.65,0,183.58,140.93,0,0,0
"TX0040002","inside","water",20.7,0,100.36,79.66,0,0,0
"TX0040002","outside","sewer",30.74,0,116.6,85.86,0,0,0
"TX0040002","outside","total",59.24,0,256.69,197.45,0,0,0
"TX0040002","outside","water",28.5,0,140.09,111.59,0,0,0
"TX0040015","inside","sewer",32.89,0,32.89,0,0,0,0
"TX0040015","inside","storm",0,0,0,0,0,0,0
"TX0040015","inside","total",77.89,0,151.88,0,0,0,0
"TX0040015","inside","water",45,0,118.99,73.99,0,0,0
"TX0070002","inside","sewer",27.5,0,56.2,28.7,0,0,0
"TX0070002","inside","storm",0,0,0,0,0,0,0
"TX0070002","inside","total",50.68,0,110.43,59.75,0,0,0
"TX0070002","inside","water",23.18,0,54.23,31.05,0,0,0
"TX0070002","outside","sewer",35.5,0,83.32,47.82,0,0,0
"TX0070002","outside","total",68.17,0,155.74,87.57,0,0,0
"TX0070002","outside","water",32.67,0,72.42,39.75,0,0,0
"TX0070003","inside","sewer",21,0,52.55,31.55,0,0,0
"TX0070003","inside","storm",0,0,0,0,0,0,0
"TX0070003","inside","total",36.05,0,103.35,67.3,0,0,0
"TX0070003","inside","water",15.05,0,50.8,35.75,0,0,0
"TX0070003","outside","sewer",22.79,0,56.84,34.05,0,0,0
"TX0070003","outside","total",51.29,0,123.34,72.05,0,0,0
"TX0070003","outside","water",28.5,0,66.5,38,0,0,0
"TX0070004","inside","sewer",18,0,41.5,23.5,0,0,0
"TX0070004","inside","storm",0,0,0,0,0,0,0
"TX0070004","inside","total",30,0,91.49,61.49,0,0,0
"TX0070004","inside","water",12,0,49.99,37.99,0,0,0
"TX0070004","outside","sewer",18,0,41.5,23.5,0,0,0
"TX0070004","outside","total",36,0,116.49,80.49,0,0,0
"TX0070004","outside","water",18,0,74.99,56.99,0,0,0
"TX0070005","inside","sewer",15.5,0,69.5,54,0,0,0
"TX0070005","inside","storm",0,0,0,0,0,0,0
"TX0070005","inside","total",48.95,0,189.65,140.7,0,0,0
"TX0070005","inside","water",33.45,0,120.15,86.7,0,0,0
"TX0070005","outside","sewer",15.5,0,69.5,54,0,0,0
"TX0070005","outside","total",62.79,0,203.49,140.7,0,0,0
"TX0070005","outside","water",47.29,0,133.99,86.7,0,0,0
"TX0080002","inside","sewer",21,0,51.45,30.45,0,0,0
"TX0080002","inside","storm",0,0,0,0,0,0,0
"TX0080002","inside","total",39,0,127.45,88.45,0,0,0
"TX0080002","inside","water",18,0,76,58,0,0,0
"TX0080015","inside","sewer",16.7,0,41.9,25.2,0,0,0
"TX0080015","inside","storm",0,0,0,0,0,0,0
"TX0080015","inside","total",36.65,0,95.84,59.19,0,0,0
"TX0080015","inside","water",19.95,0,53.94,33.99,0,0,0
"TX0080015","outside","sewer",16.7,0,73.4,56.7,0,0,0
"TX0080015","outside","total",36.65,0,171.59,134.94,0,0,0
"TX0080015","outside","water",19.95,0,98.19,78.24,0,0,0
"TX0100011","inside","sewer",32.89,0,32.89,0,0,0,0
"TX0100011","inside","storm",0,0,0,0,0,0,0
"TX0100011","inside","total",72.89,0,115.39,0,0,0,0
"TX0100011","inside","water",40,0,82.5,42.5,0,0,0
"TX0110002","inside","sewer",32,0,92,60,0,0,0
"TX0110002","inside","storm",0,0,0,0,0,0,0
"TX0110002","inside","total",72,0,186.58,114.58,0,0,0
"TX0110002","inside","water",40,0,94.58,54.58,0,0,0
"TX0110003","inside","sewer",10.5,0,68.25,57.75,0,0,0
"TX0110003","inside","storm",0,0,0,0,0,0,0
"TX0110003","inside","total",27,0,125.05,98.05,0,0,0
"TX0110003","inside","water",16.5,0,56.8,40.3,0,0,0
"TX0110003","outside","sewer",15,0,101.25,86.25,0,0,0
"TX0110003","outside","total",42.5,0,193.75,151.25,0,0,0
"TX0110003","outside","water",27.5,0,92.5,65,0,0,0
"TX0140025","inside","sewer",32.89,0,32.89,0,0,0,0
"TX0140025","inside","storm",0,0,0,0,0,0,0
"TX0140025","inside","total",72.89,0,143.94,0,0,0,0
"TX0140025","inside","water",40,0,111.05,71.05,0,0,0
"TX0140037","inside","sewer",12,0,57,45,0,0,0
"TX0140037","inside","storm",0,0,2,0,0,0,0
"TX0140037","inside","total",26,0,145.25,119.25,0,0,0
"TX0140037","inside","water",14,0,88.25,74.25,0,0,0
"TX0140116","inside","sewer",83.04,0,83.04,0,0,0,0
"TX0140116","inside","storm",0,0,0,0,0,0,0
"TX0140116","inside","total",128.04,0,199.43,0,0,0,0
"TX0140116","inside","water",45,0,116.39,71.39,0,0,0
"TX0150082","inside","sewer",32.89,0,32.89,0,0,0,0
"TX0150082","inside","storm",0,0,0,0,0,0,0
"TX0150082","inside","total",63.89,0,158.31,0,0,0,0
"TX0150082","inside","water",31,0,125.42,94.42,0,0,0
"TX0150178","inside","sewer",15.08,0,102.43,87.35,0,0,0
"TX0150178","inside","storm",0,0,0,0,0,0,0
"TX0150178","inside","total",27.65,0,207.37,179.72,0,0,0
"TX0150178","inside","water",12.57,0,104.94,92.37,0,0,0
"TX0150492","inside","sewer",31.03,0,66.4,35.37,0,0,0
"TX0150492","inside","storm",0,0,4.12,0,0,0,0
"TX0150492","inside","total",41.09,0,106.67,61.81,3.77,0,0
"TX0150492","inside","water",10.06,0,40.27,26.44,3.77,0,0
"TX0180001","inside","sewer",20.95,0,66.95,46,0,0,0
"TX0180001","inside","storm",0,0,0,0,0,0,0
"TX0180001","inside","total",65.48,1,170.35,103.87,0,0,0
"TX0180001","inside","water",44.53,1,103.4,57.87,0,0,0
"TX0180003","inside","sewer",19,0,19,0,0,0,0
"TX0180003","inside","storm",0,0,0,0,0,0,0
"TX0180003","inside","total",43,0,78,0,0,0,0
"TX0180003","inside","water",24,0,59,35,0,0,0
"TX0180003","outside","sewer",19,0,19,0,0,0,0
"TX0180003","outside","total",76,0,153.49,0,0,0,0
"TX0180003","outside","water",57,0,134.49,77.49,0,0,0
"TX0180020","inside","sewer",20,0,46.25,26.25,0,0,0
"TX0180020","inside","storm",0,0,0,0,0,0,0
"TX0180020","inside","total",50,0,121.24,71.24,0,0,0
"TX0180020","inside","water",30,0,74.99,44.99,0,0,0
"TX0180026","inside","sewer",32.89,0,32.89,0,0,0,0
"TX0180026","inside","storm",0,0,0,0,0,0,0
"TX0180026","inside","total",67.89,0,126.39,0,0,0,0
"TX0180026","inside","water",35,0,93.5,58.5,0,0,0
"TX0190002","inside","sewer",19.5,0,78.65,59.15,0,0,0
"TX0190002","inside","storm",0,0,0,0,0,0,0
"TX0190002","inside","total",39.5,0,179.24,139.74,0,0,0
"TX0190002","inside","water",20,0,100.59,80.59,0,0,0
"TX0190002","outside","sewer",21.65,0,80.15,58.5,0,0,0
"TX0190002","outside","total",43.8,0,196.54,152.74,0,0,0
"TX0190002","outside","water",22.15,0,116.39,94.24,0,0,0
"TX0190003","inside","sewer",8.5,0,62.09,53.59,0,0,0
"TX0190003","inside","storm",0,0,0,0,0,0,0
"TX0190003","inside","total",19.5,0,165.69,146.19,0,0,0
"TX0190003","inside","water",11,0,103.6,92.6,0,0,0
"TX0190003","outside","sewer",8.5,0,62.09,53.59,0,0,0
"TX0190003","outside","total",23,0,178.1,155.1,0,0,0
"TX0190003","outside","water",14.5,0,116.01,101.51,0,0,0
"TX0190006","inside","sewer",15.1,3.75,64.35,45.5,0,0,0
"TX0190006","inside","storm",0,0,0,0,0,0,0
"TX0190006","inside","total",34,3.75,164.22,126.47,0,0,0
"TX0190006","inside","water",18.9,0,99.87,80.97,0,0,0
"TX0190006","outside","sewer",41.9,0,128.34,86.44,0,0,0
"TX0190006","outside","total",76.75,0,246.38,169.63,0,0,0
"TX0190006","outside","water",34.85,0,118.04,83.19,0,0,0
"TX0200005","inside","sewer",0,0,60,60,0,0,0
"TX0200005","inside","storm",0,0,0,0,0,0,0
"TX0200005","inside","total",0,0,142.5,142.5,0,0,0
"TX0200005","inside","water",0,0,82.5,82.5,0,0,0
"TX0200005","outside","sewer",0,0,60,60,0,0,0
"TX0200005","outside","total",0,0,251.86,251.86,0,0,0
"TX0200005","outside","water",0,0,191.86,191.86,0,0,0
"TX0200006","inside","sewer",14,0,79,65,0,0,0
"TX0200006","inside","storm",0,0,0,0,0,0,0
"TX0200006","inside","total",27.85,0,151.74,123.5,0.39,0,0
"TX0200006","inside","water",13.85,0,72.74,58.5,0.39,0,0
"TX0200009","inside","sewer",14.44,0,21.13,0,0,6.69,0
"TX0200009","inside","storm",0,0,0,0,0,0,0
"TX0200009","inside","total",28.88,0,43.83,0,0,14.95,0
"TX0200009","inside","water",14.44,0,22.7,0,0,8.26,0
"TX0200009","outside","sewer",14.44,0,21.13,0,0,6.69,0
"TX0200009","outside","total",30.94,0,47.08,0,0,16.14,0
"TX0200009","outside","water",16.5,0,25.95,0,0,9.45,0
"TX0200010","inside","sewer",16.29,0,82.23,65.94,0,0,0
"TX0200010","inside","storm",0,0,0,0,0,0,0
"TX0200010","inside","total",32.58,0,164.46,131.88,0,0,0
"TX0200010","inside","water",16.29,0,82.23,65.94,0,0,0
"TX0200010","outside","sewer",32.58,0,164.45,131.87,0,0,0
"TX0200010","outside","total",65.16,0,328.9,263.74,0,0,0
"TX0200010","outside","water",32.58,0,164.45,131.87,0,0,0
"TX0200011","inside","sewer",29.24,0,42.89,13.65,0,0,0
"TX0200011","inside","storm",0,0,0,0,0,0,0
"TX0200011","inside","total",51.95,0,84.8,32.85,0,0,0
"TX0200011","inside","water",22.71,0,41.91,19.2,0,0,0
"TX0200011","outside","sewer",55.14,0,82.44,27.3,0,0,0
"TX0200011","outside","total",96.78,9.36,172.84,66.7,0,0,0
"TX0200011","outside","water",41.64,9.36,90.4,39.4,0,0,0
"TX0200035","inside","sewer",24.65,0,81.2,56.55,0,0,0
"TX0200035","inside","storm",0,0,0,0,0,0,0
"TX0200035","inside","total",54.44,0,174.69,120.25,0,0,0
"TX0200035","inside","water",29.79,0,93.49,63.7,0,0,0
"TX0200411","inside","sewer",22.74,0,190.24,167.5,0,0,0
"TX0200411","inside","storm",0,0,0,0,0,0,0
"TX0200411","inside","total",38.52,0,266,227.48,0,0,0
"TX0200411","inside","water",15.78,0,75.76,59.98,0,0,0
"TX0200411","outside","sewer",22.74,0,190.24,167.5,0,0,0
"TX0200411","outside","total",38.52,0,309.62,271.1,0,0,0
"TX0200411","outside","water",15.78,0,119.38,103.6,0,0,0
"TX0260005","inside","sewer",32.89,0,32.89,0,0,0,0
"TX0260005","inside","storm",0,0,0,0,0,0,0
"TX0260005","inside","total",72.89,0,108.89,0,0,0,0
"TX0260005","inside","water",40,0,76,36,0,0,0
"TX0280001","inside","sewer",15.51,0,76.22,60.71,0,0,0
"TX0280001","inside","storm",0,0,0,0,0,0,0
"TX0280001","inside","total",39.11,0,169.94,130.83,0,0,0
"TX0280001","inside","water",23.6,0,93.72,70.12,0,0,0
"TX0280001","outside","sewer",15.51,0,76.22,60.71,0,0,0
"TX0280001","outside","total",44.11,0,174.94,130.83,0,0,0
"TX0280001","outside","water",28.6,0,98.72,70.12,0,0,0
"TX0280002","inside","sewer",13.35,0,36.43,21.58,1.5,0,0
"TX0280002","inside","storm",0,0,0,0,0,0,0
"TX0280002","inside","total",25.85,0,96.58,67.73,3,0,0
"TX0280002","inside","water",12.5,0,60.15,46.15,1.5,0,0
"TX0280013","inside","sewer",32.89,0,32.89,0,0,0,0
"TX0280013","inside","storm",0,0,0,0,0,0,0
"TX0280013","inside","total",72.89,0,181.12,0,0,0,0
"TX0280013","inside","water",40,0,148.23,108.23,0,0,0
"TX0290002","inside","sewer",16,0,86.19,70.19,0,0,0
"TX0290002","inside","storm",0,0,0,0,0,0,0
"TX0290002","inside","total",33,5.03,175.15,137.12,0,0,0
"TX0290002","inside","water",17,5.03,88.96,66.93,0,0,0
"TX0290002","outside","sewer",23.25,0,126.46,103.21,0,0,0
"TX0290002","outside","total",48,5.03,254.71,201.68,0,0,0
"TX0290002","outside","water",24.75,5.03,128.25,98.47,0,0,0
"TX0300015","inside","sewer",32.89,0,32.89,0,0,0,0
"TX0300015","inside","storm",0,0,0,0,0,0,0
"TX0300015","inside","total",67.89,0,226.57,0,0,0,0
"TX0300015","inside","water",35,0,193.68,158.68,0,0,0
"TX0310007","inside","sewer",29.09,0,38.23,9.14,0,0,0
"TX0310007","inside","storm",0,0,0,0,0,0,0
"TX0310007","inside","total",49.68,0,97.3,47.62,0,0,0
"TX0310007","inside","water",20.59,0,59.07,38.48,0,0,0
"TX0310007","outside","sewer",42.18,0,52.71,10.53,0,0,0
"TX0310007","outside","total",69.63,0,125.57,55.94,0,0,0
"TX0310007","outside","water",27.45,0,72.86,45.41,0,0,0
"TX0310027","inside","sewer",12.5,0,12.5,0,0,0,0
"TX0310027","inside","storm",0,0,0,0,0,0,0
"TX0310027","inside","total",31,0,62.4,0,2.25,0,0
"TX0310027","inside","water",18.5,0,49.9,29.15,2.25,0,0
"TX0310031","inside","sewer",39,0,69,30,0,0,0
"TX0310031","inside","storm",0,0,0,0,0,0,0
"TX0310031","inside","total",81,0,161,80,0,0,0
"TX0310031","inside","water",42,0,92,50,0,0,0
"TX0320001","inside","sewer",16,0,47.5,31.5,0,0,0
"TX0320001","inside","storm",0,0,0,0,0,0,0
"TX0320001","inside","total",31,0,125.5,94.5,0,0,0
"TX0320001","inside","water",15,0,78,63,0,0,0
"TX0320001","outside","sewer",16,0,47.5,31.5,0,0,0
"TX0320001","outside","total",39,0,143.99,104.99,0,0,0
"TX0320001","outside","water",23,0,96.49,73.49,0,0,0
"TX0340055","inside","sewer",32.89,0,32.89,0,0,0,0
"TX0340055","inside","storm",0,0,0,0,0,0,0
"TX0340055","inside","total",56.89,0,148.36,0,0,0,0
"TX0340055","inside","water",24,0,115.47,91.47,0,0,0
"TX0360017","inside","sewer",16.68,0,49.68,33,0,0,0
"TX0360017","inside","storm",0,0,0,0,0,0,0
"TX0360017","inside","total",38.92,0,115.92,77,0,0,0
"TX0360017","inside","water",22.24,0,66.24,44,0,0,0
"TX0370002","inside","sewer",14.06,0,42.96,28.9,0,0,0
"TX0370002","inside","storm",0,0,0,0,0,0,0
"TX0370002","inside","total",27.82,0,95.57,67.75,0,0,0
"TX0370002","inside","water",13.76,0,52.61,38.85,0,0,0
"TX0370002","outside","sewer",14.06,0,42.96,28.9,0,0,0
"TX0370002","outside","total",27.82,0,116.94,89.12,0,0,0
"TX0370002","outside","water",13.76,0,73.98,60.22,0,0,0
"TX0370003","inside","sewer",18.06,0,53.52,35.46,0,0,0
"TX0370003","inside","storm",0,0,0,0,0,0,0
"TX0370003","inside","total",33.13,0,128.69,95.56,0,0,0
"TX0370003","inside","water",15.07,0,75.17,60.1,0,0,0
"TX0370003","outside","sewer",18.06,0,53.52,35.46,0,0,0
"TX0370003","outside","total",33.13,0,162.14,129.01,0,0,0
"TX0370003","outside","water",15.07,0,108.62,93.55,0,0,0
"TX0420001","inside","sewer",24,0,40.48,16.48,0,0,0
"TX0420001","inside","storm",0,0,0,0,0,0,0
"TX0420001","inside","total",67,0,182.51,115.51,0,0,0
"TX0420001","inside","water",43,0,142.03,99.03,0,0,0
"TX0420001","outside","sewer",24,0,40.48,16.48,0,0,0
"TX0420001","outside","total",90.16,0,205.67,115.51,0,0,0
"TX0420001","outside","water",66.16,0,165.19,99.03,0,0,0
"TX0430004","inside","sewer",39.5,0,175.01,135.51,0,0,0
"TX0430004","inside","storm",0,0,0,0,0,0,0
"TX0430004","inside","total",65.69,0,304.79,239.1,0,0,0
"TX0430004","inside","water",26.19,0,129.78,103.59,0,0,0
"TX0430004","outside","sewer",35.73,0,191.54,155.81,0,0,0
"TX0430004","outside","total",69.78,0,360.26,290.48,0,0,0
"TX0430004","outside","water",34.05,0,168.72,134.67,0,0,0
"TX0430008","inside","sewer",11.45,0,79.58,68.13,0,0,0
"TX0430008","inside","storm",0,0,0,0,0,0,0
"TX0430008","inside","total",36.62,0,218.73,182.11,0,0,0
"TX0430008","inside","water",25.17,0,139.15,113.98,0,0,0
"TX0430008","outside","sewer",17.17,0,119.38,102.21,0,0,0
"TX0430008","outside","total",54.92,0,328.11,273.19,0,0,0
"TX0430008","outside","water",37.75,0,208.73,170.98,0,0,0
"TX0430032","inside","sewer",32.89,0,32.89,0,0,0,0
"TX0430032","inside","storm",0,0,0,0,0,0,0
"TX0430032","inside","total",69.89,0,140.92,0,0,0,0
"TX0430032","inside","water",37,0,108.03,71.03,0,0,0
"TX0430035","inside","sewer",32.89,0,32.89,0,0,0,0
"TX0430035","inside","storm",0,0,0,0,0,0,0
"TX0430035","inside","total",65.89,0,258.35,0,0,0,0
"TX0430035","inside","water",33,0,225.46,192.46,0,0,0
"TX0430040","inside","sewer",22.45,0,142.3,119.85,0,0,0
"TX0430040","inside","storm",0,0,0,0,0,0,0
"TX0430040","inside","total",42.97,0,268.51,225.54,0,0,0
"TX0430040","inside","water",20.52,0,126.21,105.69,0,0,0
"TX0430042","inside","sewer",21.92,0,84.77,62.85,0,0,0
"TX0430042","inside","storm",0,0,3.8,0,0,0,0
"TX0430042","inside","total",47.16,0,197.16,150,0,0,0
"TX0430042","inside","water",25.24,0,112.39,87.15,0,0,0
"TX0430045","inside","sewer",78.98,0,78.98,0,0,0,0
"TX0430045","inside","storm",0,0,0,0,0,0,0
"TX0430045","inside","total",118.98,0,166.83,0,0,0,0
"TX0430045","inside","water",40,0,87.85,47.85,0,0,0
"TX0430054","inside","sewer",29.22,0,101.75,72.53,0,0,0
"TX0430054","inside","storm",0,0,0,0,0,0,0
"TX0430054","inside","total",52.7,0,216.59,163.89,0,0,0
"TX0430054","inside","water",23.48,0,114.84,91.36,0,0,0
"TX0430054","outside","sewer",29.22,0,101.75,72.53,0,0,0
"TX0430054","outside","total",64.43,0,286.8,222.37,0,0,0
"TX0430054","outside","water",35.21,0,185.05,149.84,0,0,0
"TX0450001","inside","sewer",23.5,0,63.1,39.6,0,0,0
"TX0450001","inside","storm",0,0,0,0,0,0,0
"TX0450001","inside","total",47,0,126.2,79.2,0,0,0
"TX0450001","inside","water",23.5,0,63.1,39.6,0,0,0
"TX0450001","outside","sewer",23.5,0,116.1,92.6,0,0,0
"TX0450001","outside","total",47,0,232.2,185.2,0,0,0
"TX0450001","outside","water",23.5,0,116.1,92.6,0,0,0
"TX0450002","inside","sewer",29.77,0,266.87,237.1,0,0,0
"TX0450002","inside","storm",0,0,0,0,0,0,0
"TX0450002","inside","total",49.62,0,343.93,294.31,0,0,0
"TX0450002","inside","water",19.85,0,77.06,57.21,0,0,0
"TX0450002","outside","sewer",29.77,0,266.87,237.1,0,0,0
"TX0450002","outside","total",49.62,0,426.13,376.51,0,0,0
"TX0450002","outside","water",19.85,0,159.26,139.41,0,0,0
"TX0450004","inside","sewer",21,0,21,0,0,0,0
"TX0450004","inside","storm",0,0,0,0,0,0,0
"TX0450004","inside","total",37.75,0,62.86,0,0,0,0
"TX0450004","inside","water",16.75,0,41.86,25.11,0,0,0
"TX0460024","inside","sewer",32.89,0,32.89,0,0,0,0
"TX0460024","inside","storm",0,0,0,0,0,0,0
"TX0460024","inside","total",77.89,0,157.38,0,0,0,0
"TX0460024","inside","water",45,0,124.49,79.49,0,0,0
"TX0460205","inside","sewer",32.89,0,32.89,0,0,0,0
"TX0460205","inside","storm",0,0,0,0,0,0,0
"TX0460205","inside","total",82.89,0,97.89,0,0,0,0
"TX0460205","inside","water",50,0,65,15,0,0,0
"TX0490001","inside","sewer",9.1,0,104.05,94.95,0,0,0
"TX0490001","inside","storm",0,0,0,0,0,0,0
"TX0490001","inside","total",18.55,0,171.64,153.09,0,0,0
"TX0490001","inside","water",9.45,0,67.59,58.14,0,0,0
"TX0490001","outside","sewer",9.1,0,127.79,118.69,0,0,0
"TX0490001","outside","total",18.55,0,218.03,199.48,0,0,0
"TX0490001","outside","water",9.45,0,90.24,80.79,0,0,0
"TX0490016","inside","sewer",32.89,0,32.89,0,0,0,0
"TX0490016","inside","storm",0,0,0,0,0,0,0
"TX0490016","inside","total",99.74,0,137.26,0,0,0,0
"TX0490016","inside","water",66.85,0,104.37,37.52,0,0,0
"TX0490049","inside","sewer",23.5,0,83.51,60.01,0,0,0
"TX0490049","inside","storm",0,0,0,0,0,0,0
"TX0490049","inside","total",52,0,183.01,116.01,15,0,0
"TX0490049","inside","water",28.5,0,99.5,56,15,0,0
"TX0540001","inside","sewer",15,0,33,0,0,18,0
"TX0540001","inside","storm",0,0,0,0,0,0,0
"TX0540001","inside","total",66,0,132.75,0,0,0,0
"TX0540001","inside","water",51,0,99.75,48.75,0,0,0
"TX0540001","outside","sewer",18,0,21.9,3.9,0,0,0
"TX0540001","outside","total",73,0,132.15,59.15,0,0,0
"TX0540001","outside","water",55,0,110.25,55.25,0,0,0
"TX0550001","inside","sewer",14.75,0,18.5,3.75,0,0,0
"TX0550001","inside","storm",0,0,0,0,0,0,0
"TX0550001","inside","total",32.25,0,82.75,50.5,0,0,0
"TX0550001","inside","water",17.5,0,64.25,46.75,0,0,0
"TX0550001","outside","sewer",23.75,0,28.75,5,0,0,0
"TX0550001","outside","total",53.5,0,121.5,68,0,0,0
"TX0550001","outside","water",29.75,0,92.75,63,0,0,0
"TX0570012","inside","sewer",12.47,0,94.49,82.02,0,0,0
"TX0570012","inside","storm",0,0,0,0,0,0,0
"TX0570012","inside","total",25.05,0,193.69,168.64,0,0,0
"TX0570012","inside","water",12.58,0,99.2,86.62,0,0,0
"TX0570018","inside","sewer",12,0,69.59,57.59,0,0,0
"TX0570018","inside","storm",0,0,0,0,0,0,0
"TX0570018","inside","total",24,0,182.19,158.19,0,0,0
"TX0570018","inside","water",12,0,112.6,100.6,0,0,0
"TX0570038","inside","sewer",17.75,0,63.67,45.92,0,0,0
"TX0570038","inside","storm",0,0,0,0,0,0,0
"TX0570038","inside","total",35.5,0,121.74,86.24,0,0,0
"TX0570038","inside","water",17.75,0,58.07,40.32,0,0,0
"TX0570039","inside","sewer",32.89,0,32.89,0,0,0,0
"TX0570039","inside","storm",0,0,0,0,0,0,0
"TX0570039","inside","total",52.89,0,125.8,0,0,0,0
"TX0570039","inside","water",20,0,92.91,72.91,0,0,0
"TX0570047","inside","sewer",22.99,0,47.95,24.96,0,0,0
"TX0570047","inside","storm",0,0,0,0,0,0,0
"TX0570047","inside","total",44.98,0,151.65,106.67,0,0,0
"TX0570047","inside","water",21.99,0,103.7,81.71,0,0,0
"TX0570057","inside","sewer",12.91,0,120.76,107.85,0,0,0
"TX0570057","inside","storm",0,0,0,0,0,0,0
"TX0570057","inside","total",29.41,0,219,189.59,0,0,0
"TX0570057","inside","water",16.5,0,98.24,81.74,0,0,0
"TX0570061","inside","sewer",11,0,85.55,74.55,0,0,0
"TX0570061","inside","storm",0,0,9.8,0,0,0,0
"TX0570061","inside","total",17,0,162.65,145.65,0,0,0
"TX0570061","inside","water",6,0,77.1,71.1,0,0,0
"TX0570085","inside","sewer",26.72,0,100.97,74.25,0,0,0
"TX0570085","inside","storm",0,0,0,0,0,0,0
"TX0570085","inside","total",39.33,0,154.35,115.02,0,0,0
"TX0570085","inside","water",12.61,0,53.38,40.77,0,0,0
"TX0570085","outside","sewer",30.73,0,116.08,85.35,0,0,0
"TX0570085","outside","total",47.92,0,190.6,142.68,0,0,0
"TX0570085","outside","water",17.19,0,74.52,57.33,0,0,0
"TX0580001","inside","sewer",23.75,0,26.15,2.4,0,0,0
"TX0580001","inside","storm",0,0,0,0,0,0,0
"TX0580001","inside","total",56,0,105.2,49.2,0,0,0
"TX0580001","inside","water",32.25,0,79.05,46.8,0,0,0
"TX0600018","inside","sewer",32.89,0,32.89,0,0,0,0
"TX0600018","inside","storm",0,0,0,0,0,0,0
"TX0600018","inside","total",52.89,0,117.89,0,0,0,0
"TX0600018","inside","water",20,0,85,65,0,0,0
"TX0610003","inside","sewer",20,0,63.43,43.43,0,0,0
"TX0610003","inside","storm",0,0,0,0,0,0,0
"TX0610003","inside","total",48.62,0,176.04,127.42,0,0,0
"TX0610003","inside","water",28.62,0,112.61,83.99,0,0,0
"TX0610005","inside","sewer",32.65,0,96.35,63.7,0,0,0
"TX0610005","inside","storm",0,0,0,0,0,0,0
"TX0610005","inside","total",66.93,0,204.9,137.97,0,0,0
"TX0610005","inside","water",34.28,0,108.55,74.27,0,0,0
"TX0610005","outside","sewer",54.61,0,160.26,105.65,0,0,0
"TX0610005","outside","total",111.94,0,341.85,229.91,0,0,0
"TX0610005","outside","water",57.33,0,181.59,124.26,0,0,0
"TX0610006","inside","sewer",0,0,39.86,0,0,39.86,0
"TX0610006","inside","storm",0,0,0,0,0,0,0
"TX0610006","inside","total",0,0,71.48,0,0,0,0
"TX0610006","inside","water",22.65,0,31.62,8.97,0,0,0
"TX0610006","outside","sewer",0,0,39.86,0,0,39.86,0
"TX0610006","outside","total",0,0,74.14,0,0,0,0
"TX0610006","outside","water",22.65,0,34.28,11.63,0,0,0
"TX0610007","inside","sewer",49.39,0,100.22,50.83,0,0,0
"TX0610007","inside","storm",0,0,0,0,0,0,0
"TX0610007","inside","total",70.57,0,195.3,124.73,0,0,0
"TX0610007","inside","water",21.18,0,95.08,73.9,0,0,0
"TX0610080","inside","sewer",17,0,65.1,48.1,0,0,0
"TX0610080","inside","storm",0,0,0,0,0,0,0
"TX0610080","inside","total",28,0,109.1,81.1,0,0,0
"TX0610080","inside","water",11,0,44,33,0,0,0
"TX0620001","inside","sewer",14.09,0,88.64,74.55,0,0,0
"TX0620001","inside","storm",0,0,0,0,0,0,0
"TX0620001","inside","total",26.09,0,137.49,111.4,0,0,0
"TX0620001","inside","water",12,0,48.85,36.85,0,0,0
"TX0620001","outside","sewer",17.25,0,108.45,91.2,0,0,0
"TX0620001","outside","total",32.25,0,169.55,137.3,0,0,0
"TX0620001","outside","water",15,0,61.1,46.1,0,0,0
"TX0670002","inside","sewer",44.08,0,44.08,0,0,0,0
"TX0670002","inside","storm",0,0,0,0,0,0,0
"TX0670002","inside","total",86.85,0,159.64,0,0,0,0
"TX0670002","inside","water",42.77,0,115.56,72.79,0,0,0
"TX0670002","outside","sewer",44.08,0,44.08,0,0,0,0
"TX0670002","outside","total",91.75,0,171.43,0,0,0,0
"TX0670002","outside","water",47.67,0,127.35,79.68,0,0,0
"TX0680214","inside","sewer",32.89,0,32.89,0,0,0,0
"TX0680214","inside","storm",0,0,0,0,0,0,0
"TX0680214","inside","total",87.89,0,225.7,0,0,0,0
"TX0680214","inside","water",55,0,192.81,137.81,0,0,0
"TX0700005","inside","sewer",29.93,0,146.78,116.85,0,0,0
"TX0700005","inside","storm",0,0,0,0,0,0,0
"TX0700005","inside","total",62.96,0,249.97,187.01,0,0,0
"TX0700005","inside","water",33.03,0,103.19,70.16,0,0,0
"TX0700005","outside","sewer",35.92,0,176.17,140.25,0,0,0
"TX0700005","outside","total",75.56,0,299.98,224.42,0,0,0
"TX0700005","outside","water",39.64,0,123.81,84.17,0,0,0
"TX0700019","inside","sewer",55,0,55,0,0,0,0
"TX0700019","inside","storm",0,0,0,0,0,0,0
"TX0700019","inside","total",105,0,187.04,0,0,0,0
"TX0700019","inside","water",50,0,132.04,82.04,0,0,0
"TX0700024","inside","sewer",32.89,0,32.89,0,0,0,0
"TX0700024","inside","storm",0,0,0,0,0,0,0
"TX0700024","inside","total",72.89,0,192.89,0,0,0,0
"TX0700024","inside","water",40,0,160,120,0,0,0
"TX0700031","inside","sewer",36,0,157.5,121.5,0,0,0
"TX0700031","inside","storm",0,0,4.85,0,0,0,0
"TX0700031","inside","total",59.5,0,272.51,213.01,0,0,0
"TX0700031","inside","water",23.5,0,115.01,91.51,0,0,0
"TX0720002","inside","sewer",11.5,0,73,61.5,0,0,0
"TX0720002","inside","storm",0,0,3,0,0,0,0
"TX0720002","inside","total",24,0,153.75,129.75,0,0,0
"TX0720002","inside","water",12.5,0,80.75,68.25,0,0,0
"TX0720013","inside","sewer",32.89,0,32.89,0,0,0,0
"TX0720013","inside","storm",0,0,0,0,0,0,0
"TX0720013","inside","total",100.89,0,248.38,0,0,0,0
"TX0720013","inside","water",68,0,215.49,147.49,0,0,0
"TX0720028","inside","sewer",32.89,0,32.89,0,0,0,0
"TX0720028","inside","storm",0,0,0,0,0,0,0
"TX0720028","inside","total",82.89,0,317.37,0,0,0,0
"TX0720028","inside","water",50,0,284.48,234.48,0,0,0
"TX0730013","inside","sewer",32.89,0,32.89,0,0,0,0
"TX0730013","inside","storm",0,0,0,0,0,0,0
"TX0730013","inside","total",67.06,0,129.81,0,0,0,0
"TX0730013","inside","water",34.17,0,96.92,62.75,0,0,0
"TX0740009","inside","sewer",27.9,0,59.26,31.36,0,0,0
"TX0740009","inside","storm",0,0,0,0,0,0,0
"TX0740009","inside","total",57.85,0,136.95,79.1,0,0,0
"TX0740009","inside","water",29.95,0,77.69,47.74,0,0,0
"TX0740009","outside","sewer",34.95,0,81.99,47.04,0,0,0
"TX0740009","outside","total",75.72,0,170.5,94.78,0,0,0
"TX0740009","outside","water",40.77,0,88.51,47.74,0,0,0
"TX0740019","inside","sewer",32.89,0,32.89,0,0,0,0
"TX0740019","inside","storm",0,0,0,0,0,0,0
"TX0740019","inside","total",57.89,0,192.89,0,0,0,0
"TX0740019","inside","water",25,0,160,135,0,0,0
"TX0750003","inside","sewer",12.46,0,56.38,43.92,0,0,0
"TX0750003","inside","storm",0,0,0,0,0,0,0
"TX0750003","inside","total",39.91,0,115.28,75.37,0,0,0
"TX0750003","inside","water",27.45,0,58.9,31.45,0,0,0
"TX0750003","outside","sewer",12.46,0,111.28,98.82,0,0,0
"TX0750003","outside","total",39.91,0,214.53,174.62,0,0,0
"TX0750003","outside","water",27.45,0,103.25,75.8,0,0,0
"TX0750009","inside","sewer",41.68,0,41.68,0,0,0,0
"TX0750009","inside","storm",0,0,0,0,0,0,0
"TX0750009","inside","total",85.18,0,164.18,0,0,0,0
"TX0750009","inside","water",43.5,0,122.5,79,0,0,0
"TX0750034","inside","sewer",32.89,0,32.89,0,0,0,0
"TX0750034","inside","storm",0,0,0,0,0,0,0
"TX0750034","inside","total",68.07,0,244.01,0,0,0,0
"TX0750034","inside","water",35.18,0,211.12,175.94,0,0,0
"TX0790003","inside","sewer",15,0,46,31,0,0,0
"TX0790003","inside","storm",0,0,0,0,0,0,0
"TX0790003","inside","total",25.28,0,128.78,64.5,39,0,0
"TX0790003","inside","water",10.28,0,82.78,33.5,39,0,0
"TX0790003","outside","sewer",22.5,0,69,46.5,0,0,0
"TX0790003","outside","total",37.92,0,173.67,96.75,39,0,0
"TX0790003","outside","water",15.42,0,104.67,50.25,39,0,0
"TX0790023","inside","sewer",22,0,64.9,42.9,0,0,0
"TX0790023","inside","storm",0,0,0,0,0,0,0
"TX0790023","inside","total",37.45,0,155.6,81.85,36.3,0,0
"TX0790023","inside","water",15.45,0,90.7,38.95,36.3,0,0
"TX0790023","outside","sewer",22,0,114.4,92.4,0,0,0
"TX0790023","outside","total",37.45,0,255.85,182.1,36.3,0,0
"TX0790023","outside","water",15.45,0,141.45,89.7,36.3,0,0
"TX0790025","inside","sewer",24,0,36.65,12.65,0,0,0
"TX0790025","inside","storm",0,0,0,0,0,0,0
"TX0790025","inside","total",41,0,67.85,26.85,0,0,0
"TX0790025","inside","water",17,0,31.2,14.2,0,0,0
"TX0790049","inside","sewer",19,0,41.5,22.5,0,0,0
"TX0790049","inside","storm",0,0,0,0,0,0,0
"TX0790049","inside","total",37,0,82,45,0,0,0
"TX0790049","inside","water",18,0,40.5,22.5,0,0,0
"TX0790133","inside","sewer",5.5,0,30.5,25,0,0,0
"TX0790133","inside","storm",0,0,0,0,0,0,0
"TX0790133","inside","total",11,0,61,50,0,0,0
"TX0790133","inside","water",5.5,0,30.5,25,0,0,0
"TX0790253","inside","sewer",13.54,0,61.09,47.55,0,0,0
"TX0790253","inside","storm",0,0,0,0,0,0,0
"TX0790253","inside","total",23.18,0,125.77,68.24,34.35,0,0
"TX0790253","inside","water",9.64,0,64.68,20.69,34.35,0,0
"TX0790296","inside","sewer",13.54,0,61.09,47.55,0,0,0
"TX0790296","inside","storm",0,0,0,0,0,0,0
"TX0790296","inside","total",23.18,0,125.77,68.24,34.35,0,0
"TX0790296","inside","water",9.64,0,64.68,20.69,34.35,0,0
"TX0790356","inside","sewer",32.89,0,32.89,0,0,0,0
"TX0790356","inside","storm",0,0,0,0,0,0,0
"TX0790356","inside","total",54.89,0,62.39,0,0,0,0
"TX0790356","inside","water",22,0,29.5,7.5,0,0,0
"TX0800016","inside","sewer",32.89,0,32.89,0,0,0,0
"TX0800016","inside","storm",0,0,0,0,0,0,0
"TX0800016","inside","total",60.39,0,142.89,0,0,0,0
"TX0800016","inside","water",27.5,0,110,82.5,0,0,0
"TX0810002","inside","sewer",25,0,78.3,53.3,0,0,0
"TX0810002","inside","storm",0,0,0,0,0,0,0
"TX0810002","inside","total",50,0,169.93,119.33,0.6,0,0
"TX0810002","inside","water",25,0,91.63,66.03,0.6,0,0
"TX0810002","outside","sewer",30,0,83.3,53.3,0,0,0
"TX0810002","outside","total",75,0,221.45,145.85,0.6,0,0
"TX0810002","outside","water",45,0,138.15,92.55,0.6,0,0
"TX0820002","inside","sewer",18.45,0,29.25,10.8,0,0,0
"TX0820002","inside","storm",0,0,0,0,0,0,0
"TX0820002","inside","total",38.95,6.5,78.92,33.47,0,0,0
"TX0820002","inside","water",20.5,6.5,49.67,22.67,0,0,0
"TX0820002","outside","sewer",18.45,0,36.47,18.02,0,0,0
"TX0820002","outside","total",38.95,6.5,100.69,55.24,0,0,0
"TX0820002","outside","water",20.5,6.5,64.22,37.22,0,0,0
"TX0840004","inside","sewer",19,0,80.5,61.5,0,0,0
"TX0840004","inside","storm",0,0,0,0,0,0,0
"TX0840004","inside","total",38.95,0,181.67,142.72,0,0,0
"TX0840004","inside","water",19.95,0,101.17,81.22,0,0,0
"TX0840006","inside","sewer",18.87,0,59.47,40.6,0,0,0
"TX0840006","inside","storm",0,0,0,0,0,0,0
"TX0840006","inside","total",27.4,0,131.71,104.31,0,0,0
"TX0840006","inside","water",8.53,0,72.24,63.71,0,0,0
"TX0840010","inside","sewer",14.75,0,106.97,92.22,0,0,0
"TX0840010","inside","storm",0,0,0,0,0,0,0
"TX0840010","inside","total",29,0,250.98,221.98,0,0,0
"TX0840010","inside","water",14.25,0,144.01,129.76,0,0,0
"TX0850001","inside","sewer",17.6,0,51.35,33.75,0,0,0
"TX0850001","inside","storm",0,0,0,0,0,0,0
"TX0850001","inside","total",50.05,9.25,156.03,96.73,0,0,0
"TX0850001","inside","water",32.45,9.25,104.68,62.98,0,0,0
"TX0850001","outside","sewer",17.6,0,59.6,42,0,0,0
"TX0850001","outside","total",57.6,9.25,173.79,106.94,0,0,0
"TX0850001","outside","water",40,9.25,114.19,64.94,0,0,0
"TX0860001","inside","sewer",11.55,0,69.15,57.6,0,0,0
"TX0860001","inside","storm",0,0,0,0,0,0,0
"TX0860001","inside","total",23.15,0,138.07,114.92,0,0,0
"TX0860001","inside","water",11.6,0,68.92,57.32,0,0,0
"TX0860001","outside","sewer",11.55,0,126.75,115.2,0,0,0
"TX0860001","outside","total",23.15,0,332.03,308.88,0,0,0
"TX0860001","outside","water",11.6,0,205.28,193.68,0,0,0
"TX0890001","inside","sewer",28.23,2.09,30.32,0,0,0,0
"TX0890001","inside","storm",0,0,0,0,0,0,0
"TX0890001","inside","total",47.89,2.09,85.81,0,0,0,0
"TX0890001","inside","water",19.66,0,55.49,35.83,0,0,0
"TX0910008","inside","sewer",30.49,0,85.74,55.25,0,0,0
"TX0910008","inside","storm",0,0,0,0,0,0,0
"TX0910008","inside","total",70.35,0,218.41,148.06,0,0,0
"TX0910008","inside","water",39.86,0,132.67,92.81,0,0,0
"TX0910008","outside","sewer",30.49,0,85.74,55.25,0,0,0
"TX0910008","outside","total",89.71,0,284.28,194.57,0,0,0
"TX0910008","outside","water",59.22,0,198.54,139.32,0,0,0
"TX0910009","inside","sewer",34.03,0,96.28,62.25,0,0,0
"TX0910009","inside","storm",0,0,0,0,0,0,0
"TX0910009","inside","total",73.75,0,198.25,124.5,0,0,0
"TX0910009","inside","water",39.72,0,101.97,62.25,0,0,0
"TX0910055","inside","sewer",32.89,0,32.89,0,0,0,0
"TX0910055","inside","storm",0,0,0,0,0,0,0
"TX0910055","inside","total",62.29,0,153.96,0,0,0,0
"TX0910055","inside","water",29.4,0,121.07,91.67,0,0,0
"TX0910060","inside","sewer",32.89,0,32.89,0,0,0,0
"TX0910060","inside","storm",0,0,0,0,0,0,0
"TX0910060","inside","total",52.89,0,96.89,0,0,0,0
"TX0910060","inside","water",20,0,64,44,0,0,0
"TX0920001","inside","sewer",22.71,0,64.96,42.25,0,0,0
"TX0920001","inside","storm",0,0,0,0,0,0,0
"TX0920001","inside","total",46.71,0,156.2,109.49,0,0,0
"TX0920001","inside","water",24,0,91.24,67.24,0,0,0
"TX0920001","outside","sewer",22.71,0,89.33,66.62,0,0,0
"TX0920001","outside","total",46.71,0,223.7,176.99,0,0,0
"TX0920001","outside","water",24,0,134.37,110.37,0,0,0
"TX0920003","inside","sewer",12.66,0,93.36,80.7,0,0,0
"TX0920003","inside","storm",0,0,0,0,0,0,0
"TX0920003","inside","total",27.64,0,175.94,148.3,0,0,0
"TX0920003","inside","water",14.98,0,82.58,67.6,0,0,0
"TX0920003","outside","sewer",12.66,0,174.06,161.4,0,0,0
"TX0920003","outside","total",42.6,0,339.34,296.74,0,0,0
"TX0920003","outside","water",29.94,0,165.28,135.34,0,0,0
"TX0920006","inside","sewer",19.5,0,61.5,42,0,0,0
"TX0920006","inside","storm",0,0,0,0,0,0,0
"TX0920006","inside","total",40,0,145.98,105.98,0,0,0
"TX0920006","inside","water",20.5,0,84.48,63.98,0,0,0
"TX0920006","outside","sewer",29.25,0,92.25,63,0,0,0
"TX0920006","outside","total",60,0,219.03,159.03,0,0,0
"TX0920006","outside","water",30.75,0,126.78,96.03,0,0,0
"TX0930048","inside","sewer",32.89,0,32.89,0,0,0,0
"TX0930048","inside","storm",0,0,0,0,0,0,0
"TX0930048","inside","total",71.52,0,211.52,0,0,0,0
"TX0930048","inside","water",38.63,0,178.63,140,0,0,0
"TX0930049","inside","sewer",32.89,0,32.89,0,0,0,0
"TX0930049","inside","storm",0,0,0,0,0,0,0
"TX0930049","inside","total",69.89,0,148.12,0,0,0,0
"TX0930049","inside","water",37,0,115.23,78.23,0,0,0
"TX0940002","inside","sewer",33.16,0,53.04,19.88,0,0,0
"TX0940002","inside","storm",0,0,0,0,0,0,0
"TX0940002","inside","total",56.83,0,141.41,84.58,0,0,0
"TX0940002","inside","water",23.67,0,88.37,64.7,0,0,0
"TX0970001","inside","sewer",26,0,74,48,0,0,0
"TX0970001","inside","storm",0,0,0,0,0,0,0
"TX0970001","inside","total",61,0,184.75,123.75,0,0,0
"TX0970001","inside","water",35,0,110.75,75.75,0,0,0
"TX0970001","outside","sewer",39,0,111,72,0,0,0
"TX0970001","outside","total",91.5,0,276.3,184.8,0,0,0
"TX0970001","outside","water",52.5,0,165.3,112.8,0,0,0
"TX1000016","inside","sewer",32.89,0,32.89,0,0,0,0
"TX1000016","inside","storm",0,0,0,0,0,0,0
"TX1000016","inside","total",67.89,0,137.88,0,0,0,0
"TX1000016","inside","water",35,0,104.99,69.99,0,0,0
"TX1010009","inside","sewer",14.46,0,84.29,69.83,0,0,0
"TX1010009","inside","storm",0,0,0,0,0,0,0
"TX1010009","inside","total",28.92,0,168.58,139.66,0,0,0
"TX1010009","inside","water",14.46,0,84.29,69.83,0,0,0
"TX1010017","inside","sewer",0,0,32.1,32.1,0,0,0
"TX1010017","inside","storm",0,0,0,0,0,0,0
"TX1010017","inside","total",0,0,88.57,51.49,29.48,0,0
"TX1010017","inside","water",7.6,0,56.47,19.39,29.48,0,0
"TX1010018","inside","sewer",9.75,0,35.25,25.5,0,0,0
"TX1010018","inside","storm",0,0,0,0,0,0,0
"TX1010018","inside","total",17.7,0,84.04,66.34,0,0,0
"TX1010018","inside","water",7.95,0,48.79,40.84,0,0,0
"TX1010023","inside","sewer",4.7,0,78.2,73.5,0,0,0
"TX1010023","inside","storm",0,0,0,0,0,0,0
"TX1010023","inside","total",9.4,0,168.55,159.15,0,0,0
"TX1010023","inside","water",4.7,0,90.35,85.65,0,0,0
"TX1010026","inside","sewer",8.51,0,53.21,44.7,0,0,0
"TX1010026","inside","storm",0,0,0,0,0,0,0
"TX1010026","inside","total",0,0,112.05,91,0,0,0
"TX1010026","inside","water",0,0,58.84,46.3,0,12.54,0
"TX1010027","inside","sewer",9.25,0,70.9,61.65,0,0,0
"TX1010027","inside","storm",0,0,0,0,0,0,0
"TX1010027","inside","total",20.4,0,165.43,145.03,0,0,0
"TX1010027","inside","water",11.15,0,94.53,83.38,0,0,0
"TX1010062","inside","sewer",23,0,105.93,82.93,0,0,0
"TX1010062","inside","storm",0,0,0,0,0,0,0
"TX1010062","inside","total",41,0,196.46,155.46,0,0,0
"TX1010062","inside","water",18,0,90.53,72.53,0,0,0
"TX1010096","inside","sewer",32.89,0,32.89,0,0,0,0
"TX1010096","inside","storm",0,0,0,0,0,0,0
"TX1010096","inside","total",76.64,5.53,119.67,0,0,0,0
"TX1010096","inside","water",43.75,5.53,86.78,37.5,0,0,0
"TX1010152","inside","sewer",14,0,51.7,37.7,0,0,0
"TX1010152","inside","storm",0,0,0,0,0,0,0
"TX1010152","inside","total",28,0,101.9,73.9,0,0,0
"TX1010152","inside","water",14,0,50.2,36.2,0,0,0
"TX1010172","inside","sewer",14,0,14,0,0,0,0
"TX1010172","inside","storm",0,0,0,0,0,0,0
"TX1010172","inside","total",22,0,32.2,0,0,0,0
"TX1010172","inside","water",8,0,18.2,10.2,0,0,0
"TX1010214","inside","sewer",19.56,0,301.89,282.33,0,0,0
"TX1010214","inside","storm",0,0,0,0,0,0,0
"TX1010214","inside","total",44.52,0,385.12,340.6,0,0,0
"TX1010214","inside","water",24.96,0,83.23,58.27,0,0,0
"TX1010214","outside","sewer",19.56,0,301.89,282.33,0,0,0
"TX1010214","outside","total",69.48,0,468.4,398.92,0,0,0
"TX1010214","outside","water",49.92,0,166.51,116.59,0,0,0
"TX1010226","inside","sewer",9.83,0,78.59,68.76,0,0,0
"TX1010226","inside","storm",0,0,1.24,0,0,0,0
"TX1010226","inside","total",16.74,0,143.09,126.35,0,0,0
"TX1010226","inside","water",6.91,0,64.5,57.59,0,0,0
"TX1010687","inside","sewer",22,0,22,0,0,0,0
"TX1010687","inside","storm",0,0,0,0,0,0,0
"TX1010687","inside","total",44,0,61.5,0,0,0,0
"TX1010687","inside","water",22,0,39.5,17.5,0,0,0
"TX1011585","inside","sewer",12.57,0,127.38,114.81,0,0,0
"TX1011585","inside","storm",0,0,0,0,0,0,0
"TX1011585","inside","total",18.39,0,221.62,203.23,0,0,0
"TX1011585","inside","water",5.82,0,94.24,88.42,0,0,0
"TX1011902","inside","sewer",12.57,0,208.82,196.25,0,0,0
"TX1011902","inside","storm",0,0,0,0,0,0,0
"TX1011902","inside","total",18.39,0,303.06,284.67,0,0,0
"TX1011902","inside","water",5.82,0,94.24,88.42,0,0,0
"TX1013403","inside","sewer",30,0,30,0,0,0,0
"TX1013403","inside","storm",0,0,0,0,0,0,0
"TX1013403","inside","total",52,0,129.4,0,59.4,0,0
"TX1013403","inside","water",22,0,99.4,18,59.4,0,0
"TX1020002","inside","sewer",12,0,127.2,115.2,0,0,0
"TX1020002","inside","storm",0,0,0,0,0,0,0
"TX1020002","inside","total",21.6,0,219.81,198.21,0,0,0
"TX1020002","inside","water",9.6,0,92.61,83.01,0,0,0
"TX1020026","inside","sewer",32.89,0,32.89,0,0,0,0
"TX1020026","inside","storm",0,0,0,0,0,0,0
"TX1020026","inside","total",54.39,0,117.39,0,0,0,0
"TX1020026","inside","water",21.5,0,84.5,63,0,0,0
"TX1050002","inside","sewer",21.77,0,84.92,63.15,0,0,0
"TX1050002","inside","storm",0,0,5,0,0,0,0
"TX1050002","inside","total",58.32,0,219.46,161.14,0,0,0
"TX1050002","inside","water",36.55,0,134.54,97.99,0,0,0
"TX1050002","outside","sewer",29.38,0,114.73,85.35,0,0,0
"TX1050002","outside","total",78.56,0,295.91,217.35,0,0,0
"TX1050002","outside","water",49.18,0,181.18,132,0,0,0
"TX1050137","inside","sewer",0,0,54.45,54.45,0,0,0
"TX1050137","inside","storm",0,0,0,0,0,0,0
"TX1050137","inside","total",0,0,211.2,116.2,0,0,0
"TX1050137","inside","water",95,0,156.75,61.75,0,0,0
"TX1050148","inside","sewer",0,0,54.45,54.45,0,0,0
"TX1050148","inside","storm",0,0,0,0,0,0,0
"TX1050148","inside","total",0,0,211.2,116.2,0,0,0
"TX1050148","inside","water",95,0,156.75,61.75,0,0,0
"TX1070016","inside","sewer",32.89,0,32.89,0,0,0,0
"TX1070016","inside","storm",0,0,0,0,0,0,0
"TX1070016","inside","total",57.89,0,139.6,0,0,0,0
"TX1070016","inside","water",25,0,106.71,81.71,0,0,0
"TX1070025","inside","sewer",32.89,0,32.89,0,0,0,0
"TX1070025","inside","storm",0,0,0,0,0,0,0
"TX1070025","inside","total",66.89,0,128.14,0,0,0,0
"TX1070025","inside","water",34,0,95.25,61.25,0,0,0
"TX1070238","inside","sewer",32.89,0,32.89,0,0,0,0
"TX1070238","inside","storm",0,0,0,0,0,0,0
"TX1070238","inside","total",56.89,0,109.39,0,0,0,0
"TX1070238","inside","water",24,0,76.5,52.5,0,0,0
"TX1070239","inside","sewer",32.89,0,32.89,0,0,0,0
"TX1070239","inside","storm",0,0,0,0,0,0,0
"TX1070239","inside","total",56.89,0,109.39,0,0,0,0
"TX1070239","inside","water",24,0,76.5,52.5,0,0,0
"TX1070240","inside","sewer",32.89,0,32.89,0,0,0,0
"TX1070240","inside","storm",0,0,0,0,0,0,0
"TX1070240","inside","total",56.89,0,109.39,0,0,0,0
"TX1070240","inside","water",24,0,76.5,52.5,0,0,0
"TX1070241","inside","sewer",32.89,0,32.89,0,0,0,0
"TX1070241","inside","storm",0,0,0,0,0,0,0
"TX1070241","inside","total",56.89,0,109.39,0,0,0,0
"TX1070241","inside","water",24,0,76.5,52.5,0,0,0
"TX1070242","inside","sewer",32.89,0,32.89,0,0,0,0
"TX1070242","inside","storm",0,0,0,0,0,0,0
"TX1070242","inside","total",56.89,0,109.39,0,0,0,0
"TX1070242","inside","water",24,0,76.5,52.5,0,0,0
"TX1070243","inside","sewer",32.89,0,32.89,0,0,0,0
"TX1070243","inside","storm",0,0,0,0,0,0,0
"TX1070243","inside","total",56.89,0,109.39,0,0,0,0
"TX1070243","inside","water",24,0,76.5,52.5,0,0,0
"TX1070251","inside","sewer",32.89,0,32.89,0,0,0,0
"TX1070251","inside","storm",0,0,0,0,0,0,0
"TX1070251","inside","total",56.89,0,109.39,0,0,0,0
"TX1070251","inside","water",24,0,76.5,52.5,0,0,0
"TX1080007","inside","sewer",23.29,0,41.74,18.45,0,0,0
"TX1080007","inside","storm",0,0,0,0,0,0,0
"TX1080007","inside","total",0,0,98.13,51.5,0,0,0
"TX1080007","inside","water",0,0,56.39,33.05,0,23.34,0
"TX1080007","outside","sewer",26.78,0,47.93,21.15,0,0,0
"TX1080007","outside","total",0,0,104.32,54.2,0,0,0
"TX1080007","outside","water",0,0,56.39,33.05,0,23.34,0
"TX1080010","inside","sewer",11,0,33.8,22.8,0,0,0
"TX1080010","inside","storm",0,0,0,0,0,0,0
"TX1080010","inside","total",23.05,0,72,48.95,0,0,0
"TX1080010","inside","water",12.05,0,38.2,26.15,0,0,0
"TX1090006","inside","sewer",16.65,0,37.65,21,0,0,0
"TX1090006","inside","storm",0,0,0,0,0,0,0
"TX1090006","inside","total",46.8,0,112.8,66,0,0,0
"TX1090006","inside","water",30.15,0,75.15,45,0,0,0
"TX1090006","outside","sewer",16.65,0,37.65,21,0,0,0
"TX1090006","outside","total",63.95,0,174.95,111,0,0,0
"TX1090006","outside","water",47.3,0,137.3,90,0,0,0
"TX1090018","inside","sewer",32.89,0,32.89,0,0,0,0
"TX1090018","inside","storm",0,0,0,0,0,0,0
"TX1090018","inside","total",71.29,0,148.78,0,0,0,0
"TX1090018","inside","water",38.4,0,115.89,77.49,0,0,0
"TX1110012","inside","sewer",22,0,74.5,52.5,0,0,0
"TX1110012","inside","storm",0,0,0,0,0,0,0
"TX1110012","inside","total",42.5,0,187.48,144.98,0,0,0
"TX1110012","inside","water",20.5,0,112.98,92.48,0,0,0
"TX1110012","outside","sewer",32,0,114.5,82.5,0,0,0
"TX1110012","outside","total",62.5,0,267.48,204.98,0,0,0
"TX1110012","outside","water",30.5,0,152.98,122.48,0,0,0
"TX1120002","inside","sewer",27.55,0,71.44,43.89,0,0,0
"TX1120002","inside","storm",0,0,0,0,0,0,0
"TX1120002","inside","total",35.41,0,138.85,103.44,0,0,0
"TX1120002","inside","water",7.86,0,67.41,59.55,0,0,0
"TX1120013","inside","sewer",32.89,0,32.89,0,0,0,0
"TX1120013","inside","storm",0,0,0,0,0,0,0
"TX1120013","inside","total",57.89,0,117.89,0,0,0,0
"TX1120013","inside","water",25,0,85,60,0,0,0
"TX1130001","inside","sewer",24.67,0,60.97,36.3,0,0,0
"TX1130001","inside","storm",0,0,0,0,0,0,0
"TX1130001","inside","total",49.34,0,158.99,109.65,0,0,0
"TX1130001","inside","water",24.67,0,98.02,73.35,0,0,0
"TX1130001","outside","sewer",24.67,0,60.97,36.3,0,0,0
"TX1130001","outside","total",74.01,0,257.01,183,0,0,0
"TX1130001","outside","water",49.34,0,196.04,146.7,0,0,0
"TX1140002","inside","sewer",0,0,45,0,0,45,0
"TX1140002","inside","storm",0,0,0,0,0,0,0
"TX1140002","inside","total",0,0,227.69,0,0,0,0
"TX1140002","inside","water",24.36,0,182.69,158.33,0,0,0
"TX1160003","inside","sewer",13,0,75.25,62.25,0,0,0
"TX1160003","inside","storm",0,0,0,0,0,0,0
"TX1160003","inside","total",33,0,160.35,127.35,0,0,0
"TX1160003","inside","water",20,0,85.1,65.1,0,0,0
"TX1160004","inside","sewer",15.44,2.7,116.51,78.12,20.25,0,0
"TX1160004","inside","storm",0,0,0,0,0,0,0
"TX1160004","inside","total",29.77,2.7,187.38,134.66,20.25,0,0
"TX1160004","inside","water",14.33,0,70.87,56.54,0,0,0
"TX1160004","outside","sewer",25.5,2.7,136.32,87.87,20.25,0,0
"TX1160004","outside","total",48.96,2.7,244.63,172.72,20.25,0,0
"TX1160004","outside","water",23.46,0,108.31,84.85,0,0,0
"TX1160005","inside","sewer",26,0,85.85,59.85,0,0,0
"TX1160005","inside","storm",0,0,0,0,0,0,0
"TX1160005","inside","total",53,0,238.23,185.23,0,0,0
"TX1160005","inside","water",27,0,152.38,125.38,0,0,0
"TX1160005","outside","sewer",26,0,97.34,71.34,0,0,0
"TX1160005","outside","total",70,0,275.57,205.57,0,0,0
"TX1160005","outside","water",44,0,178.23,134.23,0,0,0
"TX1160031","inside","sewer",32.89,0,32.89,0,0,0,0
"TX1160031","inside","storm",0,0,0,0,0,0,0
"TX1160031","inside","total",63.89,0,158.88,0,0,0,0
"TX1160031","inside","water",31,0,125.99,94.99,0,0,0
"TX1170003","inside","sewer",14,0,14,0,0,0,0
"TX1170003","inside","storm",0,0,0,0,0,0,0
"TX1170003","inside","total",30,0,93.99,0,0,0,0
"TX1170003","inside","water",16,0,79.99,63.99,0,0,0
"TX1190002","inside","sewer",14.25,0,82.5,68.25,0,0,0
"TX1190002","inside","storm",0,0,0,0,0,0,0
"TX1190002","inside","total",38.25,0,196.52,158.27,0,0,0
"TX1190002","inside","water",24,0,114.02,90.02,0,0,0
"TX1200022","inside","sewer",32.89,0,32.89,0,0,0,0
"TX1200022","inside","storm",0,0,0,0,0,0,0
"TX1200022","inside","total",70.08,0,166.8,0,0,0,0
"TX1200022","inside","water",37.19,0,133.91,96.72,0,0,0
"TX1230004","inside","sewer",32.89,0,32.89,0,0,0,0
"TX1230004","inside","storm",0,0,0,0,0,0,0
"TX1230004","inside","total",59.39,0,125.06,0,0,0,0
"TX1230004","inside","water",26.5,0,92.17,65.67,0,0,0
"TX1230006","inside","sewer",10.65,0,82.04,66.29,5.1,0,0
"TX1230006","inside","storm",0,0,0,0,0,0,0
"TX1230006","inside","total",20.9,0,134.44,103.34,10.2,0,0
"TX1230006","inside","water",10.25,0,52.4,37.05,5.1,0,0
"TX1230006","outside","sewer",16.45,0,106.69,85.14,5.1,0,0
"TX1230006","outside","total",31.25,0,186.39,144.94,10.2,0,0
"TX1230006","outside","water",14.8,0,79.7,59.8,5.1,0,0
"TX1230010","inside","sewer",12,0,37.11,25.11,0,0,0
"TX1230010","inside","storm",0,0,0,0,0,0,0
"TX1230010","inside","total",25.5,0,89.61,64.11,0,0,0
"TX1230010","inside","water",13.5,0,52.5,39,0,0,0
"TX1260008","inside","sewer",33.86,0,49.1,15.24,0,0,0
"TX1260008","inside","storm",0,0,0,0,0,0,0
"TX1260008","inside","total",58.86,0,195.89,137.03,0,0,0
"TX1260008","inside","water",25,0,146.79,121.79,0,0,0
"TX1260008","outside","sewer",50.79,0,73.71,22.92,0,0,0
"TX1260008","outside","total",88.29,0,293.9,205.61,0,0,0
"TX1260008","outside","water",37.5,0,220.19,182.69,0,0,0
"TX1280001","inside","sewer",20.64,0,61.89,41.25,0,0,0
"TX1280001","inside","storm",0,0,0,0,0,0,0
"TX1280001","inside","total",49.64,0,182.36,132.72,0,0,0
"TX1280001","inside","water",29,0,120.47,91.47,0,0,0
"TX1280001","outside","sewer",27.05,0,68.3,41.25,0,0,0
"TX1280001","outside","total",74.05,0,206.77,132.72,0,0,0
"TX1280001","outside","water",47,0,138.47,91.47,0,0,0
"TX1280002","inside","sewer",20,0,83.99,63.99,0,0,0
"TX1280002","inside","storm",0,0,0,0,0,0,0
"TX1280002","inside","total",32,0,183.97,151.97,0,0,0
"TX1280002","inside","water",12,0,99.98,87.98,0,0,0
"TX1280002","outside","sewer",34,0,110.98,76.98,0,0,0
"TX1280002","outside","total",76,0,292.95,216.95,0,0,0
"TX1280002","outside","water",42,0,181.97,139.97,0,0,0
"TX1290002","inside","sewer",10.54,40.83,166.42,115.05,0,0,0
"TX1290002","inside","storm",0,0,0,0,0,0,0
"TX1290002","inside","total",27.68,40.83,254.66,186.15,0,0,0
"TX1290002","inside","water",17.14,0,88.24,71.1,0,0,0
"TX1290003","inside","sewer",16.62,0,97.53,80.91,0,0,0
"TX1290003","inside","storm",0,0,0,0,0,0,0
"TX1290003","inside","total",34.6,0,224,189.4,0,0,0
"TX1290003","inside","water",17.98,0,126.47,108.49,0,0,0
"TX1290019","inside","sewer",32.89,0,32.89,0,0,0,0
"TX1290019","inside","storm",0,0,0,0,0,0,0
"TX1290019","inside","total",89.39,0,176.38,0,0,0,0
"TX1290019","inside","water",56.5,0,143.49,86.99,0,0,0
"TX1290038","inside","sewer",31,0,31,0,0,0,0
"TX1290038","inside","storm",0,0,0,0,0,0,0
"TX1290038","inside","total",56,10,141.18,0,0,0,0
"TX1290038","inside","water",25,10,110.18,75.18,0,0,0
"TX1300002","inside","sewer",13.5,0,53.67,40.17,0,0,0
"TX1300002","inside","storm",0,0,0,0,0,0,0
"TX1300002","inside","total",28,0,99.5,71.5,0,0,0
"TX1300002","inside","water",14.5,0,45.83,31.33,0,0,0
"TX1300002","outside","sewer",13.5,0,53.67,40.17,0,0,0
"TX1300002","outside","total",28,0,99.5,71.5,0,0,0
"TX1300002","outside","water",14.5,0,45.83,31.33,0,0,0
"TX1370001","inside","sewer",14.53,0,131.01,116.48,0,0,0
"TX1370001","inside","storm",0,0,2.25,0,0,0,0
"TX1370001","inside","total",27.2,0,185.43,158.23,0,0,0
"TX1370001","inside","water",12.67,0,54.42,41.75,0,0,0
"TX1370001","outside","sewer",16.72,0,150.56,133.84,0,0,0
"TX1370001","outside","total",31.27,0,213.36,182.09,0,0,0
"TX1370001","outside","water",14.55,0,62.8,48.25,0,0,0
"TX1410001","inside","sewer",24,0,77.25,53.25,0,0,0
"TX1410001","inside","storm",0,0,0,0,0,0,0
"TX1410001","inside","total",56.5,0,176.87,120.37,0,0,0
"TX1410001","inside","water",32.5,0,99.62,67.12,0,0,0
"TX1460001","inside","sewer",20.5,0,56.25,35.75,0,0,0
"TX1460001","inside","storm",0,0,0,0,0,0,0
"TX1460001","inside","total",40.5,0,115.25,74.75,0,0,0
"TX1460001","inside","water",20,0,59,39,0,0,0
"TX1460001","outside","sewer",30.5,0,82.5,52,0,0,0
"TX1460001","outside","total",60,0,170.49,110.49,0,0,0
"TX1460001","outside","water",29.5,0,87.99,58.49,0,0,0
"TX1460003","inside","sewer",25.92,0,70.09,44.17,0,0,0
"TX1460003","inside","storm",0,0,0,0,0,0,0
"TX1460003","inside","total",50.76,0,149.78,99.02,0,0,0
"TX1460003","inside","water",24.84,0,79.69,54.85,0,0,0
"TX1500001","inside","sewer",58,0,111.82,53.82,0,0,0
"TX1500001","inside","storm",0,0,0,0,0,0,0
"TX1500001","inside","total",95.91,0,200.28,104.37,0,0,0
"TX1500001","inside","water",37.91,0,88.46,50.55,0,0,0
"TX1500001","outside","sewer",58,0,111.82,53.82,0,0,0
"TX1500001","outside","total",95.91,0,200.28,104.37,0,0,0
"TX1500001","outside","water",37.91,0,88.46,50.55,0,0,0
"TX1500002","inside","sewer",56.75,0,56.75,0,0,0,0
"TX1500002","inside","storm",0,0,0,0,0,0,0
"TX1500002","inside","total",97.69,0,139.38,0,0,0,0
"TX1500002","inside","water",40.94,0,82.63,41.69,0,0,0
"TX1500010","inside","sewer",32.89,0,32.89,0,0,0,0
"TX1500010","inside","storm",0,0,0,0,0,0,0
"TX1500010","inside","total",84.89,0,143.64,0,0,0,0
"TX1500010","inside","water",52,0,110.75,58.75,0,0,0
"TX1500015","inside","sewer",59.45,0,59.45,0,0,0,0
"TX1500015","inside","storm",0,0,0,0,0,0,0
"TX1500015","inside","total",94.28,0,149.91,0,0,0,0
"TX1500015","inside","water",34.83,0,90.46,55.63,0,0,0
"TX1500015","outside","sewer",59.45,0,59.45,0,0,0,0
"TX1500015","outside","total",128.05,0,237.83,0,0,0,0
"TX1500015","outside","water",68.6,0,178.38,109.78,0,0,0
"TX1520004","inside","sewer",18.5,0,31,12.5,0,0,0
"TX1520004","inside","storm",0,0,0,0,0,0,0
"TX1520004","inside","total",36.5,12.61,116.73,67.62,0,0,0
"TX1520004","inside","water",18,12.61,85.73,55.12,0,0,0
"TX1520004","outside","sewer",18.5,0,31,12.5,0,0,0
"TX1520004","outside","total",36.5,12.61,155.09,105.98,0,0,0
"TX1520004","outside","water",18,12.61,124.09,93.48,0,0,0
"TX1520005","inside","sewer",32,0,32,0,0,0,0
"TX1520005","inside","storm",0,0,0,0,0,0,0
"TX1520005","inside","total",90,5.29,132.49,0,0,0,0
"TX1520005","inside","water",58,5.29,100.49,37.2,0,0,0
"TX1530002","inside","sewer",30,0,30,0,0,0,0
"TX1530002","inside","storm",0,0,0,0,0,0,0
"TX1530002","inside","total",57.74,0,82.74,0,0,0,0
"TX1530002","inside","water",27.74,0,52.74,25,0,0,0
"TX1550004","inside","sewer",38.69,0,96.59,57.9,0,0,0
"TX1550004","inside","storm",0,0,0,0,0,0,0
"TX1550004","inside","total",73.69,0,225.48,151.79,0,0,0
"TX1550004","inside","water",35,0,128.89,93.89,0,0,0
"TX1550004","outside","sewer",38.69,0,96.59,57.9,0,0,0
"TX1550004","outside","total",82.09,0,248.98,166.89,0,0,0
"TX1550004","outside","water",43.4,0,152.39,108.99,0,0,0
"TX1550009","inside","sewer",20.4,0,20.4,0,0,0,0
"TX1550009","inside","storm",0,0,0,0,0,0,0
"TX1550009","inside","total",70.23,0,111.13,0,0,0,0
"TX1550009","inside","water",49.83,0,90.73,40.9,0,0,0
"TX1550010","inside","sewer",41.73,0,44.81,3.08,0,0,0
"TX1550010","inside","storm",0,0,0,0,0,0,0
"TX1550010","inside","total",87.98,0,166.26,78.28,0,0,0
"TX1550010","inside","water",46.25,0,121.45,75.2,0,0,0
"TX1550017","inside","sewer",32.89,0,32.89,0,0,0,0
"TX1550017","inside","storm",0,0,0,0,0,0,0
"TX1550017","inside","total",62.89,0,120.89,0,0,0,0
"TX1550017","inside","water",30,0,88,58,0,0,0
"TX1550021","inside","sewer",32.89,0,32.89,0,0,0,0
"TX1550021","inside","storm",0,0,0,0,0,0,0
"TX1550021","inside","total",65.89,0,110.89,0,0,0,0
"TX1550021","inside","water",33,0,78,45,0,0,0
"TX1550022","inside","sewer",32.89,0,32.89,0,0,0,0
"TX1550022","inside","storm",0,0,0,0,0,0,0
"TX1550022","inside","total",77.89,0,158.88,0,0,0,0
"TX1550022","inside","water",45,0,125.99,80.99,0,0,0
"TX1550023","inside","sewer",32.89,0,32.89,0,0,0,0
"TX1550023","inside","storm",0,0,0,0,0,0,0
"TX1550023","inside","total",82.89,0,163.37,0,0,0,0
"TX1550023","inside","water",50,0,130.48,80.48,0,0,0
"TX1550025","inside","sewer",32.89,0,32.89,0,0,0,0
"TX1550025","inside","storm",0,0,0,0,0,0,0
"TX1550025","inside","total",62.89,0,181.89,0,0,0,0
"TX1550025","inside","water",30,0,149,119,0,0,0
"TX1550027","inside","sewer",32.89,0,32.89,0,0,0,0
"TX1550027","inside","storm",0,0,0,0,0,0,0
"TX1550027","inside","total",67.39,0,189.87,0,0,0,0
"TX1550027","inside","water",34.5,0,156.98,122.48,0,0,0
"TX1550028","inside","sewer",32.89,0,32.89,0,0,0,0
"TX1550028","inside","storm",0,0,0,0,0,0,0
"TX1550028","inside","total",57.89,0,98.89,0,0,0,0
"TX1550028","inside","water",25,0,66,41,0,0,0
"TX1550031","inside","sewer",26.5,0,71.5,45,0,0,0
"TX1550031","inside","storm",0,0,0,0,0,0,0
"TX1550031","inside","total",56.5,0,165.43,108.93,0,0,0
"TX1550031","inside","water",30,0,93.93,63.93,0,0,0
"TX1550033","inside","sewer",22.28,0,43.4,21.12,0,0,0
"TX1550033","inside","storm",0,0,0,0,0,0,0
"TX1550033","inside","total",59.26,0,225.83,166.57,0,0,0
"TX1550033","inside","water",36.98,0,182.43,145.45,0,0,0
"TX1550033","outside","sewer",22.28,0,43.4,21.12,0,0,0
"TX1550033","outside","total",59.26,0,225.83,166.57,0,0,0
"TX1550033","outside","water",36.98,0,182.43,145.45,0,0,0
"TX1550035","inside","sewer",32.89,0,32.89,0,0,0,0
"TX1550035","inside","storm",0,0,0,0,0,0,0
"TX1550035","inside","total",84.89,0,142.64,0,0,0,0
"TX1550035","inside","water",52,0,109.75,57.75,0,0,0
"TX1550048","inside","sewer",19,0,52.75,33.75,0,0,0
"TX1550048","inside","storm",0,0,0,0,0,0,0
"TX1550048","inside","total",49,0,132.15,83.15,0,0,0
"TX1550048","inside","water",30,0,79.4,49.4,0,0,0
"TX1550048","outside","sewer",19,0,52.75,33.75,0,0,0
"TX1550048","outside","total",49,0,168.15,119.15,0,0,0
"TX1550048","outside","water",30,0,115.4,85.4,0,0,0
"TX1570001","inside","sewer",23,0,23,0,0,0,0
"TX1570001","inside","storm",0,0,0,0,0,0,0
"TX1570001","inside","total",38,0,94.5,0,0,0,0
"TX1570001","inside","water",15,0,71.5,56.5,0,0,0
"TX1570001","outside","sewer",42,0,42,0,0,0,0
"TX1570001","outside","total",90,0,160.96,0,0,0,0
"TX1570001","outside","water",48,0,118.96,70.96,0,0,0
"TX1590001","inside","sewer",26.77,0,26.77,0,0,0,0
"TX1590001","inside","storm",0,0,0,0,0,0,0
"TX1590001","inside","total",62.94,0,114.17,0,0,0,0
"TX1590001","inside","water",36.17,0,87.4,51.23,0,0,0
"TX1590001","outside","sewer",53.54,0,53.54,0,0,0,0
"TX1590001","outside","total",89.71,0,140.94,0,0,0,0
"TX1590001","outside","water",36.17,0,87.4,51.23,0,0,0
"TX1610004","inside","sewer",16,0,75.19,59.19,0,0,0
"TX1610004","inside","storm",0,0,0,0,0,0,0
"TX1610004","inside","total",32,0,158.18,126.18,0,0,0
"TX1610004","inside","water",16,0,82.99,66.99,0,0,0
"TX1610004","outside","sewer",16,0,75.19,59.19,0,0,0
"TX1610004","outside","total",32,0,212.54,180.54,0,0,0
"TX1610004","outside","water",16,0,137.35,121.35,0,0,0
"TX1630002","inside","sewer",26.01,0,49.02,23.01,0,0,0
"TX1630002","inside","storm",0,0,0,0,0,0,0
"TX1630002","inside","total",57.22,0,115.29,58.07,0,0,0
"TX1630002","inside","water",31.21,0,66.27,35.06,0,0,0
"TX1630002","outside","sewer",26.01,0,49.02,23.01,0,0,0
"TX1630002","outside","total",88.43,0,181.66,93.23,0,0,0
"TX1630002","outside","water",62.42,0,132.64,70.22,0,0,0
"TX1630006","inside","sewer",0,0,69.07,69.07,0,0,0
"TX1630006","inside","storm",0,0,0,0,0,0,0
"TX1630006","inside","total",0,0,183.11,144.97,0,0,0
"TX1630006","inside","water",38.14,0,114.04,75.9,0,0,0
"TX1660002","inside","sewer",16.5,0,113.1,96.6,0,0,0
"TX1660002","inside","storm",0,0,0,0,0,0,0
"TX1660002","inside","total",54,0,233.43,179.43,0,0,0
"TX1660002","inside","water",37.5,0,120.33,82.83,0,0,0
"TX1660014","inside","sewer",32.89,0,32.89,0,0,0,0
"TX1660014","inside","storm",0,0,0,0,0,0,0
"TX1660014","inside","total",84.89,0,126.14,0,0,0,0
"TX1660014","inside","water",52,0,93.25,41.25,0,0,0
"TX1680001","inside","sewer",28,0,28,0,0,0,0
"TX1680001","inside","storm",0,0,0,0,0,0,0
"TX1680001","inside","total",51,0,115.24,0,0,0,0
"TX1680001","inside","water",23,0,87.24,64.24,0,0,0
"TX1680001","outside","sewer",28,0,28,0,0,0,0
"TX1680001","outside","total",64,0,134.73,0,0,0,0
"TX1680001","outside","water",36,0,106.73,70.73,0,0,0
"TX1700005","inside","sewer",32.89,0,32.89,0,0,0,0
"TX1700005","inside","storm",0,0,0,0,0,0,0
"TX1700005","inside","total",67.89,0,122.14,0,0,0,0
"TX1700005","inside","water",35,0,89.25,54.25,0,0,0
"TX1700011","inside","sewer",33,0,36.4,3.4,0,0,0
"TX1700011","inside","storm",0,0,0,0,0,0,0
"TX1700011","inside","total",51,0,98.82,47.82,0,0,0
"TX1700011","inside","water",18,0,62.42,44.42,0,0,0
"TX1700025","inside","sewer",0,0,45.89,0,0,45.89,0
"TX1700025","inside","storm",0,0,0,0,0,0,0
"TX1700025","inside","total",0,0,118.77,0,0,0,0
"TX1700025","inside","water",13.46,0,72.88,59.42,0,0,0
"TX1700025","outside","sewer",123.95,0,273.57,149.62,0,0,0
"TX1700025","outside","total",308.95,0,637.96,329.01,0,0,0
"TX1700025","outside","water",185,0,364.39,179.39,0,0,0
"TX1700283","inside","sewer",38,0,38,0,0,0,0
"TX1700283","inside","storm",0,0,0,0,0,0,0
"TX1700283","inside","total",52.2,0,65.55,0,0,0,0
"TX1700283","inside","water",14.2,0,27.55,13.35,0,0,0
"TX1700578","inside","sewer",32.89,0,32.89,0,0,0,0
"TX1700578","inside","storm",0,0,0,0,0,0,0
"TX1700578","inside","total",59.89,0,113.89,0,0,0,0
"TX1700578","inside","water",27,0,81,54,0,0,0
"TX1720013","inside","sewer",32.89,0,32.89,0,0,0,0
"TX1720013","inside","storm",0,0,0,0,0,0,0
"TX1720013","inside","total",65.84,0,144.33,0,0,0,0
"TX1720013","inside","water",32.95,0,111.44,78.49,0,0,0
"TX1740006","inside","sewer",32.89,0,32.89,0,0,0,0
"TX1740006","inside","storm",0,0,0,0,0,0,0
"TX1740006","inside","total",62.89,0,115.39,0,0,0,0
"TX1740006","inside","water",30,0,82.5,52.5,0,0,0
"TX1750010","inside","sewer",18,0,68.4,50.4,0,0,0
"TX1750010","inside","storm",0,0,0,0,0,0,0
"TX1750010","inside","total",46.35,0,201.75,155.4,0,0,0
"TX1750010","inside","water",28.35,0,133.35,105,0,0,0
"TX1750013","inside","sewer",32.89,0,32.89,0,0,0,0
"TX1750013","inside","storm",0,0,0,0,0,0,0
"TX1750013","inside","total",57.89,0,159.38,0,0,0,0
"TX1750013","inside","water",25,0,126.49,101.49,0,0,0
"TX1750028","inside","sewer",18,0,68.4,50.4,0,0,0
"TX1750028","inside","storm",0,0,0,0,0,0,0
"TX1750028","inside","total",43,0,183.4,140.4,0,0,0
"TX1750028","inside","water",25,0,115,90,0,0,0
"TX1810004","inside","sewer",13.71,0,139.14,125.43,0,0,0
"TX1810004","inside","storm",0,0,0,0,0,0,0
"TX1810004","inside","total",24.63,0,186.46,161.83,0,0,0
"TX1810004","inside","water",10.92,0,47.32,36.4,0,0,0
"TX1820001","inside","sewer",12.79,0,98.47,85.68,0,0,0
"TX1820001","inside","storm",0,0,2.5,0,0,0,0
"TX1820001","inside","total",35.59,0,210.51,174.92,0,0,0
"TX1820001","inside","water",22.8,0,112.04,89.24,0,0,0
"TX1820005","inside","sewer",13.75,0,34.75,21,0,0,0
"TX1820005","inside","storm",0,0,0,0,0,0,0
"TX1820005","inside","total",40.75,0,125.94,85.19,0,0,0
"TX1820005","inside","water",27,0,91.19,64.19,0,0,0
"TX1820005","outside","sewer",13.75,0,34.75,21,0,0,0
"TX1820005","outside","total",45,0,133.79,88.79,0,0,0
"TX1820005","outside","water",31.25,0,99.04,67.79,0,0,0
"TX1820069","inside","sewer",32.89,0,32.89,0,0,0,0
"TX1820069","inside","storm",0,0,0,0,0,0,0
"TX1820069","inside","total",99.12,0,199.66,0,0,0,0
"TX1820069","inside","water",66.23,0,166.77,100.54,0,0,0
"TX1840003","inside","sewer",23.94,0,107.04,83.1,0,0,0
"TX1840003","inside","storm",0,0,0,0,0,0,0
"TX1840003","inside","total",49.13,0,282.71,233.58,0,0,0
"TX1840003","inside","water",25.19,0,175.67,150.48,0,0,0
"TX1840003","outside","sewer",23.94,0,107.04,83.1,0,0,0
"TX1840003","outside","total",50.85,0,278.88,228.03,0,0,0
"TX1840003","outside","water",26.91,0,171.84,144.93,0,0,0
"TX1840005","inside","sewer",21.48,0,113.93,92.45,0,0,0
"TX1840005","inside","storm",0,0,0,0,0,0,0
"TX1840005","inside","total",52.62,0,271.25,218.63,0,0,0
"TX1840005","inside","water",31.14,0,157.32,126.18,0,0,0
"TX1840005","outside","sewer",24.17,0,128.18,104.01,0,0,0
"TX1840005","outside","total",59.2,0,305.17,245.97,0,0,0
"TX1840005","outside","water",35.03,0,176.99,141.96,0,0,0
"TX1840027","inside","sewer",18.43,0,89.68,71.25,0,0,0
"TX1840027","inside","storm",0,0,0,0,0,0,0
"TX1840027","inside","total",70.57,0,206.05,135.48,0,0,0
"TX1840027","inside","water",52.14,0,116.37,64.23,0,0,0
"TX1840027","outside","sewer",18.43,0,89.68,71.25,0,0,0
"TX1840027","outside","total",78.39,0,223.46,145.07,0,0,0
"TX1840027","outside","water",59.96,0,133.78,73.82,0,0,0
"TX1860001","inside","sewer",18.56,0,26.36,7.8,0,0,0
"TX1860001","inside","storm",0,0,0,0,0,0,0
"TX1860001","inside","total",33.71,0,79.06,45.35,0,0,0
"TX1860001","inside","water",15.15,0,52.7,37.55,0,0,0
"TX1870002","inside","sewer",20,0,36.25,16.25,0,0,0
"TX1870002","inside","storm",0,0,0,0,0,0,0
"TX1870002","inside","total",40,0,95.25,55.25,0,0,0
"TX1870002","inside","water",20,0,59,39,0,0,0
"TX1870030","inside","sewer",32.89,0,32.89,0,0,0,0
"TX1870030","inside","storm",0,0,0,0,0,0,0
"TX1870030","inside","total",50.89,0,131.87,0,0,0,0
"TX1870030","inside","water",18,0,98.98,80.98,0,0,0
"TX1900001","inside","sewer",20,0,53.75,33.75,0,0,0
"TX1900001","inside","storm",0,0,0,0,0,0,0
"TX1900001","inside","total",31.25,0,155.74,124.49,0,0,0
"TX1900001","inside","water",11.25,0,101.99,90.74,0,0,0
"TX1900001","outside","sewer",42.2,0,75.95,33.75,0,0,0
"TX1900001","outside","total",65.95,0,190.44,124.49,0,0,0
"TX1900001","outside","water",23.75,0,114.49,90.74,0,0,0
"TX1990002","inside","sewer",32.68,0,123.15,90.47,0,0,0
"TX1990002","inside","storm",0,0,0,0,0,0,0
"TX1990002","inside","total",60.74,0,226.98,166.24,0,0,0
"TX1990002","inside","water",28.06,0,103.83,75.77,0,0,0
"TX1990002","outside","sewer",49.03,0,184.74,135.71,0,0,0
"TX1990002","outside","total",91.11,0,340.51,249.4,0,0,0
"TX1990002","outside","water",42.08,0,155.77,113.69,0,0,0
"TX1990014","inside","sewer",73.88,0,73.88,0,0,0,0
"TX1990014","inside","storm",0,0,0,0,0,0,0
"TX1990014","inside","total",105.19,0,176.2,0,0,0,0
"TX1990014","inside","water",31.31,0,102.32,71.01,0,0,0
"TX2010001","inside","sewer",15,0,50,35,0,0,0
"TX2010001","inside","storm",0,0,0,0,0,0,0
"TX2010001","inside","total",34,0,130.49,96.49,0,0,0
"TX2010001","inside","water",19,0,80.49,61.49,0,0,0
"TX2010001","outside","sewer",22.5,0,75,52.5,0,0,0
"TX2010001","outside","total",49.5,0,194.22,144.72,0,0,0
"TX2010001","outside","water",27,0,119.22,92.22,0,0,0
"TX2020004","inside","sewer",32.89,0,32.89,0,0,0,0
"TX2020004","inside","storm",0,0,0,0,0,0,0
"TX2020004","inside","total",70.89,0,70.89,0,0,0,0
"TX2020004","inside","water",38,0,38,0,0,0,0
"TX2040002","inside","sewer",32.89,0,32.89,0,0,0,0
"TX2040002","inside","storm",0,0,0,0,0,0,0
"TX2040002","inside","total",63.89,0,104.39,0,0,0,0
"TX2040002","inside","water",31,0,71.5,40.5,0,0,0
"TX2040005","inside","sewer",20,0,20,0,0,0,0
"TX2040005","inside","storm",0,0,0,0,0,0,0
"TX2040005","inside","total",40,0,83.79,0,0,0,0
"TX2040005","inside","water",20,0,63.79,43.79,0,0,0
"TX2040058","inside","sewer",32.89,0,32.89,0,0,0,0
"TX2040058","inside","storm",0,0,0,0,0,0,0
"TX2040058","inside","total",60.89,0,105.89,0,0,0,0
"TX2040058","inside","water",28,0,73,45,0,0,0
"TX2050002","inside","sewer",22.83,0,60.93,38.1,0,0,0
"TX2050002","inside","storm",0,0,0,0,0,0,0
"TX2050002","inside","total",47.2,0,156.63,109.43,0,0,0
"TX2050002","inside","water",24.37,0,95.7,71.33,0,0,0
"TX2050003","inside","sewer",15.09,0,56.69,41.6,0,0,0
"TX2050003","inside","storm",0,0,0,0,0,0,0
"TX2050003","inside","total",47.16,0,139.07,91.91,0,0,0
"TX2050003","inside","water",32.07,0,82.38,50.31,0,0,0
"TX2050003","outside","sewer",23.1,0,90.82,67.72,0,0,0
"TX2050003","outside","total",68.57,0,211.81,143.24,0,0,0
"TX2050003","outside","water",45.47,0,120.99,75.52,0,0,0
"TX2050005","inside","sewer",42.93,0,65.88,22.95,0,0,0
"TX2050005","inside","storm",0,0,0,0,0,0,0
"TX2050005","inside","total",60.86,0,142.88,82.02,0,0,0
"TX2050005","inside","water",17.93,0,77,59.07,0,0,0
"TX2050006","inside","sewer",19.41,0,34.53,15.12,0,0,0
"TX2050006","inside","storm",0,0,0,0,0,0,0
"TX2050006","inside","total",40.58,0,94.84,54.26,0,0,0
"TX2050006","inside","water",21.17,0,60.31,39.14,0,0,0
"TX2050006","outside","sewer",27.19,0,49.97,22.78,0,0,0
"TX2050006","outside","total",56.06,0,117.98,61.92,0,0,0
"TX2050006","outside","water",28.87,0,68.01,39.14,0,0,0
"TX2090005","inside","sewer",32.89,0,32.89,0,0,0,0
"TX2090005","inside","storm",0,0,0,0,0,0,0
"TX2090005","inside","total",79.89,20,367.65,0,0,0,0
"TX2090005","inside","water",47,20,334.76,267.76,0,0,0
"TX2120002","inside","sewer",18.95,0,43.75,24.8,0,0,0
"TX2120002","inside","storm",0,0,0,0,0,0,0
"TX2120002","inside","total",37.9,0,112.88,74.98,0,0,0
"TX2120002","inside","water",18.95,0,69.13,50.18,0,0,0
"TX2120002","outside","sewer",28.43,0,65.63,37.2,0,0,0
"TX2120002","outside","total",56.86,0,169.32,112.46,0,0,0
"TX2120002","outside","water",28.43,0,103.69,75.26,0,0,0
"TX2120003","inside","sewer",16.27,0,185,168.73,0,0,0
"TX2120003","inside","storm",0,0,0,0,0,0,0
"TX2120003","inside","total",34.4,0,273.43,239.03,0,0,0
"TX2120003","inside","water",18.13,0,88.43,70.3,0,0,0
"TX2120003","outside","sewer",32.54,0,201.27,168.73,0,0,0
"TX2120003","outside","total",68.8,0,378.13,309.33,0,0,0
"TX2120003","outside","water",36.26,0,176.86,140.6,0,0,0
"TX2120007","inside","sewer",32.89,0,32.89,0,0,0,0
"TX2120007","inside","storm",0,0,0,0,0,0,0
"TX2120007","inside","total",59.89,0,128.14,0,0,0,0
"TX2120007","inside","water",27,0,95.25,68.25,0,0,0
"TX2120011","inside","sewer",32.89,0,32.89,0,0,0,0
"TX2120011","inside","storm",0,0,0,0,0,0,0
"TX2120011","inside","total",62.89,0,116.54,0,0,0,0
"TX2120011","inside","water",30,0,83.65,53.65,0,0,0
"TX2120025","inside","sewer",23,0,35.88,12.88,0,0,0
"TX2120025","inside","storm",0,0,1.5,0,0,0,0
"TX2120025","inside","total",59.61,0,146.19,86.58,0,0,0
"TX2120025","inside","water",36.61,0,110.31,73.7,0,0,0
"TX2120103","inside","sewer",32.89,0,32.89,0,0,0,0
"TX2120103","inside","storm",0,0,0,0,0,0,0
"TX2120103","inside","total",59.89,0,128.14,0,0,0,0
"TX2120103","inside","water",27,0,95.25,68.25,0,0,0
"TX2120105","inside","sewer",39.5,9.22,48.72,0,0,0,0
"TX2120105","inside","storm",0,0,0,0,0,0,0
"TX2120105","inside","total",101.5,9.22,183.22,0,0,0,0
"TX2120105","inside","water",62,0,134.5,72.5,0,0,0
"TX2200010","inside","sewer",30.68,0,64.88,34.2,0,0,0
"TX2200010","inside","storm",0,0,0,0,0,0,0
"TX2200010","inside","total",57.46,0,152.29,94.83,0,0,0
"TX2200010","inside","water",26.78,0,87.41,60.63,0,0,0
"TX2200010","outside","sewer",30.68,0,64.88,34.2,0,0,0
"TX2200010","outside","total",72.68,0,176.3,103.62,0,0,0
"TX2200010","outside","water",42,0,111.42,69.42,0,0,0
"TX2200017","inside","sewer",30,0,73.5,43.5,0,0,0
"TX2200017","inside","storm",0,0,0,0,0,0,0
"TX2200017","inside","total",50,0,160.84,110.84,0,0,0
"TX2200017","inside","water",20,0,87.34,67.34,0,0,0
"TX2200017","outside","sewer",67.5,0,132.75,65.25,0,0,0
"TX2200017","outside","total",106.5,0,239.09,132.59,0,0,0
"TX2200017","outside","water",39,0,106.34,67.34,0,0,0
"TX2200022","inside","sewer",33.35,0,61.3,27.95,0,0,0
"TX2200022","inside","storm",0,0,0,0,0,0,0
"TX2200022","inside","total",57.8,0,155.48,97.68,0,0,0
"TX2200022","inside","water",24.45,0,94.18,69.73,0,0,0
"TX2200023","inside","sewer",16.49,0,50.16,33.67,0,0,0
"TX2200023","inside","storm",0,0,0,0,0,0,0
"TX2200023","inside","total",31.51,0,127.13,95.62,0,0,0
"TX2200023","inside","water",15.02,0,76.97,61.95,0,0,0
"TX2200060","inside","sewer",14.95,0,88.9,73.95,0,0,0
"TX2200060","inside","storm",0,0,0,0,0,0,0
"TX2200060","inside","total",24.95,0,151.25,126.3,0,0,0
"TX2200060","inside","water",10,0,62.35,52.35,0,0,0
"TX2200060","outside","sewer",22.43,0,133.43,111,0,0,0
"TX2200060","outside","total",37.43,0,226.91,189.48,0,0,0
"TX2200060","outside","water",15,0,93.48,78.48,0,0,0
"TX2200071","inside","sewer",25,0,67.48,42.48,0,0,0
"TX2200071","inside","storm",0,0,2.5,0,0,0,0
"TX2200071","inside","total",55,0,209.44,154.44,0,0,0
"TX2200071","inside","water",30,0,141.96,111.96,0,0,0
"TX2200075","inside","sewer",38.94,0,74.78,35.84,0,0,0
"TX2200075","inside","storm",0,0,8,0,0,0,0
"TX2200075","inside","total",80.45,0,180.05,99.6,0,0,0
"TX2200075","inside","water",41.51,0,105.27,63.76,0,0,0
"TX2200081","inside","sewer",23.05,0,121.68,98.63,0,0,0
"TX2200081","inside","storm",0,0,4.61,0,0,0,0
"TX2200081","inside","total",43.92,0,234.08,190.16,0,0,0
"TX2200081","inside","water",20.87,0,112.4,91.53,0,0,0
"TX2250001","inside","sewer",14.7,0,42.26,27.56,0,0,0
"TX2250001","inside","storm",0,0,0,0,0,0,0
"TX2250001","inside","total",29.83,0,95.09,65.26,0,0,0
"TX2250001","inside","water",15.13,0,52.83,37.7,0,0,0
"TX2260020","inside","sewer",32.89,0,32.89,0,0,0,0
"TX2260020","inside","storm",0,0,0,0,0,0,0
"TX2260020","inside","total",65.39,0,145.54,0,33.75,0,0
"TX2260020","inside","water",32.5,0,112.65,46.4,33.75,0,0
"TX2260057","inside","sewer",32.89,0,32.89,0,0,0,0
"TX2260057","inside","storm",0,0,0,0,0,0,0
"TX2260057","inside","total",65.39,0,145.54,0,33.75,0,0
"TX2260057","inside","water",32.5,0,112.65,46.4,33.75,0,0
"TX2260093","inside","sewer",32.89,0,32.89,0,0,0,0
"TX2260093","inside","storm",0,0,0,0,0,0,0
"TX2260093","inside","total",65.39,0,145.54,0,33.75,0,0
"TX2260093","inside","water",32.5,0,112.65,46.4,33.75,0,0
"TX2270002","inside","sewer",19,0,79.8,60.8,0,0,0
"TX2270002","inside","storm",0,0,0,0,0,0,0
"TX2270002","inside","total",46.16,0,152.14,105.98,0,0,0
"TX2270002","inside","water",27.16,0,72.34,45.18,0,0,0
"TX2270004","inside","sewer",4,0,32.55,28.55,0,0,0
"TX2270004","inside","storm",0,0,4.33,0,0,0,0
"TX2270004","inside","total",13.14,0,102.79,89.65,0,0,0
"TX2270004","inside","water",9.14,0,70.24,61.1,0,0,0
"TX2270009","inside","sewer",32.89,0,32.89,0,0,0,0
"TX2270009","inside","storm",0,0,0,0,0,0,0
"TX2270009","inside","total",62.89,0,105.39,0,0,0,0
"TX2270009","inside","water",30,0,72.5,42.5,0,0,0
"TX2270014","inside","sewer",37.12,0,37.12,0,0,0,0
"TX2270014","inside","storm",0,0,0,0,0,0,0
"TX2270014","inside","total",54.89,0,123.77,0,0,0,0
"TX2270014","inside","water",17.77,0,86.65,68.88,0,0,0
"TX2270049","inside","sewer",32.89,0,32.89,0,0,0,0
"TX2270049","inside","storm",0,0,0,0,0,0,0
"TX2270049","inside","total",76.89,0,155.12,0,0,0,0
"TX2270049","inside","water",44,0,122.23,78.23,0,0,0
"TX2270092","inside","sewer",19,0,180.25,161.25,0,0,0
"TX2270092","inside","storm",0,0,0,0,0,0,0
"TX2270092","inside","total",55.52,0,307.49,251.97,0,0,0
"TX2270092","inside","water",36.52,0,127.24,90.72,0,0,0
"TX2270172","inside","sewer",9,0,9.98,0.98,0,0,0
"TX2270172","inside","storm",0,0,0,0,0,0,0
"TX2270172","inside","total",23.78,0,61.21,37.43,0,0,0
"TX2270172","inside","water",14.78,0,51.23,36.45,0,0,0
"TX2270312","inside","sewer",32.89,0,32.89,0,0,0,0
"TX2270312","inside","storm",0,0,0,0,0,0,0
"TX2270312","inside","total",53.69,0,108.04,0,0,0,0
"TX2270312","inside","water",20.8,0,75.15,54.35,0,0,0
"TX2270352","inside","sewer",33,0,123,90,0,0,0
"TX2270352","inside","storm",0,0,0,0,0,0,0
"TX2270352","inside","total",70.5,0,208,137.5,0,0,0
"TX2270352","inside","water",37.5,0,85,47.5,0,0,0
"TX2270352","outside","sewer",111.5,0,216.5,105,0,0,0
"TX2270352","outside","total",281.5,0,448.99,167.49,0,0,0
"TX2270352","outside","water",170,0,232.49,62.49,0,0,0
"TX2290001","inside","sewer",17,0,56,39,0,0,0
"TX2290001","inside","storm",0,0,0,0,0,0,0
"TX2290001","inside","total",34,0,112,78,0,0,0
"TX2290001","inside","water",17,0,56,39,0,0,0
"TX2290001","outside","sewer",25,0,83.5,58.5,0,0,0
"TX2290001","outside","total",50,0,167,117,0,0,0
"TX2290001","outside","water",25,0,83.5,58.5,0,0,0
"TX2320002","inside","sewer",15.1,0,35.35,20.25,0,0,0
"TX2320002","inside","storm",0,0,0,0,0,0,0
"TX2320002","inside","total",29.67,0,154.78,39.49,85.62,0,0
"TX2320002","inside","water",14.57,0,119.43,19.24,85.62,0,0
"TX2320002","outside","sewer",30.2,0,86.9,56.7,0,0,0
"TX2320002","outside","total",59.34,0,240.14,95.18,85.62,0,0
"TX2320002","outside","water",29.14,0,153.24,38.48,85.62,0,0
"TX2320032","inside","sewer",32.89,0,32.89,0,0,0,0
"TX2320032","inside","storm",0,0,0,0,0,0,0
"TX2320032","inside","total",57.89,0,267.88,0,0,0,0
"TX2320032","inside","water",25,0,234.99,209.99,0,0,0
"TX2340004","inside","sewer",20,0,34.25,14.25,0,0,0
"TX2340004","inside","storm",0,0,0,0,0,0,0
"TX2340004","inside","total",40,0,97,57,0,0,0
"TX2340004","inside","water",20,0,62.75,42.75,0,0,0
"TX2340004","outside","sewer",40,0,83.5,43.5,0,0,0
"TX2340004","outside","total",80,0,182.99,102.99,0,0,0
"TX2340004","outside","water",40,0,99.49,59.49,0,0,0
"TX2340005","inside","sewer",29.5,0,62.65,33.15,0,0,0
"TX2340005","inside","storm",0,0,0,0,0,0,0
"TX2340005","inside","total",57.5,0,128,70.5,0,0,0
"TX2340005","inside","water",28,0,65.35,37.35,0,0,0
"TX2340005","outside","sewer",51.5,0,89.2,37.7,0,0,0
"TX2340005","outside","total",103,0,178.5,75.5,0,0,0
"TX2340005","outside","water",51.5,0,89.3,37.8,0,0,0
"TX2340009","inside","sewer",32.89,0,32.89,0,0,0,0
"TX2340009","inside","storm",0,0,0,0,0,0,0
"TX2340009","inside","total",67.39,0,207.77,0,0,0,0
"TX2340009","inside","water",34.5,0,174.88,140.38,0,0,0
"TX2340011","inside","sewer",32.89,0,32.89,0,0,0,0
"TX2340011","inside","storm",0,0,0,0,0,0,0
"TX2340011","inside","total",86.35,0,187.08,0,0,0,0
"TX2340011","inside","water",53.46,0,154.19,100.73,0,0,0
"TX2340045","inside","sewer",32.89,0,32.89,0,0,0,0
"TX2340045","inside","storm",0,0,0,0,0,0,0
"TX2340045","inside","total",62.89,0,128.48,0,0,0,0
"TX2340045","inside","water",30,0,95.59,65.59,0,0,0
"TX2370001","inside","sewer",27.62,0,27.62,0,0,0,0
"TX2370001","inside","storm",0,0,0,0,0,0,0
"TX2370001","inside","total",51.98,0,105.23,0,0,0,0
"TX2370001","inside","water",24.36,0,77.61,53.25,0,0,0
"TX2370003","inside","sewer",28.44,0,28.44,0,0,0,0
"TX2370003","inside","storm",0,0,0,0,0,0,0
"TX2370003","inside","total",45.49,0,79.81,0,0,0,0
"TX2370003","inside","water",17.05,0,51.37,34.32,0,0,0
"TX2370003","outside","sewer",28.44,0,28.44,0,0,0,0
"TX2370003","outside","total",45.49,0,99.61,0,0,0,0
"TX2370003","outside","water",17.05,0,71.17,54.12,0,0,0
"TX2380001","inside","sewer",0,0,22.99,0,0,22.99,0
"TX2380001","inside","storm",0,0,0,0,0,0,0
"TX2380001","inside","total",0,0,72.91,0,0,0,0
"TX2380001","inside","water",11,0,49.92,38.92,0,0,0
"TX2380001","outside","sewer",0,0,22.99,0,0,22.99,0
"TX2380001","outside","total",0,0,94.84,0,0,0,0
"TX2380001","outside","water",17.25,0,71.85,54.6,0,0,0
"TX2390055","inside","sewer",32.89,0,32.89,0,0,0,0
"TX2390055","inside","storm",0,0,0,0,0,0,0
"TX2390055","inside","total",87.89,0,150.88,0,0,0,0
"TX2390055","inside","water",55,0,117.99,62.99,0,0,0
"TX2450001","inside","sewer",18.23,0,46.57,28.34,0,0,0
"TX2450001","inside","storm",0,0,0,0,0,0,0
"TX2450001","inside","total",39.92,0,123.51,83.59,0,0,0
"TX2450001","inside","water",21.69,0,76.94,55.25,0,0,0
"TX2450001","outside","sewer",26.06,0,75.2,49.14,0,0,0
"TX2450001","outside","total",57.14,0,192.72,135.58,0,0,0
"TX2450001","outside","water",31.08,0,117.52,86.44,0,0,0
"TX2460004","inside","sewer",28.84,0,132.49,103.65,0,0,0
"TX2460004","inside","storm",0,0,3,0,0,0,0
"TX2460004","inside","total",61.09,0,225.29,164.2,0,0,0
"TX2460004","inside","water",32.25,0,92.8,60.55,0,0,0
"TX2460015","inside","sewer",18,0,63.5,45.5,0,0,0
"TX2460015","inside","storm",0,0,0,0,0,0,0
"TX2460015","inside","total",47,0,197.14,150.14,0,0,0
"TX2460015","inside","water",29,0,133.64,104.64,0,0,0
"TX2460038","inside","sewer",32.89,0,32.89,0,0,0,0
"TX2460038","inside","storm",0,0,0,0,0,0,0
"TX2460038","inside","total",54.89,0,101.2,0,0,0,0
"TX2460038","inside","water",22,0,68.31,46.31,0,0,0
"TX2470001","inside","sewer",35.71,0,35.71,0,0,0,0
"TX2470001","inside","storm",0,0,0,0,0,0,0
"TX2470001","inside","total",65.61,0,114.81,0,0,0,0
"TX2470001","inside","water",29.9,0,79.1,49.2,0,0,0
"TX2470001","outside","sewer",35.71,0,35.71,0,0,0,0
"TX2470001","outside","total",85.01,0,167.2,0,0,0,0
"TX2470001","outside","water",49.3,0,131.49,82.19,0,0,0
"TX2490005","inside","sewer",21.93,0,62.84,40.91,0,0,0
"TX2490005","inside","storm",0,0,0,0,0,0,0
"TX2490005","inside","total",43.86,0,153.31,109.45,0,0,0
"TX2490005","inside","water",21.93,0,90.47,68.54,0,0,0
"TX2500002","inside","sewer",18.98,0,41.73,22.75,0,0,0
"TX2500002","inside","storm",0,0,0,0,0,0,0
"TX2500002","inside","total",32.52,0,155.13,122.61,0,0,0
"TX2500002","inside","water",13.54,0,113.4,99.86,0,0,0
"TX2500002","outside","sewer",21.75,0,21.75,0,0,0,0
"TX2500002","outside","total",36.06,0,152.33,0,0,0,0
"TX2500002","outside","water",14.31,0,130.58,116.27,0,0,0
"CA4000222","inside","sewer",9.5,0,279.42,269.92,0,0,0
"CA4000222","inside","storm",0,0,0,0,0,0,0
"CA4000222","inside","total",57.38,0,523.22,465.84,0,0,0
"CA4000222","inside","water",47.88,0,243.8,195.92,0,0,0
"CA4010005","inside","sewer",9.74,0,9.74,0,0,0,0
"CA4010005","inside","storm",0,0,0,0,0,0,0
"CA4010005","inside","total",40,0,160.19,0,0,0,0
"CA4010005","inside","water",30.26,0,150.45,120.19,0,0,0
"CT0090011","inside","sewer",28.08,0,124.28,96.2,0,0,0
"CT0090011","inside","storm",0,0,0,0,0,0,0
"CT0090011","inside","total",45.86,0,257.11,211.25,0,0,0
"CT0090011","inside","water",17.78,0,132.83,115.05,0,0,0
"CT0170011","inside","sewer",11.07,0,66.85,55.78,0,0,0
"CT0170011","inside","storm",0,0,0,0,0,0,0
"CT0170011","inside","total",31.35,0,142.87,111.52,0,0,0
"CT0170011","inside","water",20.28,0,76.02,55.74,0,0,0
"CT0180141","inside","sewer",36.67,0,36.67,0,0,0,0
"CT0180141","inside","storm",0,0,0,0,0,0,0
"CT0180141","inside","total",52.79,0,137.69,0,0,0,0
"CT0180141","inside","water",16.12,0,101.02,84.9,0,0,0
"CT0261031","inside","sewer",61.25,0,61.25,0,0,0,0
"CT0261031","inside","storm",0,0,0,0,0,0,0
"CT0261031","inside","total",77.94,0,253.53,0,0,0,0
"CT0261031","inside","water",16.69,0,192.28,175.59,0,0,0
"CT0280011","inside","sewer",0,0,96.99,96.99,0,0,0
"CT0280011","inside","storm",0,0,0,0,0,0,0
"CT0280011","inside","total",0,0,212.8,201.83,0,0,0
"CT0280011","inside","water",10.97,0,115.81,104.84,0,0,0
"CT0320051","inside","sewer",32.89,0,32.89,0,0,0,0
"CT0320051","inside","storm",0,0,0,0,0,0,0
"CT0320051","inside","total",49.58,0,242.33,0,0,0,0
"CT0320051","inside","water",16.69,0,209.44,192.75,0,0,0
"CT0330011","inside","sewer",22.92,0,22.92,0,0,0,0
"CT0330011","inside","storm",0,0,0,0,0,0,0
"CT0330011","inside","total",36.12,0,95.59,0,0,0,0
"CT0330011","inside","water",13.2,0,72.67,59.47,0,0,0
"CT0340011","inside","sewer",10.41,0,54.95,38.2,6.34,0,0
"CT0340011","inside","storm",0,0,0,0,0,0,0
"CT0340011","inside","total",15.86,0,108.05,85.85,6.34,0,0
"CT0340011","inside","water",5.45,0,53.1,47.65,0,0,0
"CT0378011","inside","sewer",20.83,0,20.91,0.08,0,0,0
"CT0378011","inside","storm",0,0,0,0,0,0,0
"CT0378011","inside","total",36.95,0,121.93,84.98,0,0,0
"CT0378011","inside","water",16.12,0,101.02,84.9,0,0,0
"CT0450011","inside","sewer",0,0,125.25,125.25,0,0,0
"CT0450011","inside","storm",0,0,0,0,0,0,0
"CT0450011","inside","total",0,26,272.09,180.68,0,0,0
"CT0450011","inside","water",65.41,26,146.84,55.43,0,0,0
"CT0580011","inside","sewer",4.15,0,128.87,124.72,0,0,0
"CT0580011","inside","storm",0,0,0,0,0,0,0
"CT0580011","inside","total",43.02,0,303.18,260.16,0,0,0
"CT0580011","inside","water",38.87,0,174.31,135.44,0,0,0
"CT0590011","inside","sewer",11.75,0,120.03,108.28,0,0,0
"CT0590011","inside","storm",0,0,0,0,0,0,0
"CT0590011","inside","total",29.85,0,234.35,204.5,0,0,0
"CT0590011","inside","water",18.1,0,114.32,96.22,0,0,0
"CT0640011","inside","sewer",7,0,154.59,106.48,41.11,0,0
"CT0640011","inside","storm",0,0,0,0,0,0,0
"CT0640011","inside","total",21.34,0,291.25,187.69,82.22,0,0
"CT0640011","inside","water",14.34,0,136.66,81.21,41.11,0,0
"CT0670331","inside","sewer",54.75,0,54.75,0,0,0,0
"CT0670331","inside","storm",0,0,0,0,0,0,0
"CT0670331","inside","total",79.13,0,262.88,0,0,0,0
"CT0670331","inside","water",24.38,0,208.13,183.75,0,0,0
"CT0680011","inside","sewer",13.83,0,13.83,0,0,0,0
"CT0680011","inside","storm",0,0,0,0,0,0,0
"CT0680011","inside","total",29.95,0,114.85,0,0,0,0
"CT0680011","inside","water",16.12,0,101.02,84.9,0,0,0
"CT0690011","inside","sewer",31.8,0,84.5,105.39,0,0,0
"CT0690011","inside","storm",0,0,0,0,0,0,0
"CT0690011","inside","total",46.6,0,198.05,204.14,0,0,0
"CT0690011","inside","water",14.8,0,113.55,98.75,0,0,0
"CT0720313","inside","sewer",41.52,0,284.52,243,0,0,0
"CT0720313","inside","storm",0,0,0,0,0,0,0
"CT0720313","inside","total",65.39,0,474.99,409.6,0,0,0
"CT0720313","inside","water",23.87,0,190.47,166.6,0,0,0
"CT0727051","inside","sewer",41.52,0,284.52,243,0,0,0
"CT0727051","inside","storm",0,0,0,0,0,0,0
"CT0727051","inside","total",71.41,0,451.49,380.08,0,0,0
"CT0727051","inside","water",29.89,0,166.97,137.08,0,0,0
"CT0740011","inside","sewer",34,0,34,0,0,0,0
"CT0740011","inside","storm",0,0,0,0,0,0,0
"CT0740011","inside","total",50.12,0,135.02,0,0,0,0
"CT0740011","inside","water",16.12,0,101.02,84.9,0,0,0
"CT0800011","inside","sewer",3.64,0,104.1,100.46,0,0,0
"CT0800011","inside","storm",0,0,0,0,0,0,0
"CT0800011","inside","total",7.56,0,204.47,196.91,0,0,0
"CT0800011","inside","water",3.92,0,100.37,96.45,0,0,0
"CT0800011","outside","sewer",5.46,0,156.15,150.69,0,0,0
"CT0800011","outside","total",11.33,0,306.7,295.37,0,0,0
"CT0800011","outside","water",5.87,0,150.55,144.68,0,0,0
"CT0830011","inside","sewer",6.47,0,136.13,129.66,0,0,0
"CT0830011","inside","storm",0,0,0,0,0,0,0
"CT0830011","inside","total",31.01,0,226.94,195.93,0,0,0
"CT0830011","inside","water",24.54,0,90.81,66.27,0,0,0
"CT0860011","inside","sewer",26.67,0,26.67,0,0,0,0
"CT0860011","inside","storm",0,0,0,0,0,0,0
"CT0860011","inside","total",50.54,0,217.14,0,0,0,0
"CT0860011","inside","water",23.87,0,190.47,166.6,0,0,0
"CT0864011","inside","sewer",26.67,0,26.67,0,0,0,0
"CT0864011","inside","storm",0,0,0,0,0,0,0
"CT0864011","inside","total",41.67,0,121.1,0,0,0,0
"CT0864011","inside","water",15,0,94.43,79.43,0,0,0
"CT0890011","inside","sewer",0,0,88.63,88.63,0,0,0
"CT0890011","inside","storm",0,0,0,0,0,0,0
"CT0890011","inside","total",0,0,178.2,147.2,0,0,0
"CT0890011","inside","water",31,0,89.57,58.57,0,0,0
"CT0890011","outside","sewer",0,0,150.67,150.67,0,0,0
"CT0890011","outside","total",0,0,298.22,245.52,0,0,0
"CT0890011","outside","water",52.7,0,147.55,94.85,0,0,0
"CT0900011","inside","sewer",0,0,22.92,0,0,22.92,0
"CT0900011","inside","storm",0,0,0,0,0,0,0
"CT0900011","inside","total",0,0,106.44,0,0,0,0
"CT0900011","inside","water",16.12,0,83.52,67.4,0,0,0
"CT0910011","inside","sewer",32.89,0,32.89,0,0,0,0
"CT0910011","inside","storm",0,0,0,0,0,0,0
"CT0910011","inside","total",87.17,0,87.17,0,0,0,0
"CT0910011","inside","water",54.28,0,54.28,0,0,0,0
"CT0920011","inside","sewer",43.52,0,313.34,269.82,0,0,0
"CT0920011","inside","storm",0,0,0,0,0,0,0
"CT0920011","inside","total",58.72,0,483.49,391.02,33.75,0,0
"CT0920011","inside","water",15.2,0,170.15,121.2,33.75,0,0
"CT0960011","inside","sewer",16.5,0,149.1,82.5,50.1,0,0
"CT0960011","inside","storm",0,0,0,0,0,0,0
"CT0960011","inside","total",32.62,0,250.12,167.4,50.1,0,0
"CT0960011","inside","water",16.12,0,101.02,84.9,0,0,0
"CT1020021","inside","sewer",32.89,0,32.89,0,0,0,0
"CT1020021","inside","storm",0,0,0,0,0,0,0
"CT1020021","inside","total",56.76,0,223.36,0,0,0,0
"CT1020021","inside","water",23.87,0,190.47,166.6,0,0,0
"CT1030011","inside","sewer",30.58,0,30.58,0,0,0,0
"CT1030011","inside","storm",0,0,0,0,0,0,0
"CT1030011","inside","total",39.47,0,96.17,0,0,0,0
"CT1030011","inside","water",8.89,0,65.59,56.7,0,0,0
"CT1030011","outside","sewer",30.58,0,30.58,0,0,0,0
"CT1030011","outside","total",43.92,0,128.97,0,0,0,0
"CT1030011","outside","water",13.34,0,98.39,85.05,0,0,0
"CT1030021","inside","sewer",30.58,0,30.58,0,0,0,0
"CT1030021","inside","storm",0,0,0,0,0,0,0
"CT1030021","inside","total",44.51,0,105.26,0,0,0,0
"CT1030021","inside","water",13.93,0,74.68,60.75,0,0,0
"CT1030021","outside","sewer",30.58,0,30.58,0,0,0,0
"CT1030021","outside","total",51.48,0,142.83,0,0,0,0
"CT1030021","outside","water",20.9,0,112.25,91.35,0,0,0
"CT1040011","inside","sewer",10.77,0,178.32,154.66,12.89,0,0
"CT1040011","inside","storm",0,0,0,0,0,0,0
"CT1040011","inside","total",31.06,0,289.24,229.25,28.93,0,0
"CT1040011","inside","water",20.29,0,110.92,74.59,16.04,0,0
"CT1100011","inside","sewer",34.66,0,151.08,116.42,0,0,0
"CT1100011","inside","storm",0,0,0,0,0,0,0
"CT1100011","inside","total",47.15,0,215.26,168.11,0,0,0
"CT1100011","inside","water",12.49,0,64.18,51.69,0,0,0
"CT1130011","inside","sewer",15,0,155.77,140.77,0,0,0
"CT1130011","inside","storm",0,0,0,0,0,0,0
"CT1130011","inside","total",30,0,277.65,247.65,0,0,0
"CT1130011","inside","water",15,0,121.88,106.88,0,0,0
"CT1180011","inside","sewer",50.71,0,50.71,0,0,0,0
"CT1180011","inside","storm",0,0,0,0,0,0,0
"CT1180011","inside","total",66.83,0,111,0,0,0,0
"CT1180011","inside","water",16.12,0,60.29,44.17,0,0,0
"CT1180021","inside","sewer",50.71,0,50.71,0,0,0,0
"CT1180021","inside","storm",0,0,0,0,0,0,0
"CT1180021","inside","total",66.83,0,111,0,0,0,0
"CT1180021","inside","water",16.12,0,60.29,44.17,0,0,0
"CT1180081","inside","sewer",50.71,0,50.71,0,0,0,0
"CT1180081","inside","storm",0,0,0,0,0,0,0
"CT1180081","inside","total",66.83,0,111,0,0,0,0
"CT1180081","inside","water",16.12,0,60.29,44.17,0,0,0
"CT1280011","inside","sewer",30,0,30,0,0,0,0
"CT1280011","inside","storm",0,0,0,0,0,0,0
"CT1280011","inside","total",49.87,0,49.87,0,0,0,0
"CT1280011","inside","water",19.87,0,19.87,0,0,0,0
"CT1280021","inside","sewer",30,0,30,0,0,0,0
"CT1280021","inside","storm",0,0,0,0,0,0,0
"CT1280021","inside","total",46.12,0,95.21,0,0,0,0
"CT1280021","inside","water",16.12,0,65.21,49.09,0,0,0
"CT1300021","inside","sewer",18.43,0,138.13,119.7,0,0,0
"CT1300021","inside","storm",0,0,0,0,0,0,0
"CT1300021","inside","total",30.6,0,201,170.4,0,0,0
"CT1300021","inside","water",12.17,0,62.87,50.7,0,0,0
"CT1310011","inside","sewer",15,0,75.16,60.16,0,0,0
"CT1310011","inside","storm",0,0,0,0,0,0,0
"CT1310011","inside","total",22.99,0,146.64,123.65,0,0,0
"CT1310011","inside","water",7.99,0,71.48,63.49,0,0,0
"CT1340011","inside","sewer",30.83,0,30.83,0,0,0,0
"CT1340011","inside","storm",0,0,0,0,0,0,0
"CT1340011","inside","total",47.52,0,223.11,0,0,0,0
"CT1340011","inside","water",16.69,0,192.28,175.59,0,0,0
"CT1390021","inside","sewer",25,0,25,0,0,0,0
"CT1390021","inside","storm",0,0,0,0,0,0,0
"CT1390021","inside","total",41.12,0,126.02,0,0,0,0
"CT1390021","inside","water",16.12,0,101.02,84.9,0,0,0
"CT1400011","inside","sewer",30.96,0,142.41,111.45,0,0,0
"CT1400011","inside","storm",0,0,0,0,0,0,0
"CT1400011","inside","total",47.65,0,334.69,287.04,0,0,0
"CT1400011","inside","water",16.69,0,192.28,175.59,0,0,0
"CT1410011","inside","sewer",40,0,40,0,0,0,0
"CT1410011","inside","storm",0,0,0,0,0,0,0
"CT1410011","inside","total",54.8,0,153.55,0,0,0,0
"CT1410011","inside","water",14.8,0,113.55,98.75,0,0,0
"CT1423011","inside","sewer",0,0,270,270,0,0,0
"CT1423011","inside","storm",0,0,0,0,0,0,0
"CT1423011","inside","total",0,0,424.59,414.96,0,0,0
"CT1423011","inside","water",9.63,0,154.59,144.96,0,0,0
"CT1430011","inside","sewer",25.17,0,25.17,0,0,0,0
"CT1430011","inside","storm",0,0,0,0,0,0,0
"CT1430011","inside","total",36.41,0,126.75,0,0,0,0
"CT1430011","inside","water",11.24,0,101.58,90.34,0,0,0
"CT1480011","inside","sewer",9.72,0,95.74,86.02,0,0,0
"CT1480011","inside","storm",0,0,0,0,0,0,0
"CT1480011","inside","total",15.1,0,183.13,168.03,0,0,0
"CT1480011","inside","water",5.38,0,87.39,82.01,0,0,0
"CT1510011","inside","sewer",1.67,0,80.94,49.57,29.7,0,0
"CT1510011","inside","storm",0,0,0,0,0,0,0
"CT1510011","inside","total",3.34,0,133.14,100.1,29.7,0,0
"CT1510011","inside","water",1.67,0,52.2,50.53,0,0,0
"CT1530011","inside","sewer",16.66,0,146.99,130.33,0,0,0
"CT1530011","inside","storm",0,0,0,0,0,0,0
"CT1530011","inside","total",42.58,0,234.08,191.5,0,0,0
"CT1530011","inside","water",25.92,0,87.09,61.17,0,0,0
"CT1680011","inside","sewer",32.89,0,32.89,0,0,0,0
"CT1680011","inside","storm",0,0,0,0,0,0,0
"CT1680011","inside","total",49.01,0,133.91,0,0,0,0
"CT1680011","inside","water",16.12,0,101.02,84.9,0,0,0
"NM3508317","inside","sewer",5.1,0,77.15,72.05,0,0,0
"NM3508317","inside","storm",0,0,0,0,0,0,0
"NM3508317","inside","total",15.25,0,214.37,181.47,17.65,0,0
"NM3508317","inside","water",10.15,0,137.22,109.42,17.65,0,0
"NM3508317","outside","sewer",10.2,0,154.31,144.11,0,0,0
"NM3508317","outside","total",25.42,0,351.29,308.22,17.65,0,0
"NM3508317","outside","water",15.22,0,196.98,164.11,17.65,0,0
"TX1880001","inside","sewer",17.88,0,43.44,25.56,0,0,0
"TX1880001","inside","storm",0,0,2.51,0,0,0,0
"TX1880001","inside","total",33.21,0,95.85,62.64,0,0,0
"TX1880001","inside","water",15.33,0,52.41,37.08,0,0,0
"TX1880001","outside","sewer",17.88,0,43.44,25.56,0,0,0
"TX1880001","outside","total",40.88,0,121.98,81.1,0,0,0
"TX1880001","outside","water",23,0,78.54,55.54,0,0,0
"TX2430005","inside","sewer",13.34,0,47.24,33.9,0,0,0
"TX2430005","inside","storm",0,0,1.07,0,0,0,0
"TX2430005","inside","total",39.84,0,164.45,124.61,0,0,0
"TX2430005","inside","water",26.5,0,117.21,90.71,0,0,0
"KS2000103","inside","sewer",6.83,0,53.55,46.72,0,0,0
"KS2000103","inside","storm",0,0,0,0,0,0,0
"KS2000103","inside","total",34.85,0,189.05,154.2,0,0,0
"KS2000103","inside","water",28.02,0,135.5,107.48,0,0,0
"KS2000103","outside","sewer",8.54,0,70.9,62.36,0,0,0
"KS2000103","outside","total",36.56,0,206.4,169.84,0,0,0
"KS2000103","outside","water",28.02,0,135.5,107.48,0,0,0
"KS2000105","inside","sewer",32,0,32,0,0,0,0
"KS2000105","inside","storm",0,0,0,0,0,0,0
"KS2000105","inside","total",51.5,0,112.4,0,0,0,0
"KS2000105","inside","water",19.5,0,80.4,60.9,0,0,0
"KS2000105","outside","sewer",32,0,32,0,0,0,0
"KS2000105","outside","total",56.5,0,103.4,0,0,0,0
"KS2000105","outside","water",24.5,0,71.4,46.9,0,0,0
"KS2000107","inside","sewer",32.89,0,32.89,0,0,0,0
"KS2000107","inside","storm",0,0,0,0,0,0,0
"KS2000107","inside","total",39.89,0,72.79,0,0,0,0
"KS2000107","inside","water",7,0,39.9,32.9,0,0,0
"KS2000109","inside","sewer",32.89,0,32.89,0,0,0,0
"KS2000109","inside","storm",0,0,0,0,0,0,0
"KS2000109","inside","total",42.89,0,128.93,0,0,0,0
"KS2000109","inside","water",10,0,96.04,86.04,0,0,0
"KS2000110","inside","sewer",32.89,0,32.89,0,0,0,0
"KS2000110","inside","storm",0,0,0,0,0,0,0
"KS2000110","inside","total",57.89,0,104.39,0,0,0,0
"KS2000110","inside","water",25,0,71.5,46.5,0,0,0
"KS2000112","inside","sewer",32.89,0,32.89,0,0,0,0
"KS2000112","inside","storm",0,0,0,0,0,0,0
"KS2000112","inside","total",44.89,0,86.89,0,0,0,0
"KS2000112","inside","water",12,0,54,42,0,0,0
"KS2000116","inside","sewer",16.5,0,76.5,60,0,0,0
"KS2000116","inside","storm",0,0,0,0,0,0,0
"KS2000116","inside","total",32,0,197,165,0,0,0
"KS2000116","inside","water",15.5,0,120.5,105,0,0,0
"KS2000116","outside","sewer",16.5,0,76.5,60,0,0,0
"KS2000116","outside","total",39.5,0,204.5,165,0,0,0
"KS2000116","outside","water",23,0,128,105,0,0,0
"KS2000117","inside","sewer",32.89,0,32.89,0,0,0,0
"KS2000117","inside","storm",0,0,0,0,0,0,0
"KS2000117","inside","total",43.39,0,120.38,0,0,0,0
"KS2000117","inside","water",10.5,0,87.49,76.99,0,0,0
"KS2000118","inside","sewer",32.89,0,32.89,0,0,0,0
"KS2000118","inside","storm",0,0,0,0,0,0,0
"KS2000118","inside","total",44.89,0,149.89,0,0,0,0
"KS2000118","inside","water",12,0,117,105,0,0,0
"KS2000121","inside","sewer",32.89,0,32.89,0,0,0,0
"KS2000121","inside","storm",0,0,0,0,0,0,0
"KS2000121","inside","total",47.89,0,99.9,0,0,0,0
"KS2000121","inside","water",15,0,67.01,52.01,0,0,0
"KS2000122","inside","sewer",32.89,0,32.89,0,0,0,0
"KS2000122","inside","storm",0,0,0,0,0,0,0
"KS2000122","inside","total",37.89,0,65.89,0,0,0,0
"KS2000122","inside","water",5,0,33,28,0,0,0
"KS2000302","inside","sewer",32.89,0,32.89,0,0,0,0
"KS2000302","inside","storm",0,0,0,0,0,0,0
"KS2000302","inside","total",64.89,0,282.37,0,0,0,0
"KS2000302","inside","water",32,0,249.48,217.48,0,0,0
"KS2000303","inside","sewer",32.89,0,32.89,0,0,0,0
"KS2000303","inside","storm",0,0,0,0,0,0,0
"KS2000303","inside","total",48.89,0,161.39,0,0,0,0
"KS2000303","inside","water",16,0,128.5,112.5,0,0,0
"KS2000304","inside","sewer",20,0,95,75,0,0,0
"KS2000304","inside","storm",0,0,0,0,0,0,0
"KS2000304","inside","total",40,0,216.25,176.25,0,0,0
"KS2000304","inside","water",20,0,121.25,101.25,0,0,0
"KS2000304","outside","sewer",20,0,95,75,0,0,0
"KS2000304","outside","total",50,0,260,210,0,0,0
"KS2000304","outside","water",30,0,165,135,0,0,0
"KS2000306","inside","sewer",32.89,0,32.89,0,0,0,0
"KS2000306","inside","storm",0,0,0,0,0,0,0
"KS2000306","inside","total",50.89,0,109.39,0,0,0,0
"KS2000306","inside","water",18,0,76.5,58.5,0,0,0
"KS2000311","inside","sewer",32.89,0,32.89,0,0,0,0
"KS2000311","inside","storm",0,0,0,0,0,0,0
"KS2000311","inside","total",64.89,0,173.63,0,0,0,0
"KS2000311","inside","water",32,0,140.74,108.74,0,0,0
"KS2000503","inside","sewer",32.89,0,32.89,0,0,0,0
"KS2000503","inside","storm",0,0,0,0,0,0,0
"KS2000503","inside","total",62.89,0,152.89,0,0,0,0
"KS2000503","inside","water",30,0,120,90,0,0,0
"KS2000504","inside","sewer",32.89,0,32.89,0,0,0,0
"KS2000504","inside","storm",0,0,0,0,0,0,0
"KS2000504","inside","total",57.89,0,116.39,0,0,0,0
"KS2000504","inside","water",25,0,83.5,58.5,0,0,0
"KS2000506","inside","sewer",26.23,0,78.62,52.39,0,0,0
"KS2000506","inside","storm",0,0,0,0,0,0,0
"KS2000506","inside","total",67.34,0,182.47,115.13,0,0,0
"KS2000506","inside","water",41.11,0,103.85,62.74,0,0,0
"KS2000506","outside","sewer",26.23,0,78.62,52.39,0,0,0
"KS2000506","outside","total",87.91,0,234.39,146.48,0,0,0
"KS2000506","outside","water",61.68,0,155.77,94.09,0,0,0
"KS2000510","inside","sewer",32.89,0,32.89,0,0,0,0
"KS2000510","inside","storm",0,0,0,0,0,0,0
"KS2000510","inside","total",53.39,0,288.88,0,0,0,0
"KS2000510","inside","water",20.5,0,255.99,235.49,0,0,0
"KS2000511","inside","sewer",32.89,0,32.89,0,0,0,0
"KS2000511","inside","storm",0,0,0,0,0,0,0
"KS2000511","inside","total",61.89,0,127.89,0,0,0,0
"KS2000511","inside","water",29,0,95,66,0,0,0
"KS2000701","inside","sewer",32.89,0,32.89,0,0,0,0
"KS2000701","inside","storm",0,0,0,0,0,0,0
"KS2000701","inside","total",74.89,0,166.89,0,0,0,0
"KS2000701","inside","water",42,0,134,92,0,0,0
"KS2000702","inside","sewer",0,0,88.2,88.2,0,0,0
"KS2000702","inside","storm",0,0,0,0,0,0,0
"KS2000702","inside","total",0,0,224.78,179.25,0,0,0
"KS2000702","inside","water",45.53,0,136.58,91.05,0,0,0
"KS2000702","outside","sewer",12.09,0,100.29,88.2,0,0,0
"KS2000702","outside","total",87.97,0,267.22,179.25,0,0,0
"KS2000702","outside","water",75.88,0,166.93,91.05,0,0,0
"KS2000704","inside","sewer",32.89,0,32.89,0,0,0,0
"KS2000704","inside","storm",0,0,0,0,0,0,0
"KS2000704","inside","total",52.89,0,127.89,0,0,0,0
"KS2000704","inside","water",20,0,95,75,0,0,0
"KS2000709","inside","sewer",32.89,0,32.89,0,0,0,0
"KS2000709","inside","storm",0,0,0,0,0,0,0
"KS2000709","inside","total",56.89,0,109.39,0,0,0,0
"KS2000709","inside","water",24,0,76.5,52.5,0,0,0
"KS2000903","inside","sewer",20,0,98,78,0,0,0
"KS2000903","inside","storm",0,0,0,0,0,0,0
"KS2000903","inside","total",45,0,225.04,180.04,0,0,0
"KS2000903","inside","water",25,0,127.04,102.04,0,0,0
"KS2000903","outside","sewer",35,0,171.5,136.5,0,0,0
"KS2000903","outside","total",60,0,386.85,326.85,0,0,0
"KS2000903","outside","water",25,0,215.35,190.35,0,0,0
"KS2000906","inside","sewer",3.75,0,45.75,42,0,0,0
"KS2000906","inside","storm",0,0,0,0,0,0,0
"KS2000906","inside","total",15.75,0,92.75,77,0,0,0
"KS2000906","inside","water",12,0,47,35,0,0,0
"KS2000907","inside","sewer",32.89,0,32.89,0,0,0,0
"KS2000907","inside","storm",0,0,0,0,0,0,0
"KS2000907","inside","total",61.89,0,71.89,0,0,0,0
"KS2000907","inside","water",29,0,39,10,0,0,0
"KS2000911","inside","sewer",10.03,0,85.78,75.75,0,0,0
"KS2000911","inside","storm",0,0,0,0,0,0,0
"KS2000911","inside","total",22.38,0,161.28,138.9,0,0,0
"KS2000911","inside","water",12.35,0,75.5,63.15,0,0,0
"KS2000911","outside","sewer",10.03,0,161.53,151.5,0,0,0
"KS2000911","outside","total",22.38,0,237.03,214.65,0,0,0
"KS2000911","outside","water",12.35,0,75.5,63.15,0,0,0
"KS2001103","inside","sewer",32.89,0,32.89,0,0,0,0
"KS2001103","inside","storm",0,0,0,0,0,0,0
"KS2001103","inside","total",48.89,0,163.64,0,0,0,0
"KS2001103","inside","water",16,0,130.75,114.75,0,0,0
"KS2001304","inside","sewer",32.89,0,32.89,0,0,0,0
"KS2001304","inside","storm",0,0,0,0,0,0,0
"KS2001304","inside","total",44.89,0,91.89,0,0,0,0
"KS2001304","inside","water",12,0,59,47,0,0,0
"KS2001305","inside","sewer",22.03,0,81.87,59.84,0,0,0
"KS2001305","inside","storm",0,0,1.5,0,0,0,0
"KS2001305","inside","total",41.72,0,176.07,134.35,0,0,0
"KS2001305","inside","water",19.69,0,94.2,74.51,0,0,0
"KS2001305","outside","sewer",29.37,0,149.04,119.67,0,0,0
"KS2001305","outside","total",68.75,0,337.27,268.52,0,0,0
"KS2001305","outside","water",39.38,0,188.23,148.85,0,0,0
"KS2001306","inside","sewer",19.15,0,73.15,54,0,0,0
"KS2001306","inside","storm",0,0,0,0,0,0,0
"KS2001306","inside","total",34.35,0,162.75,128.4,0,0,0
"KS2001306","inside","water",15.2,0,89.6,74.4,0,0,0
"KS2001306","outside","sewer",28.73,0,109.73,81,0,0,0
"KS2001306","outside","total",51.53,0,244.13,192.6,0,0,0
"KS2001306","outside","water",22.8,0,134.4,111.6,0,0,0
"KS2001312","inside","sewer",32.89,0,32.89,0,0,0,0
"KS2001312","inside","storm",0,0,0,0,0,0,0
"KS2001312","inside","total",92.21,0,188.35,0,0,0,0
"KS2001312","inside","water",59.32,0,155.46,96.14,0,0,0
"KS2001503","inside","sewer",10.38,0,70.08,9.7,0,50,0
"KS2001503","inside","storm",0,0,0,0,0,0,0
"KS2001503","inside","total",27.75,0,147.2,69.45,0,0,0
"KS2001503","inside","water",17.37,0,77.12,59.75,0,0,0
"KS2001503","outside","sewer",12.02,0,83.37,11.35,0,60,0
"KS2001503","outside","total",30.83,0,164.93,74.1,0,0,0
"KS2001503","outside","water",18.81,0,81.56,62.75,0,0,0
"KS2001505","inside","sewer",32.89,0,32.89,0,0,0,0
"KS2001505","inside","storm",0,0,0,0,0,0,0
"KS2001505","inside","total",47.19,0,114.69,0,0,0,0
"KS2001505","inside","water",14.3,0,81.8,67.5,0,0,0
"KS2001506","inside","sewer",32.89,0,32.89,0,0,0,0
"KS2001506","inside","storm",0,0,0,0,0,0,0
"KS2001506","inside","total",59.89,0,164.89,0,0,0,0
"KS2001506","inside","water",27,0,132,105,0,0,0
"KS2001510","inside","sewer",37,0,37,0,0,0,0
"KS2001510","inside","storm",0,0,0,0,0,0,0
"KS2001510","inside","total",62,0,152,0,0,0,0
"KS2001510","inside","water",25,0,115,90,0,0,0
"KS2001510","outside","sewer",37,0,37,0,0,0,0
"KS2001510","outside","total",68.65,0,158.65,0,0,0,0
"KS2001510","outside","water",31.65,0,121.65,90,0,0,0
"KS2001511","inside","sewer",12.61,0,64.75,52.14,0,0,0
"KS2001511","inside","storm",0,0,3.24,0,0,0,0
"KS2001511","inside","total",23.05,0,100.54,77.49,0,0,0
"KS2001511","inside","water",10.44,0,35.79,25.35,0,0,0
"KS2001511","outside","sewer",12.61,0,64.75,52.14,0,0,0
"KS2001511","outside","total",23.05,0,119.59,96.54,0,0,0
"KS2001511","outside","water",10.44,0,54.84,44.4,0,0,0
"KS2001513","inside","sewer",32.89,0,32.89,0,0,0,0
"KS2001513","inside","storm",0,0,0,0,0,0,0
"KS2001513","inside","total",55.39,0,158.89,0,0,0,0
"KS2001513","inside","water",22.5,0,126,103.5,0,0,0
"KS2001514","inside","sewer",32.89,0,32.89,0,0,0,0
"KS2001514","inside","storm",0,0,0,0,0,0,0
"KS2001514","inside","total",47.89,0,137.89,0,0,0,0
"KS2001514","inside","water",15,0,105,90,0,0,0
"KS2001520","inside","sewer",17.01,28,95.41,50.4,0,0,0
"KS2001520","inside","storm",0,0,0,0,0,0,0
"KS2001520","inside","total",40.11,28,199.27,131.16,0,0,0
"KS2001520","inside","water",23.1,0,103.86,80.76,0,0,0
"KS2001526","inside","sewer",32.89,0,32.89,0,0,0,0
"KS2001526","inside","storm",0,0,0,0,0,0,0
"KS2001526","inside","total",57.89,0,159.89,0,0,0,0
"KS2001526","inside","water",25,0,127,102,0,0,0
"KS2001530","inside","sewer",32.89,0,32.89,0,0,0,0
"KS2001530","inside","storm",0,0,0,0,0,0,0
"KS2001530","inside","total",50.39,0,147.89,0,0,0,0
"KS2001530","inside","water",17.5,0,115,97.5,0,0,0
"KS2001531","inside","sewer",32.89,0,32.89,0,0,0,0
"KS2001531","inside","storm",0,0,0,0,0,0,0
"KS2001531","inside","total",57.89,0,147.89,0,0,0,0
"KS2001531","inside","water",25,0,115,90,0,0,0
"KS2001701","inside","sewer",22.51,0,154.96,132.45,0,0,0
"KS2001701","inside","storm",0,0,0,0,0,0,0
"KS2001701","inside","total",32.83,0,320.08,287.25,0,0,0
"KS2001701","inside","water",10.32,0,165.12,154.8,0,0,0
"KS2001705","inside","sewer",32.89,0,32.89,0,0,0,0
"KS2001705","inside","storm",0,0,0,0,0,0,0
"KS2001705","inside","total",56.99,0,180.74,0,0,0,0
"KS2001705","inside","water",24.1,0,147.85,123.75,0,0,0
"KS2001903","inside","sewer",10.63,0,76.29,65.66,0,0,0
"KS2001903","inside","storm",0,0,0,0,0,0,0
"KS2001903","inside","total",56.13,0,261.78,205.65,0,0,0
"KS2001903","inside","water",45.5,0,185.49,139.99,0,0,0
"KS2001903","outside","sewer",10.63,0,76.29,65.66,0,0,0
"KS2001903","outside","total",62.51,0,303.16,240.65,0,0,0
"KS2001903","outside","water",51.88,0,226.87,174.99,0,0,0
"KS2001905","inside","sewer",32.89,0,32.89,0,0,0,0
"KS2001905","inside","storm",0,0,0,0,0,0,0
"KS2001905","inside","total",55.89,0,150.38,0,0,0,0
"KS2001905","inside","water",23,0,117.49,94.49,0,0,0
"KS2001908","inside","sewer",32.89,0,32.89,0,0,0,0
"KS2001908","inside","storm",0,0,0,0,0,0,0
"KS2001908","inside","total",48.89,0,158.08,0,0,0,0
"KS2001908","inside","water",16,0,125.19,109.19,0,0,0
"KS2001909","inside","sewer",32.89,0,32.89,0,0,0,0
"KS2001909","inside","storm",0,0,0,0,0,0,0
"KS2001909","inside","total",58.39,0,114.39,0,0,0,0
"KS2001909","inside","water",25.5,0,81.5,56,0,0,0
"KS2001911","inside","sewer",32.89,0,32.89,0,0,0,0
"KS2001911","inside","storm",0,0,0,0,0,0,0
"KS2001911","inside","total",70.89,0,173.34,0,0,0,0
"KS2001911","inside","water",38,0,140.45,102.45,0,0,0
"KS2002102","inside","sewer",32.89,0,32.89,0,0,0,0
"KS2002102","inside","storm",0,0,0,0,0,0,0
"KS2002102","inside","total",62.92,0,182.36,0,0,0,0
"KS2002102","inside","water",30.03,0,149.47,119.44,0,0,0
"KS2002106","inside","sewer",32.89,0,32.89,0,0,0,0
"KS2002106","inside","storm",0,0,0,0,0,0,0
"KS2002106","inside","total",44.89,0,134.89,0,0,0,0
"KS2002106","inside","water",12,0,102,90,0,0,0
"KS2002107","inside","sewer",32.89,0,32.89,0,0,0,0
"KS2002107","inside","storm",0,0,0,0,0,0,0
"KS2002107","inside","total",57.89,0,117.89,0,0,0,0
"KS2002107","inside","water",25,0,85,60,0,0,0
"KS2002109","inside","sewer",2,0,59.24,57.24,0,0,0
"KS2002109","inside","storm",0,0,0,0,0,0,0
"KS2002109","inside","total",15.25,0,167.89,152.64,0,0,0
"KS2002109","inside","water",13.25,0,108.65,95.4,0,0,0
"KS2002109","outside","sewer",2,0,59.24,57.24,0,0,0
"KS2002109","outside","total",22.5,0,215.79,193.29,0,0,0
"KS2002109","outside","water",20.5,0,156.55,136.05,0,0,0
"KS2002110","inside","sewer",17.06,0,76.73,59.67,0,0,0
"KS2002110","inside","storm",0,0,0,0,0,0,0
"KS2002110","inside","total",43.33,0,210.23,166.9,0,0,0
"KS2002110","inside","water",26.27,0,133.5,107.23,0,0,0
"KS2002110","outside","sewer",17.06,0,76.73,59.67,0,0,0
"KS2002110","outside","total",52.79,0,252.73,199.94,0,0,0
"KS2002110","outside","water",35.73,0,176,140.27,0,0,0
"KS2002111","inside","sewer",32.89,0,32.89,0,0,0,0
"KS2002111","inside","storm",0,0,0,0,0,0,0
"KS2002111","inside","total",47.89,0,145.39,0,0,0,0
"KS2002111","inside","water",15,0,112.5,97.5,0,0,0
"KS2002113","inside","sewer",7.26,0,52.71,45.45,0,0,0
"KS2002113","inside","storm",0,0,0,0,0,0,0
"KS2002113","inside","total",20.57,0,129.62,109.05,0,0,0
"KS2002113","inside","water",13.31,0,76.91,63.6,0,0,0
"KS2002113","outside","sewer",7.26,0,52.71,45.45,0,0,0
"KS2002113","outside","total",27.83,0,145.88,118.05,0,0,0
"KS2002113","outside","water",20.57,0,93.17,72.6,0,0,0
"KS2002116","inside","sewer",32.89,0,32.89,0,0,0,0
"KS2002116","inside","storm",0,0,0,0,0,0,0
"KS2002116","inside","total",52.62,0,158.82,0,0,0,0
"KS2002116","inside","water",19.73,0,125.93,106.2,0,0,0
"KS2002117","inside","sewer",32.89,0,32.89,0,0,0,0
"KS2002117","inside","storm",0,0,0,0,0,0,0
"KS2002117","inside","total",58.69,0,156.18,0,0,0,0
"KS2002117","inside","water",25.8,0,123.29,97.49,0,0,0
"KS2002120","inside","sewer",32.89,0,32.89,0,0,0,0
"KS2002120","inside","storm",0,0,0,0,0,0,0
"KS2002120","inside","total",40.97,0,71.77,0,0,0,0
"KS2002120","inside","water",8.08,0,38.88,30.8,0,0,0
"KS2002121","inside","sewer",32.89,0,32.89,0,0,0,0
"KS2002121","inside","storm",0,0,0,0,0,0,0
"KS2002121","inside","total",52.62,0,158.82,0,0,0,0
"KS2002121","inside","water",19.73,0,125.93,106.2,0,0,0
"KS2002302","inside","sewer",14.25,0,14.25,0,0,0,0
"KS2002302","inside","storm",0,0,0,0,0,0,0
"KS2002302","inside","total",26.25,0,47.25,0,0,0,0
"KS2002302","inside","water",12,0,33,21,0,0,0
"KS2002302","outside","sewer",26.25,0,26.25,0,0,0,0
"KS2002302","outside","total",46.75,0,67.75,0,0,0,0
"KS2002302","outside","water",20.5,0,41.5,21,0,0,0
"KS2002501","inside","sewer",20,0,20,0,0,0,0
"KS2002501","inside","storm",0,0,0,0,0,0,0
"KS2002501","inside","total",72.5,0,102.2,0,0,0,0
"KS2002501","inside","water",52.5,0,82.2,29.7,0,0,0
"KS2002701","inside","sewer",7.1,0,39.58,32.48,0,0,0
"KS2002701","inside","storm",0,0,0,0,0,0,0
"KS2002701","inside","total",37.1,0,126.71,89.61,0,0,0
"KS2002701","inside","water",30,0,87.13,57.13,0,0,0
"KS2002704","inside","sewer",32.89,0,32.89,0,0,0,0
"KS2002704","inside","storm",0,0,0,0,0,0,0
"KS2002704","inside","total",102.39,0,237.39,0,0,0,0
"KS2002704","inside","water",69.5,0,204.5,135,0,0,0
"KS2002708","inside","sewer",30,0,30,0,0,0,0
"KS2002708","inside","storm",0,0,0,0,0,0,0
"KS2002708","inside","total",45,0,93.36,0,0,0,0
"KS2002708","inside","water",15,0,63.36,48.36,0,0,0
"KS2002708","outside","sewer",30,0,30,0,0,0,0
"KS2002708","outside","total",52.5,0,125.03,0,0,0,0
"KS2002708","outside","water",22.5,0,95.03,72.53,0,0,0
"KS2002710","inside","sewer",32.89,0,32.89,0,0,0,0
"KS2002710","inside","storm",0,0,0,0,0,0,0
"KS2002710","inside","total",62.89,0,120.12,0,0,0,0
"KS2002710","inside","water",30,0,87.23,57.23,0,0,0
"KS2002901","inside","sewer",32.89,0,32.89,0,0,0,0
"KS2002901","inside","storm",0,0,0,0,0,0,0
"KS2002901","inside","total",62.89,0,122.89,0,0,0,0
"KS2002901","inside","water",30,0,90,60,0,0,0
"KS2002907","inside","sewer",9.86,0,41.18,31.32,0,0,0
"KS2002907","inside","storm",0,0,0,0,0,0,0
"KS2002907","inside","total",26.86,0,110.29,83.43,0,0,0
"KS2002907","inside","water",17,0,69.11,52.11,0,0,0
"KS2002907","outside","sewer",9.86,0,41.18,31.32,0,0,0
"KS2002907","outside","total",35.36,0,144.84,109.48,0,0,0
"KS2002907","outside","water",25.5,0,103.66,78.16,0,0,0
"KS2003101","inside","sewer",14,0,80.5,66.5,0,0,0
"KS2003101","inside","storm",0,0,0,0,0,0,0
"KS2003101","inside","total",35.35,0,174.45,139.1,0,0,0
"KS2003101","inside","water",21.35,0,93.95,72.6,0,0,0
"KS2003101","outside","sewer",14,0,80.5,66.5,0,0,0
"KS2003101","outside","total",40.69,0,179.79,139.1,0,0,0
"KS2003101","outside","water",26.69,0,99.29,72.6,0,0,0
"KS2003102","inside","sewer",32.89,0,32.89,0,0,0,0
"KS2003102","inside","storm",0,0,0,0,0,0,0
"KS2003102","inside","total",58.39,0,202.58,0,0,0,0
"KS2003102","inside","water",25.5,0,169.69,144.19,0,0,0
"KS2003105","inside","sewer",12.12,0,12.12,0,0,0,0
"KS2003105","inside","storm",0,0,0,0,0,0,0
"KS2003105","inside","total",48.62,0,195.32,0,0.45,0,0
"KS2003105","inside","water",36.5,0,183.2,146.25,0.45,0,0
"KS2003105","outside","sewer",12.12,0,12.12,0,0,0,0
"KS2003105","outside","total",48.62,0,263.12,0,0.45,0,0
"KS2003105","outside","water",36.5,0,251,214.05,0.45,0,0
"KS2003106","inside","sewer",32.89,0,32.89,0,0,0,0
"KS2003106","inside","storm",0,0,0,0,0,0,0
"KS2003106","inside","total",71.19,0,194.8,0,0,0,0
"KS2003106","inside","water",38.3,0,161.91,123.61,0,0,0
"KS2003301","inside","sewer",32.89,0,32.89,0,0,0,0
"KS2003301","inside","storm",0,0,0,0,0,0,0
"KS2003301","inside","total",46.89,0,71.64,0,0,0,0
"KS2003301","inside","water",14,0,38.75,24.75,0,0,0
"KS2003303","inside","sewer",32.89,0,32.89,0,0,0,0
"KS2003303","inside","storm",0,0,0,0,0,0,0
"KS2003303","inside","total",50.89,0,110.89,0,0,0,0
"KS2003303","inside","water",18,0,78,60,0,0,0
"KS2003304","inside","sewer",12,0,12,0,0,0,0
"KS2003304","inside","storm",0,0,0,0,0,0,0
"KS2003304","inside","total",37,0,68.5,0,0,0,0
"KS2003304","inside","water",25,0,56.5,31.5,0,0,0
"KS2003505","inside","sewer",32.89,0,32.89,0,0,0,0
"KS2003505","inside","storm",0,0,0,0,0,0,0
"KS2003505","inside","total",49.89,0,75.89,0,0,0,0
"KS2003505","inside","water",17,0,43,26,0,0,0
"KS2003506","inside","sewer",32.89,0,32.89,0,0,0,0
"KS2003506","inside","storm",0,0,0,0,0,0,0
"KS2003506","inside","total",54.89,0,84.89,0,0,0,0
"KS2003506","inside","water",22,0,52,30,0,0,0
"KS2003507","inside","sewer",32.89,0,32.89,0,0,0,0
"KS2003507","inside","storm",0,0,0,0,0,0,0
"KS2003507","inside","total",52.89,0,78.89,0,0,0,0
"KS2003507","inside","water",20,0,46,26,0,0,0
"KS2003508","inside","sewer",32.89,0,32.89,0,0,0,0
"KS2003508","inside","storm",0,0,0,0,0,0,0
"KS2003508","inside","total",72.89,0,188.24,0,0,0,0
"KS2003508","inside","water",40,0,155.35,115.35,0,0,0
"KS2003509","inside","sewer",22.85,0,78.36,55.51,0,0,0
"KS2003509","inside","storm",0,0,3,0,0,0,0
"KS2003509","inside","total",48.99,0,207.06,158.07,0,0,0
"KS2003509","inside","water",26.14,0,128.7,102.56,0,0,0
"KS2003509","outside","sewer",22.85,0,78.36,55.51,0,0,0
"KS2003509","outside","total",75.13,0,336.54,261.41,0,0,0
"KS2003509","outside","water",52.28,0,258.18,205.9,0,0,0
"KS2003511","inside","sewer",32.89,0,32.89,0,0,0,0
"KS2003511","inside","storm",0,0,0,0,0,0,0
"KS2003511","inside","total",63.14,0,131.38,0,0,0,0
"KS2003511","inside","water",30.25,0,98.49,68.24,0,0,0
"KS2003512","inside","sewer",32.89,0,32.89,0,0,0,0
"KS2003512","inside","storm",0,0,0,0,0,0,0
"KS2003512","inside","total",62.89,0,97.89,0,0,0,0
"KS2003512","inside","water",30,0,65,35,0,0,0
"KS2003513","inside","sewer",18.06,0,76.44,58.38,0,0,0
"KS2003513","inside","storm",0,0,4,0,0,0,0
"KS2003513","inside","total",30.59,0,143.57,112.98,0,0,0
"KS2003513","inside","water",12.53,0,67.13,54.6,0,0,0
"KS2003513","outside","sewer",18.06,0,81.34,63.28,0,0,0
"KS2003513","outside","total",33.72,0,165.32,131.6,0,0,0
"KS2003513","outside","water",15.66,0,83.98,68.32,0,0,0
"KS2003516","inside","sewer",32.89,0,32.89,0,0,0,0
"KS2003516","inside","storm",0,0,0,0,0,0,0
"KS2003516","inside","total",80.89,0,148.39,0,0,0,0
"KS2003516","inside","water",48,0,115.5,67.5,0,0,0
"KS2003702","inside","sewer",32.89,0,32.89,0,0,0,0
"KS2003702","inside","storm",0,0,0,0,0,0,0
"KS2003702","inside","total",49.89,0,79.89,0,0,0,0
"KS2003702","inside","water",17,0,47,30,0,0,0
"KS2003704","inside","sewer",32.89,0,32.89,0,0,0,0
"KS2003704","inside","storm",0,0,0,0,0,0,0
"KS2003704","inside","total",47.89,0,149.38,0,0,0,0
"KS2003704","inside","water",15,0,116.49,101.49,0,0,0
"KS2003705","inside","sewer",20.18,0,72.5,52.32,0,0,0
"KS2003705","inside","storm",0,0,3.17,0,0,0,0
"KS2003705","inside","total",31.74,0,166.19,134.45,0,0,0
"KS2003705","inside","water",11.56,0,93.69,82.13,0,0,0
"KS2003705","outside","sewer",40.18,0,143.02,102.84,0,0,0
"KS2003705","outside","total",63.28,0,290.94,227.66,0,0,0
"KS2003705","outside","water",23.1,0,147.92,124.82,0,0,0
"KS2003706","inside","sewer",32.89,0,32.89,0,0,0,0
"KS2003706","inside","storm",0,0,0,0,0,0,0
"KS2003706","inside","total",53.14,0,103.39,0,0,0,0
"KS2003706","inside","water",20.25,0,70.5,50.25,0,0,0
"KS2003707","inside","sewer",32.89,0,32.89,0,0,0,0
"KS2003707","inside","storm",0,0,0,0,0,0,0
"KS2003707","inside","total",58.39,0,170.89,0,0,0,0
"KS2003707","inside","water",25.5,0,138,112.5,0,0,0
"KS2003713","inside","sewer",17.38,0,43.48,26.1,0,0,0
"KS2003713","inside","storm",0,0,0,0,0,0,0
"KS2003713","inside","total",36.23,0,149.54,113.31,0,0,0
"KS2003713","inside","water",18.85,0,106.06,87.21,0,0,0
"KS2003713","outside","sewer",17.38,0,43.48,26.1,0,0,0
"KS2003713","outside","total",49.41,0,239.82,190.41,0,0,0
"KS2003713","outside","water",32.03,0,196.34,164.31,0,0,0
"KS2003716","inside","sewer",32.89,0,32.89,0,0,0,0
"KS2003716","inside","storm",0,0,0,0,0,0,0
"KS2003716","inside","total",57.89,0,113.89,0,0,0,0
"KS2003716","inside","water",25,0,81,56,0,0,0
"KS2003717","inside","sewer",32.89,0,32.89,0,0,0,0
"KS2003717","inside","storm",0,0,0,0,0,0,0
"KS2003717","inside","total",47.89,0,126.64,0,0,0,0
"KS2003717","inside","water",15,0,93.75,78.75,0,0,0
"KS2003718","inside","sewer",18.62,0,50.12,31.5,0,0,0
"KS2003718","inside","storm",0,0,0,0,0,0,0
"KS2003718","inside","total",39.47,0,228.6,189.13,0,0,0
"KS2003718","inside","water",20.85,0,178.48,157.63,0,0,0
"KS2003718","outside","sewer",18.62,0,50.12,31.5,0,0,0
"KS2003718","outside","total",49.47,0,278.08,228.61,0,0,0
"KS2003718","outside","water",30.85,0,227.96,197.11,0,0,0
"KS2003719","inside","sewer",32.89,0,32.89,0,0,0,0
"KS2003719","inside","storm",0,0,0,0,0,0,0
"KS2003719","inside","total",56.89,0,109.39,0,0,0,0
"KS2003719","inside","water",24,0,76.5,52.5,0,0,0
"KS2003720","inside","sewer",23.08,0,85.48,62.4,0,0,0
"KS2003720","inside","storm",0,0,1,0,0,0,0
"KS2003720","inside","total",42.54,0,177.73,135.19,0,0,0
"KS2003720","inside","water",19.46,0,92.25,72.79,0,0,0
"KS2003720","outside","sewer",23.08,0,85.48,62.4,0,0,0
"KS2003720","outside","total",48.03,0,197.52,149.49,0,0,0
"KS2003720","outside","water",24.95,0,112.04,87.09,0,0,0
"KS2004102","inside","sewer",10.5,0,50.25,39.75,0,0,0
"KS2004102","inside","storm",0,0,0,0,0,0,0
"KS2004102","inside","total",34,0,164.95,130.95,0,0,0
"KS2004102","inside","water",23.5,0,114.7,91.2,0,0,0
"KS2004104","inside","sewer",32.89,0,32.89,0,0,0,0
"KS2004104","inside","storm",0,0,0,0,0,0,0
"KS2004104","inside","total",77.89,0,145.39,0,0,0,0
"KS2004104","inside","water",45,0,112.5,67.5,0,0,0
"KS2004106","inside","sewer",32.89,0,32.89,0,0,0,0
"KS2004106","inside","storm",0,0,0,0,0,0,0
"KS2004106","inside","total",69.17,0,224.92,0,0,0,0
"KS2004106","inside","water",36.28,0,192.03,155.75,0,0,0
"KS2004108","inside","sewer",20,0,65,45,0,0,0
"KS2004108","inside","storm",0,0,0,0,0,0,0
"KS2004108","inside","total",40,0,130,90,0,0,0
"KS2004108","inside","water",20,0,65,45,0,0,0
"KS2004109","inside","sewer",32,0,69.5,37.5,0,0,0
"KS2004109","inside","storm",0,0,0,0,0,0,0
"KS2004109","inside","total",50,0,147.5,97.5,0,0,0
"KS2004109","inside","water",18,0,78,60,0,0,0
"KS2004112","inside","sewer",11.4,0,82.65,71.25,0,0,0
"KS2004112","inside","storm",0,0,1.25,0,0,0,0
"KS2004112","inside","total",26.02,0,149.17,123.15,0,0,0
"KS2004112","inside","water",14.62,0,66.52,51.9,0,0,0
"KS2004112","outside","sewer",17.1,0,123.98,106.88,0,0,0
"KS2004112","outside","total",46.35,0,256.88,210.53,0,0,0
"KS2004112","outside","water",29.25,0,132.9,103.65,0,0,0
"KS2004301","inside","sewer",32.89,0,32.89,0,0,0,0
"KS2004301","inside","storm",0,0,0,0,0,0,0
"KS2004301","inside","total",57.89,0,96.89,0,0,0,0
"KS2004301","inside","water",25,0,64,39,0,0,0
"KS2004307","inside","sewer",32.89,0,32.89,0,0,0,0
"KS2004307","inside","storm",0,0,0,0,0,0,0
"KS2004307","inside","total",54.98,0,150.83,0,0,0,0
"KS2004307","inside","water",22.09,0,117.94,95.85,0,0,0
"KS2004502","inside","sewer",32.89,0,32.89,0,0,0,0
"KS2004502","inside","storm",0,0,0,0,0,0,0
"KS2004502","inside","total",67.89,0,217.89,0,0,0,0
"KS2004502","inside","water",35,0,185,150,0,0,0
"KS2004503","inside","sewer",14.85,0,145.8,130.95,0,0,0
"KS2004503","inside","storm",0,0,7.13,0,0,0,0
"KS2004503","inside","total",19.25,0,266.25,247,0,0,0
"KS2004503","inside","water",4.4,0,120.45,116.05,0,0,0
"KS2004503","outside","sewer",16.3,0,186.55,170.25,0,0,0
"KS2004503","outside","total",21.1,0,319.05,297.95,0,0,0
"KS2004503","outside","water",4.8,0,132.5,127.7,0,0,0
"KS2004506","inside","sewer",32.89,0,32.89,0,0,0,0
"KS2004506","inside","storm",0,0,0,0,0,0,0
"KS2004506","inside","total",54.29,0,165.29,0,0,0,0
"KS2004506","inside","water",21.4,0,132.4,111,0,0,0
"KS2004507","inside","sewer",32.89,0,32.89,0,0,0,0
"KS2004507","inside","storm",0,0,0,0,0,0,0
"KS2004507","inside","total",48.89,0,112.64,0,0,0,0
"KS2004507","inside","water",16,0,79.75,63.75,0,0,0
"KS2004508","inside","sewer",32.89,0,32.89,0,0,0,0
"KS2004508","inside","storm",0,0,0,0,0,0,0
"KS2004508","inside","total",64.79,0,182.54,0,0,0,0
"KS2004508","inside","water",31.9,0,149.65,117.75,0,0,0
"KS2004509","inside","sewer",32.89,0,32.89,0,0,0,0
"KS2004509","inside","storm",0,0,0,0,0,0,0
"KS2004509","inside","total",67.89,0,187.89,0,0,0,0
"KS2004509","inside","water",35,0,155,120,0,0,0
"KS2004510","inside","sewer",16,0,141.7,125.7,0,0,0
"KS2004510","inside","storm",0,0,0,0,0,0,0
"KS2004510","inside","total",28,0,334.75,306.75,0,0,0
"KS2004510","inside","water",12,0,193.05,181.05,0,0,0
"KS2004510","outside","sewer",16,0,141.7,125.7,0,0,0
"KS2004510","outside","total",33.5,0,340.25,306.75,0,0,0
"KS2004510","outside","water",17.5,0,198.55,181.05,0,0,0
"KS2004511","inside","sewer",26.71,0,97.12,70.41,0,0,0
"KS2004511","inside","storm",0,0,3.25,0,0,0,0
"KS2004511","inside","total",45.28,0,215.5,170.22,0,0,0
"KS2004511","inside","water",18.57,0,118.38,99.81,0,0,0
"KS2004511","outside","sewer",26.71,0,97.12,70.41,0,0,0
"KS2004511","outside","total",54.56,0,274.2,219.64,0,0,0
"KS2004511","outside","water",27.85,0,177.08,149.23,0,0,0
"KS2004512","inside","sewer",32.89,0,32.89,0,0,0,0
"KS2004512","inside","storm",0,0,0,0,0,0,0
"KS2004512","inside","total",58.89,0,153.39,0,0,0,0
"KS2004512","inside","water",26,0,120.5,94.5,0,0,0
"KS2004703","inside","sewer",5,0,5.66,0.66,0,0,0
"KS2004703","inside","storm",0,0,0,0,0,0,0
"KS2004703","inside","total",23.52,0,60.38,36.86,0,0,0
"KS2004703","inside","water",18.52,0,54.72,36.2,0,0,0
"KS2004703","outside","sewer",5,0,5.66,0.66,0,0,0
"KS2004703","outside","total",42.04,0,114.69,72.65,0,0,0
"KS2004703","outside","water",37.04,0,109.03,71.99,0,0,0
"KS2004903","inside","sewer",26,0,26,0,0,0,0
"KS2004903","inside","storm",0,0,0,0,0,0,0
"KS2004903","inside","total",55.75,3,184.74,0,0,0,0
"KS2004903","inside","water",29.75,3,158.74,125.99,0,0,0
"KS2004903","outside","sewer",26,0,26,0,0,0,0
"KS2004903","outside","total",59.75,3,188.74,0,0,0,0
"KS2004903","outside","water",33.75,3,162.74,125.99,0,0,0
"KS2004905","inside","sewer",32.89,0,32.89,0,0,0,0
"KS2004905","inside","storm",0,0,0,0,0,0,0
"KS2004905","inside","total",57.89,0,172.63,0,0,0,0
"KS2004905","inside","water",25,0,139.74,114.74,0,0,0
"KS2005111","inside","sewer",19.59,0,127.37,107.78,0,0,0
"KS2005111","inside","storm",0,0,0,0,0,0,0
"KS2005111","inside","total",37.89,0,264.99,227.1,0,0,0
"KS2005111","inside","water",18.3,0,137.62,119.32,0,0,0
"KS2005111","outside","sewer",33.27,0,214.93,181.66,0,0,0
"KS2005111","outside","total",64.35,0,448.8,384.45,0,0,0
"KS2005111","outside","water",31.08,0,233.87,202.79,0,0,0
"KS2005113","inside","sewer",32.89,0,32.89,0,0,0,0
"KS2005113","inside","storm",0,0,0,0,0,0,0
"KS2005113","inside","total",60.89,0,107.89,0,0,0,0
"KS2005113","inside","water",28,0,75,47,0,0,0
"KS2005119","inside","sewer",4.93,0,87.73,82.8,0,0,0
"KS2005119","inside","storm",0,0,0,0,0,0,0
"KS2005119","inside","total",30.93,0,172.72,141.79,0,0,0
"KS2005119","inside","water",26,0,84.99,58.99,0,0,0
"KS2005119","outside","sewer",4.93,0,87.73,82.8,0,0,0
"KS2005119","outside","total",56.93,0,257.7,200.77,0,0,0
"KS2005119","outside","water",52,0,169.97,117.97,0,0,0
"KS2005122","inside","sewer",32.89,0,32.89,0,0,0,0
"KS2005122","inside","storm",0,0,0,0,0,0,0
"KS2005122","inside","total",67.89,0,127.89,0,0,0,0
"KS2005122","inside","water",35,0,95,60,0,0,0
"KS2005124","inside","sewer",32.89,0,32.89,0,0,0,0
"KS2005124","inside","storm",0,0,0,0,0,0,0
"KS2005124","inside","total",67.39,0,188.77,0,0,0,0
"KS2005124","inside","water",34.5,0,155.88,121.38,0,0,0
"KS2005306","inside","sewer",24.37,0,74.03,49.66,0,0,0
"KS2005306","inside","storm",0,0,0,0,0,0,0
"KS2005306","inside","total",43.29,0,227.23,183.94,0,0,0
"KS2005306","inside","water",18.92,0,153.2,134.28,0,0,0
"KS2005306","outside","sewer",24.37,0,74.03,49.66,0,0,0
"KS2005306","outside","total",59.48,0,337.4,277.92,0,0,0
"KS2005306","outside","water",35.11,0,263.37,228.26,0,0,0
"KS2005509","inside","sewer",10.5,0,44.3,33.8,0,0,0
"KS2005509","inside","storm",0,0,0,0,0,0,0
"KS2005509","inside","total",19.5,0,74.9,55.4,0,0,0
"KS2005509","inside","water",9,0,30.6,21.6,0,0,0
"KS2005509","outside","sewer",10.5,0,44.3,33.8,0,0,0
"KS2005509","outside","total",28.5,0,83.9,55.4,0,0,0
"KS2005509","outside","water",18,0,39.6,21.6,0,0,0
"KS2005511","inside","sewer",9.5,0,39.5,30,0,0,0
"KS2005511","inside","storm",0,0,2.5,0,0,0,0
"KS2005511","inside","total",31.03,0,104.53,73.5,0,0,0
"KS2005511","inside","water",21.53,0,65.03,43.5,0,0,0
"KS2005511","outside","sewer",9.5,0,39.5,30,0,0,0
"KS2005511","outside","total",52.56,0,169.56,117,0,0,0
"KS2005511","outside","water",43.06,0,130.06,87,0,0,0
"KS2005540","inside","sewer",32.89,0,32.89,0,0,0,0
"KS2005540","inside","storm",0,0,0,0,0,0,0
"KS2005540","inside","total",87.89,0,145.19,0,4.8,0,0
"KS2005540","inside","water",55,0,112.3,52.5,4.8,0,0
"KS2005710","inside","sewer",18.47,0,55.97,37.5,0,0,0
"KS2005710","inside","storm",0,0,1.4,0,0,0,0
"KS2005710","inside","total",27.66,0,102.21,74.55,0,0,0
"KS2005710","inside","water",9.19,0,46.24,37.05,0,0,0
"KS2005905","inside","sewer",32.89,0,32.89,0,0,0,0
"KS2005905","inside","storm",0,0,0,0,0,0,0
"KS2005905","inside","total",60.39,0,167.63,0,0,0,0
"KS2005905","inside","water",27.5,0,134.74,107.24,0,0,0
"KS2005906","inside","sewer",18.71,5,92.29,68.58,0,0,0
"KS2005906","inside","storm",0,0,4,0,0,0,0
"KS2005906","inside","total",22.77,5,145.16,117.39,0,0,0
"KS2005906","inside","water",4.06,0,52.87,48.81,0,0,0
"KS2005906","outside","sewer",18.71,0,87.29,68.58,0,0,0
"KS2005906","outside","total",23.68,0,167.76,144.08,0,0,0
"KS2005906","outside","water",4.97,0,80.47,75.5,0,0,0
"KS2005908","inside","sewer",32.89,0,32.89,0,0,0,0
"KS2005908","inside","storm",0,0,0,0,0,0,0
"KS2005908","inside","total",62.89,0,171.38,0,0,0,0
"KS2005908","inside","water",30,0,138.49,108.49,0,0,0
"KS2005909","inside","sewer",32.89,0,32.89,0,0,0,0
"KS2005909","inside","storm",0,0,0,0,0,0,0
"KS2005909","inside","total",62.89,0,171.64,0,0,0,0
"KS2005909","inside","water",30,0,138.75,108.75,0,0,0
"KS2005911","inside","sewer",32.89,0,32.89,0,0,0,0
"KS2005911","inside","storm",0,0,0,0,0,0,0
"KS2005911","inside","total",40.14,0,113.63,0,0,0,0
"KS2005911","inside","water",7.25,0,80.74,73.49,0,0,0
"KS2005913","inside","sewer",32.89,0,32.89,0,0,0,0
"KS2005913","inside","storm",0,0,0,0,0,0,0
"KS2005913","inside","total",61.39,0,167.89,0,0,0,0
"KS2005913","inside","water",28.5,0,135,106.5,0,0,0
"KS2005915","inside","sewer",32.89,0,32.89,0,0,0,0
"KS2005915","inside","storm",0,0,0,0,0,0,0
"KS2005915","inside","total",53.14,0,176.44,0,0,0,0
"KS2005915","inside","water",20.25,0,143.55,123.3,0,0,0
"KS2006103","inside","sewer",32.89,0,32.89,0,0,0,0
"KS2006103","inside","storm",0,0,0,0,0,0,0
"KS2006103","inside","total",62.89,0,142.24,0,0,0,0
"KS2006103","inside","water",30,0,109.35,79.35,0,0,0
"KS2006105","inside","sewer",32.89,0,32.89,0,0,0,0
"KS2006105","inside","storm",0,0,0,0,0,0,0
"KS2006105","inside","total",62.89,3,97.39,0,0,0,0
"KS2006105","inside","water",30,3,64.5,31.5,0,0,0
"KS2006304","inside","sewer",26.27,0,65.27,39,0,0,0
"KS2006304","inside","storm",0,0,0,0,0,0,0
"KS2006304","inside","total",47.69,0,118.19,70.5,0,0,0
"KS2006304","inside","water",21.42,0,52.92,31.5,0,0,0
"KS2006704","inside","sewer",5,0,29.75,24.75,0,0,0
"KS2006704","inside","storm",0,0,0,0,0,0,0
"KS2006704","inside","total",13.35,0,56.6,43.25,0,0,0
"KS2006704","inside","water",8.35,0,26.85,18.5,0,0,0
"KS2006704","outside","sewer",10,0,59.5,49.5,0,0,0
"KS2006704","outside","total",26.7,0,113.2,86.5,0,0,0
"KS2006704","outside","water",16.7,0,53.7,37,0,0,0
"KS2007302","inside","sewer",32.89,0,32.89,0,0,0,0
"KS2007302","inside","storm",0,0,0,0,0,0,0
"KS2007302","inside","total",63.89,0,189.88,0,0,0,0
"KS2007302","inside","water",31,0,156.99,125.99,0,0,0
"KS2007305","inside","sewer",32.89,0,32.89,0,0,0,0
"KS2007305","inside","storm",0,0,0,0,0,0,0
"KS2007305","inside","total",62.89,0,190.39,0,0,0,0
"KS2007305","inside","water",30,0,157.5,127.5,0,0,0
"KS2007306","inside","sewer",19.26,0,23.91,4.65,0,0,0
"KS2007306","inside","storm",0,0,0,0,0,0,0
"KS2007306","inside","total",28.51,0,97.51,69,0,0,0
"KS2007306","inside","water",9.25,0,73.6,64.35,0,0,0
"KS2007306","outside","sewer",27.1,0,33.55,6.45,0,0,0
"KS2007306","outside","total",40.35,0,118.29,77.94,0,0,0
"KS2007306","outside","water",13.25,0,84.74,71.49,0,0,0
"KS2007308","inside","sewer",16,0,16,0,0,0,0
"KS2007308","inside","storm",0,0,0,0,0,0,0
"KS2007308","inside","total",36,28.5,156.89,0,0,0,0
"KS2007308","inside","water",20,28.5,140.89,92.39,0,0,0
"KS2007308","outside","sewer",16,0,16,0,0,0,0
"KS2007308","outside","total",71,28.5,228.99,0,0,0,0
"KS2007308","outside","water",55,28.5,212.99,129.49,0,0,0
"KS2007309","inside","sewer",32.89,0,32.89,0,0,0,0
"KS2007309","inside","storm",0,0,0,0,0,0,0
"KS2007309","inside","total",65.05,0,137.28,0,0,0,0
"KS2007309","inside","water",32.16,0,104.39,72.23,0,0,0
"KS2007503","inside","sewer",32.89,0,32.89,0,0,0,0
"KS2007503","inside","storm",0,0,0,0,0,0,0
"KS2007503","inside","total",65.05,0,137.28,0,0,0,0
"KS2007503","inside","water",32.16,0,104.39,72.23,0,0,0
"KS2007705","inside","sewer",32.89,0,32.89,0,0,0,0
"KS2007705","inside","storm",0,0,0,0,0,0,0
"KS2007705","inside","total",54.89,0,160.87,0,0,0,0
"KS2007705","inside","water",22,0,127.98,105.98,0,0,0
"KS2007706","inside","sewer",32.89,0,32.89,0,0,0,0
"KS2007706","inside","storm",0,0,0,0,0,0,0
"KS2007706","inside","total",49.89,0,77.89,0,0,0,0
"KS2007706","inside","water",17,0,45,28,0,0,0
"KS2007708","inside","sewer",32.89,0,32.89,0,0,0,0
"KS2007708","inside","storm",0,0,0,0,0,0,0
"KS2007708","inside","total",52.89,0,191.64,0,0,0,0
"KS2007708","inside","water",20,0,158.75,138.75,0,0,0
"KS2007709","inside","sewer",32.89,0,32.89,0,0,0,0
"KS2007709","inside","storm",0,0,0,0,0,0,0
"KS2007709","inside","total",51.89,0,147.89,0,0,0,0
"KS2007709","inside","water",19,0,115,96,0,0,0
"KS2007901","inside","sewer",31.17,0,47.17,16,0,0,0
"KS2007901","inside","storm",0,0,1.9,0,0,0,0
"KS2007901","inside","total",54.17,0,94.47,40.3,0,0,0
"KS2007901","inside","water",23,0,47.3,24.3,0,0,0
"KS2007902","inside","sewer",13,0,61.75,48.75,0,0,0
"KS2007902","inside","storm",0,0,0,0,0,0,0
"KS2007902","inside","total",21,0,106.95,85.95,0,0,0
"KS2007902","inside","water",8,0,45.2,37.2,0,0,0
"KS2007905","inside","sewer",34.96,0,188.34,153.38,0,0,0
"KS2007905","inside","storm",0,0,0,0,0,0,0
"KS2007905","inside","total",52.61,0,313.34,260.73,0,0,0
"KS2007905","inside","water",17.65,0,125,107.35,0,0,0
"KS2007907","inside","sewer",32.89,0,32.89,0,0,0,0
"KS2007907","inside","storm",0,0,0,0,0,0,0
"KS2007907","inside","total",51.89,0,147.89,0,0,0,0
"KS2007907","inside","water",19,0,115,96,0,0,0
"KS2008301","inside","sewer",16,0,31,15,0,0,0
"KS2008301","inside","storm",0,0,0,0,0,0,0
"KS2008301","inside","total",35.15,0,120.65,85.5,0,0,0
"KS2008301","inside","water",19.15,0,89.65,70.5,0,0,0
"KS2008510","inside","sewer",32.89,0,32.89,0,0,0,0
"KS2008510","inside","storm",0,0,0,0,0,0,0
"KS2008510","inside","total",57.89,0,159.14,0,0,0,0
"KS2008510","inside","water",25,0,126.25,101.25,0,0,0
"KS2008511","inside","sewer",32.89,0,32.89,0,0,0,0
"KS2008511","inside","storm",0,0,0,0,0,0,0
"KS2008511","inside","total",64.43,0,169.73,0,0,0,0
"KS2008511","inside","water",31.54,0,136.84,105.3,0,0,0
"KS2008701","inside","sewer",25.5,0,113.55,88.05,0,0,0
"KS2008701","inside","storm",0,0,0,0,0,0,0
"KS2008701","inside","total",43.86,0,209.92,166.06,0,0,0
"KS2008701","inside","water",18.36,0,96.37,78.01,0,0,0
"KS2008701","outside","sewer",51,0,154.35,103.35,0,0,0
"KS2008701","outside","total",81.09,0,293.17,212.08,0,0,0
"KS2008701","outside","water",30.09,0,138.82,108.73,0,0,0
"KS2008702","inside","sewer",30,0,86,56,0,0,0
"KS2008702","inside","storm",0,0,0,0,0,0,0
"KS2008702","inside","total",53,0,262.99,209.99,0,0,0
"KS2008702","inside","water",23,0,176.99,153.99,0,0,0
"KS2008703","inside","sewer",22,0,63.86,41.86,0,0,0
"KS2008703","inside","storm",0,0,0,0,0,0,0
"KS2008703","inside","total",57,0,128.26,71.26,0,0,0
"KS2008703","inside","water",35,0,64.4,29.4,0,0,0
"KS2008703","outside","sewer",27.5,0,69.36,41.86,0,0,0
"KS2008703","outside","total",67.32,0,143.06,75.74,0,0,0
"KS2008703","outside","water",39.82,0,73.7,33.88,0,0,0
"KS2008704","inside","sewer",32.89,0,32.89,0,0,0,0
"KS2008704","inside","storm",0,0,0,0,0,0,0
"KS2008704","inside","total",66.89,0,155.39,0,0,0,0
"KS2008704","inside","water",34,0,122.5,88.5,0,0,0
"KS2008706","inside","sewer",32.89,0,32.89,0,0,0,0
"KS2008706","inside","storm",0,0,0,0,0,0,0
"KS2008706","inside","total",57.89,0,104.69,0,0,0,0
"KS2008706","inside","water",25,0,71.8,46.8,0,0,0
"KS2008708","inside","sewer",32.89,0,32.89,0,0,0,0
"KS2008708","inside","storm",0,0,0,0,0,0,0
"KS2008708","inside","total",55.39,0,100.89,0,0,0,0
"KS2008708","inside","water",22.5,0,68,45.5,0,0,0
"KS2008709","inside","sewer",32.89,0,32.89,0,0,0,0
"KS2008709","inside","storm",0,0,0,0,0,0,0
"KS2008709","inside","total",65.39,0,113.39,0,0,0,0
"KS2008709","inside","water",32.5,0,80.5,48,0,0,0
"KS2008710","inside","sewer",11,0,86.59,75.59,0,0,0
"KS2008710","inside","storm",0,0,0,0,0,0,0
"KS2008710","inside","total",24.75,0,194.83,170.08,0,0,0
"KS2008710","inside","water",13.75,0,108.24,94.49,0,0,0
"KS2008710","outside","sewer",14.36,0,110.11,95.75,0,0,0
"KS2008710","outside","total",32.31,0,247.75,215.44,0,0,0
"KS2008710","outside","water",17.95,0,137.64,119.69,0,0,0
"KS2008712","inside","sewer",32.89,0,32.89,0,0,0,0
"KS2008712","inside","storm",0,0,0,0,0,0,0
"KS2008712","inside","total",50.89,0,156.04,0,0,0,0
"KS2008712","inside","water",18,0,123.15,105.15,0,0,0
"KS2008713","inside","sewer",32.89,0,32.89,0,0,0,0
"KS2008713","inside","storm",0,0,0,0,0,0,0
"KS2008713","inside","total",42.89,0,82.64,0,0,0,0
"KS2008713","inside","water",10,0,49.75,39.75,0,0,0
"KS2008714","inside","sewer",36,0,81.99,45.99,0,0,0
"KS2008714","inside","storm",0,0,0,0,0,0,0
"KS2008714","inside","total",54,0,212.68,158.68,0,0,0
"KS2008714","inside","water",18,0,130.69,112.69,0,0,0
"KS2008715","inside","sewer",32.89,0,32.89,0,0,0,0
"KS2008715","inside","storm",0,0,0,0,0,0,0
"KS2008715","inside","total",57.89,0,150.38,0,0,0,0
"KS2008715","inside","water",25,0,117.49,92.49,0,0,0
"KS2008717","inside","sewer",32.89,0,32.89,0,0,0,0
"KS2008717","inside","storm",0,0,0,0,0,0,0
"KS2008717","inside","total",79.88,0,157.31,0,0,0,0
"KS2008717","inside","water",46.99,0,124.42,77.43,0,0,0
"KS2008718","inside","sewer",67.5,0,67.5,0,0,0,0
"KS2008718","inside","storm",0,0,0,0,0,0,0
"KS2008718","inside","total",78.5,6.43,140.92,0,0,0,0
"KS2008718","inside","water",11,6.43,73.42,55.99,0,0,0
"KS2008719","inside","sewer",32.89,0,32.89,0,0,0,0
"KS2008719","inside","storm",0,0,0,0,0,0,0
"KS2008719","inside","total",57.89,0,113.89,0,0,0,0
"KS2008719","inside","water",25,0,81,56,0,0,0
"KS2008720","inside","sewer",6.1,0.84,100.32,93.38,0,0,0
"KS2008720","inside","storm",0,0,0,0,0,0,0
"KS2008720","inside","total",12.2,0.84,199.8,186.76,0,0,0
"KS2008720","inside","water",6.1,0,99.48,93.38,0,0,0
"KS2008720","outside","sewer",6.1,0,99.48,93.38,0,0,0
"KS2008720","outside","total",11.1,0,125.48,114.38,0,0,0
"KS2008720","outside","water",5,0,26,21,0,0,0
"KS2008721","inside","sewer",32.89,0,32.89,0,0,0,0
"KS2008721","inside","storm",0,0,0,0,0,0,0
"KS2008721","inside","total",47.94,0,86.44,0,0,0,0
"KS2008721","inside","water",15.05,0,53.55,38.5,0,0,0
"KS2008902","inside","sewer",6,0,6,0,0,0,0
"KS2008902","inside","storm",0,0,0,0,0,0,0
"KS2008902","inside","total",20,0,123.59,0,0,0,0
"KS2008902","inside","water",14,0,117.59,103.59,0,0,0
"KS2008907","inside","sewer",32.89,0,32.89,0,0,0,0
"KS2008907","inside","storm",0,0,0,0,0,0,0
"KS2008907","inside","total",58.14,0,89.9,0,0,0,0
"KS2008907","inside","water",25.25,0,57.01,31.76,0,0,0
"KS2009102","inside","sewer",16.23,0,65.51,49.28,0,0,0
"KS2009102","inside","storm",0,0,0,0,0,0,0
"KS2009102","inside","total",38.78,0,200.35,161.57,0,0,0
"KS2009102","inside","water",22.55,0,134.84,112.29,0,0,0
"KS2009103","inside","sewer",6.75,0,123.9,117.15,0,0,0
"KS2009103","inside","storm",0,0,0,0,0,0,0
"KS2009103","inside","total",27.9,0,299.57,271.67,0,0,0
"KS2009103","inside","water",21.15,0,175.67,154.52,0,0,0
"KS2009103","outside","sewer",6.75,0,123.9,117.15,0,0,0
"KS2009103","outside","total",38.45,0,387.14,348.69,0,0,0
"KS2009103","outside","water",31.7,0,263.24,231.54,0,0,0
"KS2009104","inside","sewer",32.89,0,32.89,0,0,0,0
"KS2009104","inside","storm",0,0,0,0,0,0,0
"KS2009104","inside","total",54.51,0,154.71,0,0,0,0
"KS2009104","inside","water",21.62,0,121.82,100.2,0,0,0
"KS2009106","inside","sewer",13.73,0,145.43,131.7,0,0,0
"KS2009106","inside","storm",0,0,0,0,0,0,0
"KS2009106","inside","total",28.2,0,264.22,236.02,0,0,0
"KS2009106","inside","water",14.47,0,118.79,104.32,0,0,0
"KS2009106","outside","sewer",13.73,0,145.43,131.7,0,0,0
"KS2009106","outside","total",39.75,0,307.66,267.91,0,0,0
"KS2009106","outside","water",26.02,0,162.23,136.21,0,0,0
"KS2009110","inside","sewer",9.07,0,137.17,128.1,0,0,0
"KS2009110","inside","storm",0,0,0,0,0,0,0
"KS2009110","inside","total",22.85,0,226.15,203.3,0,0,0
"KS2009110","inside","water",13.78,0,88.98,75.2,0,0,0
"KS2009115","inside","sewer",18.95,0,123.82,104.87,0,0,0
"KS2009115","inside","storm",0,0,5.77,0,0,0,0
"KS2009115","inside","total",33.2,0,218.91,185.71,0,0,0
"KS2009115","inside","water",14.25,0,95.09,80.84,0,0,0
"KS2009115","outside","sewer",18.95,0,123.82,104.87,0,0,0
"KS2009115","outside","total",36.76,0,242.67,205.91,0,0,0
"KS2009115","outside","water",17.81,0,118.85,101.04,0,0,0
"KS2009120","inside","sewer",22.43,0,137.73,115.3,0,0,0
"KS2009120","inside","storm",0,0,0,0,0,0,0
"KS2009120","inside","total",35.76,0,283.06,247.3,0,0,0
"KS2009120","inside","water",13.33,0,145.33,132,0,0,0
"KS2009120","outside","sewer",22.43,0,137.73,115.3,0,0,0
"KS2009120","outside","total",42.43,0,289.73,247.3,0,0,0
"KS2009120","outside","water",20,0,152,132,0,0,0
"KS2009302","inside","sewer",10,0,10,0,0,0,0
"KS2009302","inside","storm",0,0,3,0,0,0,0
"KS2009302","inside","total",44.3,0,64.58,0,0,0,0
"KS2009302","inside","water",34.3,0,54.58,20.28,0,0,0
"KS2009302","outside","sewer",10,0,10,0,0,0,0
"KS2009302","outside","total",78.6,0,119.16,0,0,0,0
"KS2009302","outside","water",68.6,0,109.16,40.56,0,0,0
"KS2009501","inside","sewer",15,0,39.75,24.75,0,0,0
"KS2009501","inside","storm",0,0,0,0,0,0,0
"KS2009501","inside","total",39.5,0,87,47.5,0,0,0
"KS2009501","inside","water",24.5,0,47.25,22.75,0,0,0
"KS2009502","inside","sewer",32.89,0,32.89,0,0,0,0
"KS2009502","inside","storm",0,0,0,0,0,0,0
"KS2009502","inside","total",57.89,0,163.38,0,0,0,0
"KS2009502","inside","water",25,0,130.49,105.49,0,0,0
"KS2009702","inside","sewer",28.35,0,28.35,0,0,0,0
"KS2009702","inside","storm",0,0,0,0,0,0,0
"KS2009702","inside","total",44.1,0,92.85,0,0,0,0
"KS2009702","inside","water",15.75,0,64.5,48.75,0,0,0
"KS2009702","outside","sewer",28.35,0,28.35,0,0,0,0
"KS2009702","outside","total",48.85,0,116.35,0,0,0,0
"KS2009702","outside","water",20.5,0,88,67.5,0,0,0
"KS2009904","inside","sewer",32.89,0,32.89,0,0,0,0
"KS2009904","inside","storm",0,0,0,0,0,0,0
"KS2009904","inside","total",44.39,0,135.38,0,0,0,0
"KS2009904","inside","water",11.5,0,102.49,90.99,0,0,0
"KS2009906","inside","sewer",32.89,0,32.89,0,0,0,0
"KS2009906","inside","storm",0,0,0,0,0,0,0
"KS2009906","inside","total",44.89,0,128.88,0,0,0,0
"KS2009906","inside","water",12,0,95.99,83.99,0,0,0
"KS2009908","inside","sewer",20.11,0,41.95,21.84,0,0,0
"KS2009908","inside","storm",0,0,0,0,0,0,0
"KS2009908","inside","total",46.87,0,217.8,170.93,0,0,0
"KS2009908","inside","water",26.76,0,175.85,149.09,0,0,0
"KS2009908","outside","sewer",20.11,0,41.95,21.84,0,0,0
"KS2009908","outside","total",73.64,0,393.66,320.02,0,0,0
"KS2009908","outside","water",53.53,0,351.71,298.18,0,0,0
"KS2009912","inside","sewer",32.89,0,32.89,0,0,0,0
"KS2009912","inside","storm",0,0,0,0,0,0,0
"KS2009912","inside","total",43.07,0,108.53,0,0,0,0
"KS2009912","inside","water",10.18,0,75.64,65.46,0,0,0
"KS2009914","inside","sewer",15,0,103.19,88.19,0,0,0
"KS2009914","inside","storm",0,0,3.5,0,0,0,0
"KS2009914","inside","total",33.05,15,242.43,194.38,0,0,0
"KS2009914","inside","water",18.05,15,139.24,106.19,0,0,0
"KS2009914","outside","sewer",15,0,103.19,88.19,0,0,0
"KS2009914","outside","total",51.1,15,366.67,300.57,0,0,0
"KS2009914","outside","water",36.1,15,263.48,212.38,0,0,0
"KS2009916","inside","sewer",32.89,0,32.89,0,0,0,0
"KS2009916","inside","storm",0,0,0,0,0,0,0
"KS2009916","inside","total",47.89,0,117.89,0,0,0,0
"KS2009916","inside","water",15,0,85,70,0,0,0
"KS2009917","inside","sewer",32.89,0,32.89,0,0,0,0
"KS2009917","inside","storm",0,0,0,0,0,0,0
"KS2009917","inside","total",44.32,0,110.82,0,0,0,0
"KS2009917","inside","water",11.43,0,77.93,66.5,0,0,0
"KS2010102","inside","sewer",32.89,0,32.89,0,0,0,0
"KS2010102","inside","storm",0,0,0,0,0,0,0
"KS2010102","inside","total",39.89,0,73.64,0,0,0,0
"KS2010102","inside","water",7,0,40.75,33.75,0,0,0
"KS2010305","inside","sewer",32.89,0,32.89,0,0,0,0
"KS2010305","inside","storm",0,0,0,0,0,0,0
"KS2010305","inside","total",50.89,0,133.39,0,0,0,0
"KS2010305","inside","water",18,0,100.5,82.5,0,0,0
"KS2010306","inside","sewer",15.94,0,83.29,67.35,0,0,0
"KS2010306","inside","storm",0,0,0,0,0,0,0
"KS2010306","inside","total",34.67,0,190.49,155.82,0,0,0
"KS2010306","inside","water",18.73,0,107.2,88.47,0,0,0
"KS2010308","inside","sewer",32.89,0,32.89,0,0,0,0
"KS2010308","inside","storm",0,0,0,0,0,0,0
"KS2010308","inside","total",57.04,0,156.34,0,0,0,0
"KS2010308","inside","water",24.15,0,123.45,99.3,0,0,0
"KS2010309","inside","sewer",32.89,0,32.89,0,0,0,0
"KS2010309","inside","storm",0,0,0,0,0,0,0
"KS2010309","inside","total",47.89,0,134.89,0,0,0,0
"KS2010309","inside","water",15,0,102,87,0,0,0
"KS2010310","inside","sewer",37.04,0,112.91,75.87,0,0,0
"KS2010310","inside","storm",0,0,0,0,0,0,0
"KS2010310","inside","total",57.04,0,270.94,213.9,0,0,0
"KS2010310","inside","water",20,0,158.03,138.03,0,0,0
"KS2010316","inside","sewer",32.89,0,32.89,0,0,0,0
"KS2010316","inside","storm",0,0,0,0,0,0,0
"KS2010316","inside","total",56.89,0,120.05,0,0,0,0
"KS2010316","inside","water",24,0,87.16,63.16,0,0,0
"KS2010318","inside","sewer",32.89,0,32.89,0,0,0,0
"KS2010318","inside","storm",0,0,0,0,0,0,0
"KS2010318","inside","total",56.89,0,120.05,0,0,0,0
"KS2010318","inside","water",24,0,87.16,63.16,0,0,0
"KS2010319","inside","sewer",32.89,0,32.89,0,0,0,0
"KS2010319","inside","storm",0,0,0,0,0,0,0
"KS2010319","inside","total",50.39,0,101.39,0,0,0,0
"KS2010319","inside","water",17.5,0,68.5,51,0,0,0
"KS2010323","inside","sewer",32.89,0,32.89,0,0,0,0
"KS2010323","inside","storm",0,0,0,0,0,0,0
"KS2010323","inside","total",53.89,0,130.18,0,0,0,0
"KS2010323","inside","water",21,0,97.29,76.29,0,0,0
"KS2010702","inside","sewer",32.89,0,32.89,0,0,0,0
"KS2010702","inside","storm",0,0,0,0,0,0,0
"KS2010702","inside","total",62.89,0,197.87,0,0,0,0
"KS2010702","inside","water",30,0,164.98,134.98,0,0,0
"KS2010703","inside","sewer",15,20,87.5,52.5,0,0,0
"KS2010703","inside","storm",0,0,0,0,0,0,0
"KS2010703","inside","total",42.25,20,278.54,216.29,0,0,0
"KS2010703","inside","water",27.25,0,191.04,163.79,0,0,0
"KS2010707","inside","sewer",32.89,0,32.89,0,0,0,0
"KS2010707","inside","storm",0,0,0,0,0,0,0
"KS2010707","inside","total",62.89,0,220.38,0,0,0,0
"KS2010707","inside","water",30,0,187.49,157.49,0,0,0
"KS2010708","inside","sewer",32.89,0,32.89,0,0,0,0
"KS2010708","inside","storm",0,0,0,0,0,0,0
"KS2010708","inside","total",54.69,0,194.68,0,0,0,0
"KS2010708","inside","water",21.8,0,161.79,139.99,0,0,0
"KS2010901","inside","sewer",23,0,23,0,0,0,0
"KS2010901","inside","storm",0,0,0,0,0,0,0
"KS2010901","inside","total",52.8,0,72,0,0,0,0
"KS2010901","inside","water",29.8,0,49,19.2,0,0,0
"KS2010901","outside","sewer",23,0,23,0,0,0,0
"KS2010901","outside","total",60.7,0,89.5,0,0,0,0
"KS2010901","outside","water",37.7,0,66.5,28.8,0,0,0
"KS2011101","inside","sewer",32.89,0,32.89,0,0,0,0
"KS2011101","inside","storm",0,0,0,0,0,0,0
"KS2011101","inside","total",49.89,0,139.89,0,0,0,0
"KS2011101","inside","water",17,0,107,90,0,0,0
"KS2011105","inside","sewer",20.12,0,78.77,58.65,0,0,0
"KS2011105","inside","storm",0,0,0,0,0,0,0
"KS2011105","inside","total",30.28,0,142.33,112.05,0,0,0
"KS2011105","inside","water",10.16,0,63.56,53.4,0,0,0
"KS2011105","outside","sewer",40.24,0,157.54,117.3,0,0,0
"KS2011105","outside","total",61,0,285.09,224.09,0,0,0
"KS2011105","outside","water",20.76,0,127.55,106.79,0,0,0
"KS2011107","inside","sewer",32.89,0,32.89,0,0,0,0
"KS2011107","inside","storm",0,0,0,0,0,0,0
"KS2011107","inside","total",44.89,0,119.89,0,0,0,0
"KS2011107","inside","water",12,0,87,75,0,0,0
"KS2011108","inside","sewer",32.89,0,32.89,0,0,0,0
"KS2011108","inside","storm",0,0,0,0,0,0,0
"KS2011108","inside","total",49.94,0,135.08,0,0,0,0
"KS2011108","inside","water",17.05,0,102.19,85.14,0,0,0
"KS2011110","inside","sewer",32.89,0,32.89,0,0,0,0
"KS2011110","inside","storm",0,0,0,0,0,0,0
"KS2011110","inside","total",48.92,0,133.36,0,0,0,0
"KS2011110","inside","water",16.03,0,100.47,84.44,0,0,0
"KS2011112","inside","sewer",14,0,14.5,0.5,0,0,0
"KS2011112","inside","storm",0,0,0,0,0,0,0
"KS2011112","inside","total",35.15,0,149.74,114.59,0,0,0
"KS2011112","inside","water",21.15,0,135.24,114.09,0,0,0
"KS2011113","inside","sewer",32.89,0,32.89,0,0,0,0
"KS2011113","inside","storm",0,0,0,0,0,0,0
"KS2011113","inside","total",52.89,0,164.88,0,0,0,0
"KS2011113","inside","water",20,0,131.99,111.99,0,0,0
"KS2011114","inside","sewer",17,0,17,0,0,0,0
"KS2011114","inside","storm",0,0,0,0,0,0,0
"KS2011114","inside","total",31,0,177.99,0,0,0,0
"KS2011114","inside","water",14,0,160.99,146.99,0,0,0
"KS2011301","inside","sewer",32.89,0,32.89,0,0,0,0
"KS2011301","inside","storm",0,0,0,0,0,0,0
"KS2011301","inside","total",67.89,0,142.89,0,0,0,0
"KS2011301","inside","water",35,0,110,75,0,0,0
"KS2011304","inside","sewer",23.54,0,94.19,70.65,0,0,0
"KS2011304","inside","storm",0,0,0,0,0,0,0
"KS2011304","inside","total",37.83,0,151.2,113.37,0,0,0
"KS2011304","inside","water",14.29,0,57.01,42.72,0,0,0
"KS2011304","outside","sewer",23.54,0,94.19,70.65,0,0,0
"KS2011304","outside","total",37.83,0,167.7,129.87,0,0,0
"KS2011304","outside","water",14.29,0,73.51,59.22,0,0,0
"KS2011305","inside","sewer",32.89,0,32.89,0,0,0,0
"KS2011305","inside","storm",0,0,0,0,0,0,0
"KS2011305","inside","total",57.89,0,192.89,0,0,0,0
"KS2011305","inside","water",25,0,160,135,0,0,0
"KS2011306","inside","sewer",32.89,0,32.89,0,0,0,0
"KS2011306","inside","storm",0,0,0,0,0,0,0
"KS2011306","inside","total",39.89,0,60.24,0,0,0,0
"KS2011306","inside","water",7,0,27.35,20.35,0,0,0
"KS2011307","inside","sewer",32.89,0,32.89,0,0,0,0
"KS2011307","inside","storm",0,0,0,0,0,0,0
"KS2011307","inside","total",48.89,0,120.89,0,0,0,0
"KS2011307","inside","water",16,0,88,72,0,0,0
"KS2011308","inside","sewer",15,0,78.75,63.75,0,0,0
"KS2011308","inside","storm",0,0,0,0,0,0,0
"KS2011308","inside","total",28,0,156.25,128.25,0,0,0
"KS2011308","inside","water",13,0,77.5,64.5,0,0,0
"KS2011309","inside","sewer",16,0,52,36,0,0,0
"KS2011309","inside","storm",0,0,7,0,0,0,0
"KS2011309","inside","total",30.5,0,111.5,81,0,0,0
"KS2011309","inside","water",14.5,0,59.5,45,0,0,0
"KS2011309","outside","sewer",24,0,78,54,0,0,0
"KS2011309","outside","total",45.76,0,167.26,121.5,0,0,0
"KS2011309","outside","water",21.76,0,89.26,67.5,0,0,0
"KS2011313","inside","sewer",24.45,0,24.45,0,0,0,0
"KS2011313","inside","storm",0,0,0,0,0,0,0
"KS2011313","inside","total",41.95,0,118.94,0,0,0,0
"KS2011313","inside","water",17.5,0,94.49,76.99,0,0,0
"KS2011313","outside","sewer",27.69,0,27.69,0,0,0,0
"KS2011313","outside","total",70.19,0,161.18,0,0,0,0
"KS2011313","outside","water",42.5,0,133.49,90.99,0,0,0
"KS2011503","inside","sewer",0,0,15,0,0,15,0
"KS2011503","inside","storm",0,0,0,0,0,0,0
"KS2011503","inside","total",0,0,98,0,0,0,0
"KS2011503","inside","water",18,0,83,65,0,0,0
"KS2011504","inside","sewer",11.5,2,51,37.5,0,0,0
"KS2011504","inside","storm",0,0,0,0,0,0,0
"KS2011504","inside","total",22.5,10,123.42,90.92,0,0,0
"KS2011504","inside","water",11,8,72.42,53.42,0,0,0
"KS2011504","outside","sewer",11.5,2,66,52.5,0,0,0
"KS2011504","outside","total",22.5,10,138.42,105.92,0,0,0
"KS2011504","outside","water",11,8,72.42,53.42,0,0,0
"KS2011505","inside","sewer",31.68,0,91.38,59.7,0,0,0
"KS2011505","inside","storm",0,0,0,0,0,0,0
"KS2011505","inside","total",60.68,0,194.18,133.5,0,0,0
"KS2011505","inside","water",29,0,102.8,73.8,0,0,0
"KS2011507","inside","sewer",20,0,46.25,26.25,0,0,0
"KS2011507","inside","storm",0,0,0,0,0,0,0
"KS2011507","inside","total",50,0,152,102,0,0,0
"KS2011507","inside","water",30,0,105.75,75.75,0,0,0
"KS2011508","inside","sewer",32.89,0,32.89,0,0,0,0
"KS2011508","inside","storm",0,0,0,0,0,0,0
"KS2011508","inside","total",40.34,0,143.54,0,0,0,0
"KS2011508","inside","water",7.45,0,110.65,103.2,0,0,0
"KS2011510","inside","sewer",32.89,0,32.89,0,0,0,0
"KS2011510","inside","storm",0,0,0,0,0,0,0
"KS2011510","inside","total",40.34,0,143.54,0,0,0,0
"KS2011510","inside","water",7.45,0,110.65,103.2,0,0,0
"KS2011511","inside","sewer",32.89,0,32.89,0,0,0,0
"KS2011511","inside","storm",0,0,0,0,0,0,0
"KS2011511","inside","total",40.34,0,143.54,0,0,0,0
"KS2011511","inside","water",7.45,0,110.65,103.2,0,0,0
"KS2011703","inside","sewer",28,0,37.38,9.38,0,0,0
"KS2011703","inside","storm",0,0,0,0,0,0,0
"KS2011703","inside","total",49.5,0,92.63,43.13,0,0,0
"KS2011703","inside","water",21.5,0,55.25,33.75,0,0,0
"KS2011703","outside","sewer",28,0,37.38,9.38,0,0,0
"KS2011703","outside","total",52.3,0,102.93,50.63,0,0,0
"KS2011703","outside","water",24.3,0,65.55,41.25,0,0,0
"KS2011707","inside","sewer",32.89,0,32.89,0,0,0,0
"KS2011707","inside","storm",0,0,0,0,0,0,0
"KS2011707","inside","total",50.94,0,104.64,0,0,0,0
"KS2011707","inside","water",18.05,0,71.75,53.7,0,0,0
"KS2011710","inside","sewer",17.25,0,17.25,0,0,0,0
"KS2011710","inside","storm",0,0,0,0,0,0,0
"KS2011710","inside","total",47.25,0,66.1,0,0,0,0
"KS2011710","inside","water",30,0,48.85,18.85,0,0,0
"KS2011713","inside","sewer",32.89,0,32.89,0,0,0,0
"KS2011713","inside","storm",0,0,0,0,0,0,0
"KS2011713","inside","total",50.94,0,104.64,0,0,0,0
"KS2011713","inside","water",18.05,0,71.75,53.7,0,0,0
"KS2011902","inside","sewer",8,0,17.6,9.6,0,0,0
"KS2011902","inside","storm",0,0,0,0,0,0,0
"KS2011902","inside","total",24,0,121.35,97.35,0,0,0
"KS2011902","inside","water",16,0,103.75,87.75,0,0,0
"KS2012101","inside","sewer",32.89,0,32.89,0,0,0,0
"KS2012101","inside","storm",0,0,0,0,0,0,0
"KS2012101","inside","total",54.89,0,117.89,0,0,0,0
"KS2012101","inside","water",22,0,85,63,0,0,0
"KS2012102","inside","sewer",32.89,0,32.89,0,0,0,0
"KS2012102","inside","storm",0,0,0,0,0,0,0
"KS2012102","inside","total",46.97,0,85.47,0,0,0,0
"KS2012102","inside","water",14.08,0,52.58,38.5,0,0,0
"KS2012103","inside","sewer",26,0,89,63,0,0,0
"KS2012103","inside","storm",0,0,3,0,0,0,0
"KS2012103","inside","total",51,0,225,174,0,0,0
"KS2012103","inside","water",25,0,136,111,0,0,0
"KS2012104","inside","sewer",32.89,0,32.89,0,0,0,0
"KS2012104","inside","storm",0,0,0,0,0,0,0
"KS2012104","inside","total",50.64,0,178.59,0,0,0,0
"KS2012104","inside","water",17.75,0,145.7,127.95,0,0,0
"KS2012106","inside","sewer",27,0,173.25,146.25,0,0,0
"KS2012106","inside","storm",0,0,4,0,0,0,0
"KS2012106","inside","total",52,0,310,258,0,0,0
"KS2012106","inside","water",25,0,136.75,111.75,0,0,0
"KS2012301","inside","sewer",15.69,0,79.34,63.65,0,0,0
"KS2012301","inside","storm",0,0,0,0,0,0,0
"KS2012301","inside","total",35.47,0,161.22,125.75,0,0,0
"KS2012301","inside","water",19.78,0,81.88,62.1,0,0,0
"KS2012301","outside","sewer",35,0,150.03,115.03,0,0,0
"KS2012301","outside","total",70,0,301.47,231.47,0,0,0
"KS2012301","outside","water",35,0,151.44,116.44,0,0,0
"KS2012304","inside","sewer",32.89,0,32.89,0,0,0,0
"KS2012304","inside","storm",0,0,0,0,0,0,0
"KS2012304","inside","total",62.89,0,141.64,0,0,0,0
"KS2012304","inside","water",30,0,108.75,78.75,0,0,0
"KS2012305","inside","sewer",15,0,15,0,0,0,0
"KS2012305","inside","storm",0,0,0,0,0,0,0
"KS2012305","inside","total",32,0,82.25,0,0,0,0
"KS2012305","inside","water",17,0,67.25,50.25,0,0,0
"KS2012309","inside","sewer",32.89,0,32.89,0,0,0,0
"KS2012309","inside","storm",0,0,0,0,0,0,0
"KS2012309","inside","total",67.89,0,180.39,0,0,0,0
"KS2012309","inside","water",35,0,147.5,112.5,0,0,0
"KS2012501","inside","sewer",32.89,0,32.89,0,0,0,0
"KS2012501","inside","storm",0,0,0,0,0,0,0
"KS2012501","inside","total",40.89,0,92.89,0,0,0,0
"KS2012501","inside","water",8,0,60,52,0,0,0
"KS2012504","inside","sewer",32.89,0,32.89,0,0,0,0
"KS2012504","inside","storm",0,0,0,0,0,0,0
"KS2012504","inside","total",45.19,0,123.63,0,0,0,0
"KS2012504","inside","water",12.3,0,90.74,78.44,0,0,0
"KS2012505","inside","sewer",32.89,0,32.89,0,0,0,0
"KS2012505","inside","storm",0,0,0,0,0,0,0
"KS2012505","inside","total",47.39,0,110.39,0,0,0,0
"KS2012505","inside","water",14.5,0,77.5,63,0,0,0
"KS2012506","inside","sewer",32.89,0,32.89,0,0,0,0
"KS2012506","inside","storm",0,0,0,0,0,0,0
"KS2012506","inside","total",42.89,0,107.39,0,0,0,0
"KS2012506","inside","water",10,0,74.5,64.5,0,0,0
"KS2012507","inside","sewer",32.89,0,32.89,0,0,0,0
"KS2012507","inside","storm",0,0,0,0,0,0,0
"KS2012507","inside","total",51.97,0,122.09,0,0,0,0
"KS2012507","inside","water",19.08,0,89.2,70.12,0,0,0
"KS2012508","inside","sewer",32.7,0,130.35,97.65,0,0,0
"KS2012508","inside","storm",0,0,0,0,0,0,0
"KS2012508","inside","total",52.97,0,398.37,345.4,0,0,0
"KS2012508","inside","water",20.27,0,268.02,247.75,0,0,0
"KS2012509","inside","sewer",32.89,0,32.89,0,0,0,0
"KS2012509","inside","storm",0,0,0,0,0,0,0
"KS2012509","inside","total",47.89,0,174.33,0,0,0,0
"KS2012509","inside","water",15,0,141.44,126.44,0,0,0
"KS2012512","inside","sewer",10.19,0,66.59,56.4,0,0,0
"KS2012512","inside","storm",0,0,1.67,0,0,0,0
"KS2012512","inside","total",23.84,0,215.24,191.4,0,0,0
"KS2012512","inside","water",13.65,0,148.65,135,0,0,0
"KS2012512","outside","sewer",14.29,0,98.89,84.6,0,0,0
"KS2012512","outside","total",27.94,0,285.49,257.55,0,0,0
"KS2012512","outside","water",13.65,0,186.6,172.95,0,0,0
"KS2012513","inside","sewer",17.75,0,72.22,54.47,0,0,0
"KS2012513","inside","storm",0,0,7,0,0,0,0
"KS2012513","inside","total",21.25,0,165.84,144.59,0,0,0
"KS2012513","inside","water",3.5,0,93.62,90.12,0,0,0
"KS2012513","outside","sewer",17.75,0,72.22,54.47,0,0,0
"KS2012513","outside","total",23,0,182.65,159.65,0,0,0
"KS2012513","outside","water",5.25,0,110.43,105.18,0,0,0
"KS2012517","inside","sewer",36,0,76.1,40.1,0,0,0
"KS2012517","inside","storm",0,0,0,0,0,0,0
"KS2012517","inside","total",72,0,169.25,97.25,0,0,0
"KS2012517","inside","water",36,0,93.15,57.15,0,0,0
"KS2012517","outside","sewer",42,0,89.12,47.12,0,0,0
"KS2012517","outside","total",88.25,0,197.53,109.28,0,0,0
"KS2012517","outside","water",46.25,0,108.41,62.16,0,0,0
"KS2012519","inside","sewer",32.89,0,32.89,0,0,0,0
"KS2012519","inside","storm",0,0,0,0,0,0,0
"KS2012519","inside","total",43.89,0,163.89,0,0,0,0
"KS2012519","inside","water",11,0,131,120,0,0,0
"KS2012521","inside","sewer",32.89,0,32.89,0,0,0,0
"KS2012521","inside","storm",0,0,0,0,0,0,0
"KS2012521","inside","total",45.89,0,192.14,0,0,0,0
"KS2012521","inside","water",13,0,159.25,146.25,0,0,0
"KS2012525","inside","sewer",32.89,0,32.89,0,0,0,0
"KS2012525","inside","storm",0,0,0,0,0,0,0
"KS2012525","inside","total",66.89,0,213.51,0,0,0,0
"KS2012525","inside","water",34,0,180.62,146.62,0,0,0
"KS2012702","inside","sewer",8.46,0,36.36,27.9,0,0,0
"KS2012702","inside","storm",0,0,0,0,0,0,0
"KS2012702","inside","total",25.61,0,132.26,106.65,0,0,0
"KS2012702","inside","water",17.15,0,95.9,78.75,0,0,0
"KS2012702","outside","sewer",16.91,0,72.71,55.8,0,0,0
"KS2012702","outside","total",51.21,0,264.51,213.3,0,0,0
"KS2012702","outside","water",34.3,0,191.8,157.5,0,0,0
"KS2012703","inside","sewer",25,0,25,0,0,0,0
"KS2012703","inside","storm",0,0,0,0,0,0,0
"KS2012703","inside","total",42,3,45.06,0,0,0,0
"KS2012703","inside","water",17,3,20.06,0.06,0,0,0
"KS2012704","inside","sewer",32.89,0,32.89,0,0,0,0
"KS2012704","inside","storm",0,0,0,0,0,0,0
"KS2012704","inside","total",73.89,0,133.89,0,0,0,0
"KS2012704","inside","water",41,0,101,60,0,0,0
"KS2012901","inside","sewer",15,0,15.45,0.45,0,0,0
"KS2012901","inside","storm",0,0,0,0,0,0,0
"KS2012901","inside","total",32.5,0,52.95,20.45,0,0,0
"KS2012901","inside","water",17.5,0,37.5,20,0,0,0
"KS2013102","inside","sewer",0,0,8,0,0,8,0
"KS2013102","inside","storm",0,0,0,0,0,0,0
"KS2013102","inside","total",0,0,47.75,0,0,0,0
"KS2013102","inside","water",17,0,39.75,22.75,0,0,0
"KS2013102","outside","water",15.75,0,40.84,25.09,0,0,0
"KS2013105","inside","sewer",32.89,0,32.89,0,0,0,0
"KS2013105","inside","storm",0,0,0,0,0,0,0
"KS2013105","inside","total",45.39,0,64.64,0,0,0,0
"KS2013105","inside","water",12.5,0,31.75,19.25,0,0,0
"KS2013106","inside","sewer",26,0,26,0,0,0,0
"KS2013106","inside","storm",0,0,0,0,0,0,0
"KS2013106","inside","total",51,0,133.5,0,0,0,0
"KS2013106","inside","water",25,0,107.5,82.5,0,0,0
"KS2013110","inside","sewer",32.89,0,32.89,0,0,0,0
"KS2013110","inside","storm",0,0,0,0,0,0,0
"KS2013110","inside","total",58.89,0,58.89,0,0,0,0
"KS2013110","inside","water",26,0,26,0,0,0,0
"KS2013112","inside","sewer",32.89,0,32.89,0,0,0,0
"KS2013112","inside","storm",0,0,0,0,0,0,0
"KS2013112","inside","total",67.89,0,162.98,0,0,0,0
"KS2013112","inside","water",35,0,130.09,95.09,0,0,0
"KS2013301","inside","sewer",32.89,0,32.89,0,0,0,0
"KS2013301","inside","storm",0,0,0,0,0,0,0
"KS2013301","inside","total",47.39,0,137.39,0,0,0,0
"KS2013301","inside","water",14.5,0,104.5,90,0,0,0
"KS2013303","inside","sewer",32.89,0,32.89,0,0,0,0
"KS2013303","inside","storm",0,0,0,0,0,0,0
"KS2013303","inside","total",47.09,0,119.54,0,0,0,0
"KS2013303","inside","water",14.2,0,86.65,72.45,0,0,0
"KS2013305","inside","sewer",32.89,0,32.89,0,0,0,0
"KS2013305","inside","storm",0,0,0,0,0,0,0
"KS2013305","inside","total",45.39,0,139.14,0,0,0,0
"KS2013305","inside","water",12.5,0,106.25,93.75,0,0,0
"KS2013307","inside","sewer",35.14,0,66.82,31.68,0,0,0
"KS2013307","inside","storm",0,0,0,0,0,0,0
"KS2013307","inside","total",39.14,0,176.09,136.95,0,0,0
"KS2013307","inside","water",4,0,109.27,105.27,0,0,0
"KS2013307","outside","sewer",35.14,0,66.82,31.68,0,0,0
"KS2013307","outside","total",40.64,0,213.69,173.05,0,0,0
"KS2013307","outside","water",5.5,0,146.87,141.37,0,0,0
"KS2013309","inside","sewer",32.89,0,32.89,0,0,0,0
"KS2013309","inside","storm",0,0,0,0,0,0,0
"KS2013309","inside","total",47.89,0,131.88,0,0,0,0
"KS2013309","inside","water",15,0,98.99,83.99,0,0,0
"KS2013314","inside","sewer",32.89,0,32.89,0,0,0,0
"KS2013314","inside","storm",0,0,0,0,0,0,0
"KS2013314","inside","total",44.89,0,112.39,0,0,0,0
"KS2013314","inside","water",12,0,79.5,67.5,0,0,0
"KS2013315","inside","sewer",32.89,0,32.89,0,0,0,0
"KS2013315","inside","storm",0,0,0,0,0,0,0
"KS2013315","inside","total",41.98,0,139.48,0,0,0,0
"KS2013315","inside","water",9.09,0,106.59,97.5,0,0,0
"KS2013317","inside","sewer",32.89,0,32.89,0,0,0,0
"KS2013317","inside","storm",0,0,0,0,0,0,0
"KS2013317","inside","total",51.55,0,156.55,0,0,0,0
"KS2013317","inside","water",18.66,0,123.66,105,0,0,0
"KS2013320","inside","sewer",32.89,0,32.89,0,0,0,0
"KS2013320","inside","storm",0,0,0,0,0,0,0
"KS2013320","inside","total",57.89,0,282.89,0,0,0,0
"KS2013320","inside","water",25,0,250,225,0,0,0
"KS2013321","inside","sewer",32.89,0,32.89,0,0,0,0
"KS2013321","inside","storm",0,0,0,0,0,0,0
"KS2013321","inside","total",42.89,0,115.34,0,0,0,0
"KS2013321","inside","water",10,0,82.45,72.45,0,0,0
"KS2013702","inside","sewer",21.61,0,66.53,44.92,0,0,0
"KS2013702","inside","storm",0,0,0,0,0,0,0
"KS2013702","inside","total",49.75,0,142.12,92.37,0,0,0
"KS2013702","inside","water",28.14,0,75.59,47.45,0,0,0
"KS2013702","outside","sewer",43.21,0,88.13,44.92,0,0,0
"KS2013702","outside","total",86.25,0,178.62,92.37,0,0,0
"KS2013702","outside","water",43.04,0,90.49,47.45,0,0,0
"KS2013703","inside","sewer",32.89,0,32.89,0,0,0,0
"KS2013703","inside","storm",0,0,0,0,0,0,0
"KS2013703","inside","total",62.89,0,74.89,0,0,0,0
"KS2013703","inside","water",30,0,42,12,0,0,0
"KS2013901","inside","sewer",36.45,0,129.17,92.72,0,0,0
"KS2013901","inside","storm",0,0,0,0,0,0,0
"KS2013901","inside","total",67.34,0,351.74,284.4,0,0,0
"KS2013901","inside","water",30.89,0,222.57,191.68,0,0,0
"KS2013901","outside","sewer",53.15,0,145.87,92.72,0,0,0
"KS2013901","outside","total",91.63,0,425.41,333.78,0,0,0
"KS2013901","outside","water",38.48,0,279.54,241.06,0,0,0
"KS2013902","inside","sewer",32.89,0,32.89,0,0,0,0
"KS2013902","inside","storm",0,0,0,0,0,0,0
"KS2013902","inside","total",52.89,0,142.89,0,0,0,0
"KS2013902","inside","water",20,0,110,90,0,0,0
"KS2013903","inside","sewer",15.21,0,81.96,66.75,0,0,0
"KS2013903","inside","storm",0,0,1,0,0,0,0
"KS2013903","inside","total",30.42,0,230.67,200.25,0,0,0
"KS2013903","inside","water",15.21,0,148.71,133.5,0,0,0
"KS2013904","inside","sewer",32.89,0,32.89,0,0,0,0
"KS2013904","inside","storm",0,0,0,0,0,0,0
"KS2013904","inside","total",52.89,0,157.89,0,0,0,0
"KS2013904","inside","water",20,0,125,105,0,0,0
"KS2013905","inside","sewer",16.5,0,41,24.5,0,0,0
"KS2013905","inside","storm",0,0,0,0,0,0,0
"KS2013905","inside","total",38.5,0,220.98,182.48,0,0,0
"KS2013905","inside","water",22,0,179.98,157.98,0,0,0
"KS2013905","outside","sewer",16.5,0,41,24.5,0,0,0
"KS2013905","outside","total",45.27,0,266.88,221.61,0,0,0
"KS2013905","outside","water",28.77,0,225.88,197.11,0,0,0
"KS2013906","inside","sewer",32.89,0,32.89,0,0,0,0
"KS2013906","inside","storm",0,0,0,0,0,0,0
"KS2013906","inside","total",70.37,0,308.21,0,0,0,0
"KS2013906","inside","water",37.48,0,275.32,237.84,0,0,0
"KS2013910","inside","sewer",32.89,0,32.89,0,0,0,0
"KS2013910","inside","storm",0,0,0,0,0,0,0
"KS2013910","inside","total",52.51,0,181.21,0,0,0,0
"KS2013910","inside","water",19.62,0,148.32,128.7,0,0,0
"KS2013911","inside","sewer",45,0,87,42,0,0,0
"KS2013911","inside","storm",0,0,0,0,0,0,0
"KS2013911","inside","total",85,0,336.99,251.99,0,0,0
"KS2013911","inside","water",40,0,249.99,209.99,0,0,0
"KS2013911","outside","sewer",45,0,87,42,0,0,0
"KS2013911","outside","total",90,0,369.98,279.98,0,0,0
"KS2013911","outside","water",45,0,282.98,237.98,0,0,0
"KS2013912","inside","sewer",32.89,0,32.89,0,0,0,0
"KS2013912","inside","storm",0,0,0,0,0,0,0
"KS2013912","inside","total",66.89,0,156.89,0,0,0,0
"KS2013912","inside","water",34,0,124,90,0,0,0
"KS2013914","inside","sewer",33.08,0,63.46,30.38,0,0,0
"KS2013914","inside","storm",0,0,0,0,0,0,0
"KS2013914","inside","total",52.57,0,192.84,140.27,0,0,0
"KS2013914","inside","water",19.49,0,129.38,109.89,0,0,0
"KS2013914","outside","sewer",33.08,0,63.46,30.38,0,0,0
"KS2013914","outside","total",54.4,0,234.71,180.31,0,0,0
"KS2013914","outside","water",21.32,0,171.25,149.93,0,0,0
"KS2013917","inside","sewer",32.89,0,32.89,0,0,0,0
"KS2013917","inside","storm",0,0,0,0,0,0,0
"KS2013917","inside","total",66.39,0,170.36,0,0,0,0
"KS2013917","inside","water",33.5,0,137.47,103.97,0,0,0
"KS2013918","inside","sewer",32.89,0,32.89,0,0,0,0
"KS2013918","inside","storm",0,0,0,0,0,0,0
"KS2013918","inside","total",47.89,0,152.89,0,0,0,0
"KS2013918","inside","water",15,0,120,105,0,0,0
"KS2014101","inside","sewer",26,0,26,0,0,0,0
"KS2014101","inside","storm",0,0,0,0,0,0,0
"KS2014101","inside","total",59,0,131.49,0,0,0,0
"KS2014101","inside","water",33,0,105.49,72.49,0,0,0
"KS2014101","outside","sewer",24.75,0,24.75,0,0,0,0
"KS2014101","outside","total",78.75,0,151.24,0,0,0,0
"KS2014101","outside","water",54,0,126.49,72.49,0,0,0
"KS2014103","inside","sewer",32.89,0,32.89,0,0,0,0
"KS2014103","inside","storm",0,0,0,0,0,0,0
"KS2014103","inside","total",72.89,0,132.89,0,0,0,0
"KS2014103","inside","water",40,0,100,60,0,0,0
"KS2014105","inside","sewer",8,0,21.64,13.64,0,0,0
"KS2014105","inside","storm",0,0,0,0,0,0,0
"KS2014105","inside","total",25,0,68.32,43.32,0,0,0
"KS2014105","inside","water",17,0,46.68,29.68,0,0,0
"KS2014107","inside","sewer",32.89,0,32.89,0,0,0,0
"KS2014107","inside","storm",0,0,0,0,0,0,0
"KS2014107","inside","total",69.89,0,193.64,0,0,0,0
"KS2014107","inside","water",37,0,160.75,123.75,0,0,0
"KS2014303","inside","sewer",28,0,59.2,31.2,0,0,0
"KS2014303","inside","storm",0,0,0,0,0,0,0
"KS2014303","inside","total",43.3,0,135.95,92.65,0,0,0
"KS2014303","inside","water",15.3,0,76.75,61.45,0,0,0
"KS2014303","outside","sewer",28,0,59.2,31.2,0,0,0
"KS2014303","outside","total",44.33,0,139.41,95.08,0,0,0
"KS2014303","outside","water",16.33,0,80.21,63.88,0,0,0
"KS2014304","inside","sewer",32.89,0,32.89,0,0,0,0
"KS2014304","inside","storm",0,0,0,0,0,0,0
"KS2014304","inside","total",47.14,0,78.08,0,0,0,0
"KS2014304","inside","water",14.25,0,45.19,30.94,0,0,0
"KS2014307","inside","sewer",32.89,0,32.89,0,0,0,0
"KS2014307","inside","storm",0,0,0,0,0,0,0
"KS2014307","inside","total",67.89,0,120.84,0,0,0,0
"KS2014307","inside","water",35,0,87.95,52.95,0,0,0
"KS2014505","inside","sewer",20.49,0,59.19,38.7,0,0,0
"KS2014505","inside","storm",0,0,0,0,0,0,0
"KS2014505","inside","total",38.2,0,112.3,74.1,0,0,0
"KS2014505","inside","water",17.71,0,53.11,35.4,0,0,0
"KS2014505","outside","sewer",30.73,0,88.78,58.05,0,0,0
"KS2014505","outside","total",48.44,0,141.89,93.45,0,0,0
"KS2014505","outside","water",17.71,0,53.11,35.4,0,0,0
"KS2014706","inside","sewer",23.25,0,27.75,4.5,0,0,0
"KS2014706","inside","storm",0,0,0,0,0,0,0
"KS2014706","inside","total",44.25,0,134.48,90.23,0,0,0
"KS2014706","inside","water",21,0,106.73,85.73,0,0,0
"KS2014706","outside","sewer",34.9,0,41.65,6.75,0,0,0
"KS2014706","outside","total",76.9,0,212.43,135.53,0,0,0
"KS2014706","outside","water",42,0,170.78,128.78,0,0,0
"KS2014709","inside","sewer",32.89,0,32.89,0,0,0,0
"KS2014709","inside","storm",0,0,0,0,0,0,0
"KS2014709","inside","total",83.89,0,174.89,0,0,0,0
"KS2014709","inside","water",51,0,142,91,0,0,0
"KS2014904","inside","sewer",32.89,0,32.89,0,0,0,0
"KS2014904","inside","storm",0,0,0,0,0,0,0
"KS2014904","inside","total",73.89,0,130.14,0,0,0,0
"KS2014904","inside","water",41,0,97.25,56.25,0,0,0
"KS2014906","inside","sewer",32.89,0,32.89,0,0,0,0
"KS2014906","inside","storm",0,0,0,0,0,0,0
"KS2014906","inside","total",73.89,0,130.14,0,0,0,0
"KS2014906","inside","water",41,0,97.25,56.25,0,0,0
"KS2014912","inside","sewer",32.89,0,32.89,0,0,0,0
"KS2014912","inside","storm",0,0,0,0,0,0,0
"KS2014912","inside","total",52.89,0,112.89,0,0,0,0
"KS2014912","inside","water",20,0,80,60,0,0,0
"KS2014914","inside","sewer",26.5,0,79,52.5,0,0,0
"KS2014914","inside","storm",0,0,0,0,0,0,0
"KS2014914","inside","total",34.5,0,135.75,101.25,0,0,0
"KS2014914","inside","water",8,0,56.75,48.75,0,0,0
"KS2014914","outside","sewer",27.82,0,82.87,55.05,0,0,0
"KS2014914","outside","total",36.22,0,143.02,106.8,0,0,0
"KS2014914","outside","water",8.4,0,60.15,51.75,0,0,0
"KS2014917","inside","sewer",45,0,92.5,47.5,0,0,0
"KS2014917","inside","storm",0,0,0,0,0,0,0
"KS2014917","inside","total",69.95,0,164.95,95,0,0,0
"KS2014917","inside","water",24.95,0,72.45,47.5,0,0,0
"KS2014922","inside","sewer",32.89,0,32.89,0,0,0,0
"KS2014922","inside","storm",0,0,0,0,0,0,0
"KS2014922","inside","total",69.89,0,167.39,0,0,0,0
"KS2014922","inside","water",37,0,134.5,97.5,0,0,0
"KS2015103","inside","sewer",15.07,2,51.84,34.77,0,0,0
"KS2015103","inside","storm",0,0,1.25,0,0,0,0
"KS2015103","inside","total",33.12,2,89.38,54.26,0,0,0
"KS2015103","inside","water",18.05,0,37.54,19.49,0,0,0
"KS2015103","outside","sewer",16.29,2,53.06,34.77,0,0,0
"KS2015103","outside","total",37.23,2,98.9,59.67,0,0,0
"KS2015103","outside","water",20.94,0,45.84,24.9,0,0,0
"KS2015301","inside","sewer",20.87,0,20.87,0,0,0,0
"KS2015301","inside","storm",0,0,0,0,0,0,0
"KS2015301","inside","total",68.78,0,108.39,0,0,0,0
"KS2015301","inside","water",47.91,0,87.52,39.61,0,0,0
"KS2015505","inside","sewer",36.5,0,36.5,0,0,0,0
"KS2015505","inside","storm",0,0,0,0,0,0,0
"KS2015505","inside","total",59.25,0,142.48,0,0,0,0
"KS2015505","inside","water",22.75,0,105.98,83.23,0,0,0
"KS2015508","inside","sewer",32.89,0,32.89,0,0,0,0
"KS2015508","inside","storm",0,0,0,0,0,0,0
"KS2015508","inside","total",62.89,0,100.39,0,0,0,0
"KS2015508","inside","water",30,0,67.5,37.5,0,0,0
"KS2015509","inside","sewer",7.7,0,55.62,47.92,0,0,0
"KS2015509","inside","storm",0,0,4.75,0,0,0,0
"KS2015509","inside","total",18.94,0,121.02,102.08,0,0,0
"KS2015509","inside","water",11.24,0,65.4,54.16,0,0,0
"KS2015509","outside","sewer",19.25,0,67.17,47.92,0,0,0
"KS2015509","outside","total",41.72,0,170.86,129.14,0,0,0
"KS2015509","outside","water",22.47,0,103.69,81.22,0,0,0
"KS2015510","inside","sewer",32.89,0,32.89,0,0,0,0
"KS2015510","inside","storm",0,0,0,0,0,0,0
"KS2015510","inside","total",69.89,0,134.89,0,0,0,0
"KS2015510","inside","water",37,0,102,65,0,0,0
"KS2015516","inside","sewer",32.89,0,32.89,0,0,0,0
"KS2015516","inside","storm",0,0,0,0,0,0,0
"KS2015516","inside","total",52.89,0,90.39,0,0,0,0
"KS2015516","inside","water",20,0,57.5,37.5,0,0,0
"KS2015517","inside","sewer",32.89,0,32.89,0,0,0,0
"KS2015517","inside","storm",0,0,0,0,0,0,0
"KS2015517","inside","total",53.39,0,119.94,0,0,0,0
"KS2015517","inside","water",20.5,0,87.05,66.55,0,0,0
"KS2015518","inside","sewer",32.89,0,32.89,0,0,0,0
"KS2015518","inside","storm",0,0,0,0,0,0,0
"KS2015518","inside","total",40.89,0,60.89,0,0,0,0
"KS2015518","inside","water",8,0,28,20,0,0,0
"KS2015702","inside","sewer",32.89,0,32.89,0,0,0,0
"KS2015702","inside","storm",0,0,0,0,0,0,0
"KS2015702","inside","total",43.89,0,78.19,0,0,0,0
"KS2015702","inside","water",11,0,45.3,34.3,0,0,0
"KS2015711","inside","sewer",32.89,0,32.89,0,0,0,0
"KS2015711","inside","storm",0,0,0,0,0,0,0
"KS2015711","inside","total",51.14,0,98.64,0,0,0,0
"KS2015711","inside","water",18.25,0,65.75,47.5,0,0,0
"KS2015903","inside","sewer",18.5,0,38,19.5,0,0,0
"KS2015903","inside","storm",0,0,0,0,0,0,0
"KS2015903","inside","total",30.5,0,90.5,60,0,0,0
"KS2015903","inside","water",12,0,52.5,40.5,0,0,0
"KS2015903","outside","sewer",37,0,56.5,19.5,0,0,0
"KS2015903","outside","total",49,0,109,60,0,0,0
"KS2015903","outside","water",12,0,52.5,40.5,0,0,0
"KS2015908","inside","sewer",32.89,0,32.89,0,0,0,0
"KS2015908","inside","storm",0,0,0,0,0,0,0
"KS2015908","inside","total",69.89,0,144.14,0,0,0,0
"KS2015908","inside","water",37,0,111.25,74.25,0,0,0
"KS2016112","inside","sewer",11.72,0,94.74,83.02,0,0,0
"KS2016112","inside","storm",0,0,8.58,0,0,0,0
"KS2016112","inside","total",22.14,0,157.7,135.56,0,0,0
"KS2016112","inside","water",10.42,0,62.96,52.54,0,0,0
"KS2016112","outside","sewer",17.58,0,142.1,124.52,0,0,0
"KS2016112","outside","total",38.42,0,268.01,229.59,0,0,0
"KS2016112","outside","water",20.84,0,125.91,105.07,0,0,0
"KS2016124","inside","sewer",28,0,28,0,0,0,0
"KS2016124","inside","storm",0,0,0,0,0,0,0
"KS2016124","inside","total",44,0,119,0,0,0,0
"KS2016124","inside","water",16,0,91,75,0,0,0
"KS2016124","outside","sewer",30,0,30,0,0,0,0
"KS2016124","outside","total",46,0,46,0,0,0,0
"KS2016124","outside","water",16,0,16,0,0,0,0
"KS2016128","inside","sewer",0,0,45,45,0,0,0
"KS2016128","inside","storm",0,0,0,0,0,0,0
"KS2016128","inside","total",0,0,93.55,76.33,0,0,0
"KS2016128","inside","water",17.22,0,48.55,31.33,0,0,0
"KS2016128","outside","sewer",0,0,45,45,0,0,0
"KS2016128","outside","total",0,0,142.1,107.66,0,0,0
"KS2016128","outside","water",34.44,0,97.1,62.66,0,0,0
"KS2016135","inside","sewer",32.89,0,32.89,0,0,0,0
"KS2016135","inside","storm",0,0,0,0,0,0,0
"KS2016135","inside","total",57.89,0,161.09,0,0,0,0
"KS2016135","inside","water",25,0,128.2,103.2,0,0,0
"KS2016301","inside","sewer",27.75,0,27.75,0,0,0,0
"KS2016301","inside","storm",0,0,0,0,0,0,0
"KS2016301","inside","total",48.25,0,102.25,0,0,0,0
"KS2016301","inside","water",20.5,0,74.5,54,0,0,0
"KS2016301","outside","sewer",35.75,0,35.75,0,0,0,0
"KS2016301","outside","total",71.25,0,147.75,0,0,0,0
"KS2016301","outside","water",35.5,0,112,76.5,0,0,0
"KS2016303","inside","sewer",32.89,0,32.89,0,0,0,0
"KS2016303","inside","storm",0,0,0,0,0,0,0
"KS2016303","inside","total",91.89,0,144.66,0,0,0,0
"KS2016303","inside","water",59,0,111.77,52.77,0,0,0
"KS2016304","inside","sewer",34.25,0,34.25,0,0,0,0
"KS2016304","inside","storm",0,0,0,0,0,0,0
"KS2016304","inside","total",55.55,0,149.82,0,0,0,0
"KS2016304","inside","water",21.3,0,115.57,94.27,0,0,0
"KS2016304","outside","sewer",34.25,0,34.25,0,0,0,0
"KS2016304","outside","total",58.75,0,185.92,0,0,0,0
"KS2016304","outside","water",24.5,0,151.67,127.17,0,0,0
"KS2016306","inside","sewer",32.89,0,32.89,0,0,0,0
"KS2016306","inside","storm",0,0,0,0,0,0,0
"KS2016306","inside","total",52.89,0,130.86,0,0,0,0
"KS2016306","inside","water",20,0,97.97,77.97,0,0,0
"KS2016308","inside","sewer",32.89,0,32.89,0,0,0,0
"KS2016308","inside","storm",0,0,0,0,0,0,0
"KS2016308","inside","total",70.89,0,160.89,0,0,0,0
"KS2016308","inside","water",38,0,128,90,0,0,0
"KS2016703","inside","sewer",13.5,0,39.75,26.25,0,0,0
"KS2016703","inside","storm",0,0,0,0,0,0,0
"KS2016703","inside","total",42.75,0,196.91,154.16,0,0,0
"KS2016703","inside","water",29.25,0,157.16,127.91,0,0,0
"KS2016703","outside","sewer",13.5,0,39.75,26.25,0,0,0
"KS2016703","outside","total",61,0,240.55,179.55,0,0,0
"KS2016703","outside","water",47.5,0,200.8,153.3,0,0,0
"KS2016704","inside","sewer",32.89,0,32.89,0,0,0,0
"KS2016704","inside","storm",0,0,0,0,0,0,0
"KS2016704","inside","total",72.89,0,207.89,0,0,0,0
"KS2016704","inside","water",40,0,175,135,0,0,0
"KS2016705","inside","sewer",32.89,0,32.89,0,0,0,0
"KS2016705","inside","storm",0,0,0,0,0,0,0
"KS2016705","inside","total",52.89,0,97.89,0,0,0,0
"KS2016705","inside","water",20,0,65,45,0,0,0
"KS2016707","inside","sewer",32.89,0,32.89,0,0,0,0
"KS2016707","inside","storm",0,0,0,0,0,0,0
"KS2016707","inside","total",56.89,0,86.89,0,0,0,0
"KS2016707","inside","water",24,0,54,30,0,0,0
"KS2016901","inside","sewer",32.89,0,32.89,0,0,0,0
"KS2016901","inside","storm",0,0,0,0,0,0,0
"KS2016901","inside","total",46.89,0,117.08,0,0,0,0
"KS2016901","inside","water",14,0,84.19,70.19,0,0,0
"KS2016902","inside","sewer",23.25,0,36.25,13,0,0,0
"KS2016902","inside","storm",0,0,0,0,0,0,0
"KS2016902","inside","total",46.06,0,107.16,61.1,0,0,0
"KS2016902","inside","water",22.81,0,70.91,48.1,0,0,0
"KS2016911","inside","sewer",32.89,0,32.89,0,0,0,0
"KS2016911","inside","storm",0,0,0,0,0,0,0
"KS2016911","inside","total",49.39,0,94.19,0,0,0,0
"KS2016911","inside","water",16.5,0,61.3,44.8,0,0,0
"KS2016912","inside","sewer",32.89,0,32.89,0,0,0,0
"KS2016912","inside","storm",0,0,0,0,0,0,0
"KS2016912","inside","total",56.89,0,135.64,0,0,0,0
"KS2016912","inside","water",24,0,102.75,78.75,0,0,0
"KS2016913","inside","sewer",32.89,0,32.89,0,0,0,0
"KS2016913","inside","storm",0,0,0,0,0,0,0
"KS2016913","inside","total",43.89,0,81.84,0,0,0,0
"KS2016913","inside","water",11,0,48.95,37.95,0,0,0
"KS2016914","inside","sewer",8.53,0,98.83,90.3,0,0,0
"KS2016914","inside","storm",0,0,0,0,0,0,0
"KS2016914","inside","total",16.66,0,230.52,213.86,0,0,0
"KS2016914","inside","water",8.13,0,131.69,123.56,0,0,0
"KS2016914","outside","sewer",17.06,0,129.94,112.88,0,0,0
"KS2016914","outside","total",25.19,0,261.63,236.44,0,0,0
"KS2016914","outside","water",8.13,0,131.69,123.56,0,0,0
"KS2016916","inside","sewer",32.89,0,32.89,0,0,0,0
"KS2016916","inside","storm",0,0,0,0,0,0,0
"KS2016916","inside","total",62.89,0,108.37,0,0,0,0
"KS2016916","inside","water",30,0,75.48,45.48,0,0,0
"KS2016917","inside","sewer",32.89,0,32.89,0,0,0,0
"KS2016917","inside","storm",0,0,0,0,0,0,0
"KS2016917","inside","total",62.89,0,190.87,0,0,0,0
"KS2016917","inside","water",30,0,157.98,127.98,0,0,0
"KS2016918","inside","sewer",32.89,0,32.89,0,0,0,0
"KS2016918","inside","storm",0,0,0,0,0,0,0
"KS2016918","inside","total",67.89,0,112.89,0,0,0,0
"KS2016918","inside","water",35,0,80,45,0,0,0
"KS2017101","inside","sewer",7.56,0,7.56,0,0,0,0
"KS2017101","inside","storm",0,0,0,0,0,0,0
"KS2017101","inside","total",25.75,0,47,0,0,0,0
"KS2017101","inside","water",18.19,0,39.44,21.25,0,0,0
"KS2017101","outside","sewer",15.12,0,15.12,0,0,0,0
"KS2017101","outside","total",51.5,0,94,0,0,0,0
"KS2017101","outside","water",36.38,0,78.88,42.5,0,0,0
"KS2017303","inside","sewer",27.06,0,67.26,40.2,0,0,0
"KS2017303","inside","storm",0,0,0,0,0,0,0
"KS2017303","inside","total",48.48,0,120.18,71.7,0,0,0
"KS2017303","inside","water",21.42,0,52.92,31.5,0,0,0
"KS2017303","outside","sewer",27.06,0,87.35,60.29,0,0,0
"KS2017303","outside","total",59.19,0,166.73,107.54,0,0,0
"KS2017303","outside","water",32.13,0,79.38,47.25,0,0,0
"KS2017304","inside","sewer",35.93,0,133.43,97.5,0,0,0
"KS2017304","inside","storm",0,0,0,0,0,0,0
"KS2017304","inside","total",67.23,0,244.42,177.19,0,0,0
"KS2017304","inside","water",31.3,0,110.99,79.69,0,0,0
"KS2017306","inside","sewer",32.89,0,32.89,0,0,0,0
"KS2017306","inside","storm",0,0,0,0,0,0,0
"KS2017306","inside","total",57.89,0,169.49,0,0,0,0
"KS2017306","inside","water",25,0,136.6,111.6,0,0,0
"KS2017308","inside","sewer",10.42,0,72.07,61.65,0,0,0
"KS2017308","inside","storm",0,0,5.5,0,0,0,0
"KS2017308","inside","total",26.83,0,206.87,180.04,0,0,0
"KS2017308","inside","water",16.41,0,134.8,118.39,0,0,0
"KS2017308","outside","sewer",16.7,0,115.25,98.55,0,0,0
"KS2017308","outside","total",42.97,0,331.11,288.14,0,0,0
"KS2017308","outside","water",26.27,0,215.86,189.59,0,0,0
"KS2017315","inside","sewer",32.89,0,32.89,0,0,0,0
"KS2017315","inside","storm",0,0,0,0,0,0,0
"KS2017315","inside","total",65.96,0,194.33,0,0,0,0
"KS2017315","inside","water",33.07,0,161.44,128.37,0,0,0
"KS2017316","inside","sewer",32.89,0,32.89,0,0,0,0
"KS2017316","inside","storm",0,0,0,0,0,0,0
"KS2017316","inside","total",53.89,0,128.89,0,0,0,0
"KS2017316","inside","water",21,0,96,75,0,0,0
"KS2017318","inside","sewer",55.87,0,99.07,43.2,0,0,0
"KS2017318","inside","storm",0,0,8.12,0,0,0,0
"KS2017318","inside","total",85.87,0,322.4,236.53,0,0,0
"KS2017318","inside","water",30,0,223.33,193.33,0,0,0
"KS2017319","inside","sewer",20,0,20,0,0,0,0
"KS2017319","inside","storm",0,0,0,0,0,0,0
"KS2017319","inside","total",40,0,58.75,0,0,0,0
"KS2017319","inside","water",20,0,38.75,18.75,0,0,0
"KS2017322","inside","sewer",0,5,113.75,108.75,0,0,0
"KS2017322","inside","storm",0,0,2.5,0,0,0,0
"KS2017322","inside","total",0,5,173.25,161.25,0,0,0
"KS2017322","inside","water",7,0,59.5,52.5,0,0,0
"KS2017322","outside","sewer",0,5,168.2,163.2,0,0,0
"KS2017322","outside","total",0,5,234,222,0,0,0
"KS2017322","outside","water",7,0,65.8,58.8,0,0,0
"KS2017325","inside","sewer",15.87,17,57.62,24.75,0,0,0
"KS2017325","inside","storm",0,0,0,0,0,0,0
"KS2017325","inside","total",24.37,29.44,101.81,48,0,0,0
"KS2017325","inside","water",8.5,12.44,44.19,23.25,0,0,0
"KS2017325","outside","sewer",15.87,17,57.62,24.75,0,0,0
"KS2017325","outside","total",34.87,29.44,112.96,48.65,0,0,0
"KS2017325","outside","water",19,12.44,55.34,23.9,0,0,0
"KS2017327","inside","sewer",21,0,73,52,0,0,0
"KS2017327","inside","storm",0,0,0,0,0,0,0
"KS2017327","inside","total",42.5,0,125.3,82.8,0,0,0
"KS2017327","inside","water",21.5,0,52.3,30.8,0,0,0
"KS2017327","outside","sewer",32,0,84,52,0,0,0
"KS2017327","outside","total",67,0,149.8,82.8,0,0,0
"KS2017327","outside","water",35,0,65.8,30.8,0,0,0
"KS2017328","inside","sewer",16.35,0,42,25.65,0,0,0
"KS2017328","inside","storm",0,0,3,0,0,0,0
"KS2017328","inside","total",40.69,0,139.9,99.21,0,0,0
"KS2017328","inside","water",24.34,0,97.9,73.56,0,0,0
"KS2017334","inside","sewer",30.05,0,153.24,123.19,0,0,0
"KS2017334","inside","storm",0,0,0,0,0,0,0
"KS2017334","inside","total",52.05,0,264.68,212.63,0,0,0
"KS2017334","inside","water",22,0,111.44,89.44,0,0,0
"KS2017334","outside","sewer",49.05,0,172.24,123.19,0,0,0
"KS2017334","outside","total",71.05,0,283.68,212.63,0,0,0
"KS2017334","outside","water",22,0,111.44,89.44,0,0,0
"KS2017338","inside","sewer",32.89,0,32.89,0,0,0,0
"KS2017338","inside","storm",0,0,0,0,0,0,0
"KS2017338","inside","total",68.89,0,136.39,0,0,0,0
"KS2017338","inside","water",36,0,103.5,67.5,0,0,0
"KS2017339","inside","sewer",50,0,50,0,0,0,0
"KS2017339","inside","storm",0,0,0,0,0,0,0
"KS2017339","inside","total",69,0,112.24,0,0,0,0
"KS2017339","inside","water",19,0,62.24,43.24,0,0,0
"KS2017339","outside","sewer",50,0,50,0,0,0,0
"KS2017339","outside","total",75.25,0,128.99,0,0,0,0
"KS2017339","outside","water",25.25,0,78.99,53.74,0,0,0
"KS2017345","inside","sewer",33,0,61.15,28.15,0,0,0
"KS2017345","inside","storm",0,0,0,0,0,0,0
"KS2017345","inside","total",59.5,0,175.75,116.25,0,0,0
"KS2017345","inside","water",26.5,0,114.6,88.1,0,0,0
"KS2017504","inside","sewer",18.04,0,94.47,76.43,0,0,0
"KS2017504","inside","storm",0,0,2,0,0,0,0
"KS2017504","inside","total",33.62,6.25,168.02,128.15,0,0,0
"KS2017504","inside","water",15.58,6.25,73.55,51.72,0,0,0
"KS2017701","inside","sewer",11.99,0,92.54,80.55,0,0,0
"KS2017701","inside","storm",0,0,5.38,0,0,0,0
"KS2017701","inside","total",25.6,0,184.9,159.3,0,0,0
"KS2017701","inside","water",13.61,0,92.36,78.75,0,0,0
"KS2017701","outside","sewer",20.98,0,161.98,141,0,0,0
"KS2017701","outside","total",44.8,0,323.65,278.85,0,0,0
"KS2017701","outside","water",23.82,0,161.67,137.85,0,0,0
"KS2017704","inside","sewer",32.89,0,32.89,0,0,0,0
"KS2017704","inside","storm",0,0,0,0,0,0,0
"KS2017704","inside","total",55.89,0,159.39,0,0,0,0
"KS2017704","inside","water",23,0,126.5,103.5,0,0,0
"KS2017708","inside","sewer",32.89,0,32.89,0,0,0,0
"KS2017708","inside","storm",0,0,0,0,0,0,0
"KS2017708","inside","total",48.84,0,124.59,0,0,0,0
"KS2017708","inside","water",15.95,0,91.7,75.75,0,0,0
"KS2017712","inside","sewer",18,0,44,26,0,0,0
"KS2017712","inside","storm",0,0,0,0,0,0,0
"KS2017712","inside","total",43,0,88.5,45.5,0,0,0
"KS2017712","inside","water",25,0,44.5,19.5,0,0,0
"KS2017713","inside","sewer",32.89,0,32.89,0,0,0,0
"KS2017713","inside","storm",0,0,0,0,0,0,0
"KS2017713","inside","total",50.89,0,125.89,0,0,0,0
"KS2017713","inside","water",18,0,93,75,0,0,0
"KS2017714","inside","sewer",22.5,0,22.5,0,0,0,0
"KS2017714","inside","storm",0,0,0,0,0,0,0
"KS2017714","inside","total",35,0,101.5,0,0,0,0
"KS2017714","inside","water",12.5,0,79,66.5,0,0,0
"KS2017717","inside","sewer",32.89,0,32.89,0,0,0,0
"KS2017717","inside","storm",0,0,0,0,0,0,0
"KS2017717","inside","total",62.89,0,165.79,0,0,0,0
"KS2017717","inside","water",30,0,132.9,102.9,0,0,0
"KS2017718","inside","sewer",11.99,0,90.74,78.75,0,0,0
"KS2017718","inside","storm",0,0,0,0,0,0,0
"KS2017718","inside","total",28.49,4,171.24,138.75,0,0,0
"KS2017718","inside","water",16.5,4,80.5,60,0,0,0
"KS2018102","inside","sewer",14,0,14,0,0,0,0
"KS2018102","inside","storm",0,0,0,0,0,0,0
"KS2018102","inside","total",34,0,61.07,0,0,0,0
"KS2018102","inside","water",20,0,47.07,27.07,0,0,0
"KS2018302","inside","sewer",16.5,0,16.5,0,0,0,0
"KS2018302","inside","storm",0,0,0,0,0,0,0
"KS2018302","inside","total",36.5,0,82,0,0,0,0
"KS2018302","inside","water",20,0,65.5,45.5,0,0,0
"KS2018302","outside","sewer",16.5,0,16.5,0,0,0,0
"KS2018302","outside","total",36.5,0,127.49,0,0,0,0
"KS2018302","outside","water",20,0,110.99,90.99,0,0,0
"KS2018305","inside","sewer",32.89,0,32.89,0,0,0,0
"KS2018305","inside","storm",0,0,0,0,0,0,0
"KS2018305","inside","total",66.89,0,111.89,0,0,0,0
"KS2018305","inside","water",34,0,79,45,0,0,0
"KS2018502","inside","sewer",5,0,35,30,0,0,0
"KS2018502","inside","storm",0,0,0,0,0,0,0
"KS2018502","inside","total",22.45,6,125.4,96.95,0,0,0
"KS2018502","inside","water",17.45,6,90.4,66.95,0,0,0
"KS2018901","inside","sewer",16.5,0,16.5,0,0,0,0
"KS2018901","inside","storm",0,0,0,0,0,0,0
"KS2018901","inside","total",29,0,50,0,0,0,0
"KS2018901","inside","water",12.5,0,33.5,21,0,0,0
"KS2018901","outside","sewer",33,0,33,0,0,0,0
"KS2018901","outside","total",58,0,79,0,0,0,0
"KS2018901","outside","water",25,0,46,21,0,0,0
"KS2019101","inside","sewer",32.89,0,32.89,0,0,0,0
"KS2019101","inside","storm",0,0,0,0,0,0,0
"KS2019101","inside","total",52.14,0,136.13,0,0,0,0
"KS2019101","inside","water",19.25,0,103.24,83.99,0,0,0
"KS2019103","inside","sewer",32.89,0,32.89,0,0,0,0
"KS2019103","inside","storm",0,0,0,0,0,0,0
"KS2019103","inside","total",57.89,0,195.38,0,0,0,0
"KS2019103","inside","water",25,0,162.49,137.49,0,0,0
"KS2019105","inside","sewer",32.89,0,32.89,0,0,0,0
"KS2019105","inside","storm",0,0,0,0,0,0,0
"KS2019105","inside","total",52.89,0,180.39,0,0,0,0
"KS2019105","inside","water",20,0,147.5,127.5,0,0,0
"KS2019106","inside","sewer",32.89,0,32.89,0,0,0,0
"KS2019106","inside","storm",0,0,0,0,0,0,0
"KS2019106","inside","total",46.74,0,120.93,0,0,0,0
"KS2019106","inside","water",13.85,0,88.04,74.19,0,0,0
"KS2019107","inside","sewer",32.89,0,32.89,0,0,0,0
"KS2019107","inside","storm",0,0,0,0,0,0,0
"KS2019107","inside","total",48.39,0,116.64,0,0,0,0
"KS2019107","inside","water",15.5,0,83.75,68.25,0,0,0
"KS2019110","inside","sewer",32.89,0,32.89,0,0,0,0
"KS2019110","inside","storm",0,0,0,0,0,0,0
"KS2019110","inside","total",47.39,0,103.39,0,0,0,0
"KS2019110","inside","water",14.5,0,70.5,56,0,0,0
"KS2019111","inside","sewer",8.25,0,8.25,0,0,0,0
"KS2019111","inside","storm",0,0,0,0,0,0,0
"KS2019111","inside","total",18.25,0,67.25,0,0,0,0
"KS2019111","inside","water",10,0,59,49,0,0,0
"KS2019113","inside","sewer",21,0,99.75,78.75,0,0,0
"KS2019113","inside","storm",0,0,1.25,0,0,0,0
"KS2019113","inside","total",26.25,0,179.1,152.85,0,0,0
"KS2019113","inside","water",5.25,0,79.35,74.1,0,0,0
"KS2019115","inside","sewer",27.25,0,82.5,55.25,0,0,0
"KS2019115","inside","storm",0,0,0,0,0,0,0
"KS2019115","inside","total",47.25,0,172.5,125.25,0,0,0
"KS2019115","inside","water",20,0,90,70,0,0,0
"KS2019115","outside","sewer",28.5,0,96.74,68.24,0,0,0
"KS2019115","outside","total",50.5,0,199.23,148.73,0,0,0
"KS2019115","outside","water",22,0,102.49,80.49,0,0,0
"KS2019117","inside","sewer",0,0,27.3,0,0,27.3,0
"KS2019117","inside","storm",0,0,1,0,0,0,0
"KS2019117","inside","total",0,0,134.79,0,0,0,0
"KS2019117","inside","water",27,0,107.49,80.49,0,0,0
"KS2019117","outside","water",37,0,117.49,80.49,0,0,0
"KS2019119","inside","sewer",14.59,0,128.74,114.15,0,0,0
"KS2019119","inside","storm",0,0,0,0,0,0,0
"KS2019119","inside","total",30.09,0,214.69,184.6,0,0,0
"KS2019119","inside","water",15.5,0,85.95,70.45,0,0,0
"KS2019119","outside","sewer",14.59,0,128.74,114.15,0,0,0
"KS2019119","outside","total",31.09,0,223.62,192.53,0,0,0
"KS2019119","outside","water",16.5,0,94.88,78.38,0,0,0
"KS2019120","inside","sewer",32.89,0,32.89,0,0,0,0
"KS2019120","inside","storm",0,0,0,0,0,0,0
"KS2019120","inside","total",47.89,0,167.87,0,0,0,0
"KS2019120","inside","water",15,0,134.98,119.98,0,0,0
"KS2019302","inside","sewer",26.63,0,78.11,51.48,0,0,0
"KS2019302","inside","storm",0,0,0,0,0,0,0
"KS2019302","inside","total",46.63,0,110.71,64.08,0,0,0
"KS2019302","inside","water",20,0,32.6,12.6,0,0,0
"KS2019302","outside","sewer",53.26,0,156.21,102.95,0,0,0
"KS2019302","outside","total",93.26,0,221.41,128.15,0,0,0
"KS2019302","outside","water",40,0,65.2,25.2,0,0,0
"KS2019303","inside","sewer",10,0,10,0,0,0,0
"KS2019303","inside","storm",0,0,0,0,0,0,0
"KS2019303","inside","total",45,0,55,0,0,0,0
"KS2019303","inside","water",35,0,45,10,0,0,0
"KS2019303","outside","sewer",10,0,10,0,0,0,0
"KS2019303","outside","total",50,0,70,0,0,0,0
"KS2019303","outside","water",40,0,60,20,0,0,0
"KS2019503","inside","sewer",32.89,0,32.89,0,0,0,0
"KS2019503","inside","storm",0,0,0,0,0,0,0
"KS2019503","inside","total",70.89,0,134.64,0,0,0,0
"KS2019503","inside","water",38,0,101.75,63.75,0,0,0
"KS2019504","inside","sewer",32.89,0,32.89,0,0,0,0
"KS2019504","inside","storm",0,0,0,0,0,0,0
"KS2019504","inside","total",63.89,0,111.89,0,0,0,0
"KS2019504","inside","water",31,0,79,48,0,0,0
"KS2019701","inside","sewer",0,0,32.5,0,0,32.5,0
"KS2019701","inside","storm",0,0,0,0,0,0,0
"KS2019701","inside","total",0,0,135.85,0,0,0,0
"KS2019701","inside","water",27,0,103.35,76.35,0,0,0
"KS2019701","outside","sewer",36.5,0,36.5,0,0,0,0
"KS2019701","outside","total",65,0,141.35,0,0,0,0
"KS2019701","outside","water",28.5,0,104.85,76.35,0,0,0
"KS2019706","inside","sewer",32.89,0,32.89,0,0,0,0
"KS2019706","inside","storm",0,0,0,0,0,0,0
"KS2019706","inside","total",67.89,0,165.39,0,0,0,0
"KS2019706","inside","water",35,0,132.5,97.5,0,0,0
"KS2019711","inside","sewer",32.89,0,32.89,0,0,0,0
"KS2019711","inside","storm",0,0,0,0,0,0,0
"KS2019711","inside","total",64.89,0,145.89,0,0,0,0
"KS2019711","inside","water",32,0,113,81,0,0,0
"KS2020107","inside","sewer",32.89,0,32.89,0,0,0,0
"KS2020107","inside","storm",0,0,0,0,0,0,0
"KS2020107","inside","total",49.39,0,120.98,0,0,0,0
"KS2020107","inside","water",16.5,0,88.09,71.59,0,0,0
"KS2020113","inside","sewer",32.89,0,32.89,0,0,0,0
"KS2020113","inside","storm",0,0,0,0,0,0,0
"KS2020113","inside","total",49.89,0,212.77,0,0,0,0
"KS2020113","inside","water",17,0,179.88,162.88,0,0,0
"KS2020501","inside","sewer",32.89,0,32.89,0,0,0,0
"KS2020501","inside","storm",0,0,0,0,0,0,0
"KS2020501","inside","total",39.89,0,151.88,0,0,0,0
"KS2020501","inside","water",7,0,118.99,111.99,0,0,0
"KS2020502","inside","sewer",14,0,56,42,0,0,0
"KS2020502","inside","storm",0,0,2,0,0,0,0
"KS2020502","inside","total",26,0,146.75,120.75,0,0,0
"KS2020502","inside","water",12,0,90.75,78.75,0,0,0
"KS2020504","inside","sewer",32.89,0,32.89,0,0,0,0
"KS2020504","inside","storm",0,0,0,0,0,0,0
"KS2020504","inside","total",58.39,0,191.38,0,0,0,0
"KS2020504","inside","water",25.5,0,158.49,132.99,0,0,0
"KS2020505","inside","sewer",32.89,0,32.89,0,0,0,0
"KS2020505","inside","storm",0,0,0,0,0,0,0
"KS2020505","inside","total",47.89,0,155.89,0,0,0,0
"KS2020505","inside","water",15,0,123,108,0,0,0
"KS2020506","inside","sewer",32.89,0,32.89,0,0,0,0
"KS2020506","inside","storm",0,0,0,0,0,0,0
"KS2020506","inside","total",57.89,0,132.89,0,0,0,0
"KS2020506","inside","water",25,0,100,75,0,0,0
"KS2020507","inside","sewer",32.89,0,32.89,0,0,0,0
"KS2020507","inside","storm",0,0,0,0,0,0,0
"KS2020507","inside","total",49.39,0,196.38,0,0,0,0
"KS2020507","inside","water",16.5,0,163.49,146.99,0,0,0
"KS2020510","inside","sewer",32.89,0,32.89,0,0,0,0
"KS2020510","inside","storm",0,0,0,0,0,0,0
"KS2020510","inside","total",57.89,0,232.64,0,0,0,0
"KS2020510","inside","water",25,0,199.75,174.75,0,0,0
"KS2020512","inside","sewer",32.89,0,32.89,0,0,0,0
"KS2020512","inside","storm",0,0,0,0,0,0,0
"KS2020512","inside","total",57.89,0,185.88,0,0,0,0
"KS2020512","inside","water",25,0,152.99,127.99,0,0,0
"KS2020513","inside","sewer",9.15,0,21.3,12.15,0,0,0
"KS2020513","inside","storm",0,0,0,0,0,0,0
"KS2020513","inside","total",14.3,0,95.45,81.15,0,0,0
"KS2020513","inside","water",5.15,0,74.15,69,0,0,0
"KS2020514","inside","sewer",32.89,0,32.89,0,0,0,0
"KS2020514","inside","storm",0,0,0,0,0,0,0
"KS2020514","inside","total",49.39,0,168.38,0,0,0,0
"KS2020514","inside","water",16.5,0,135.49,118.99,0,0,0
"KS2020515","inside","sewer",32.89,0,32.89,0,0,0,0
"KS2020515","inside","storm",0,0,0,0,0,0,0
"KS2020515","inside","total",50.89,0,154.39,0,0,0,0
"KS2020515","inside","water",18,0,121.5,103.5,0,0,0
"KS2020516","inside","sewer",32.89,0,32.89,0,0,0,0
"KS2020516","inside","storm",0,0,0,0,0,0,0
"KS2020516","inside","total",57.89,0,195.14,0,0,0,0
"KS2020516","inside","water",25,0,162.25,137.25,0,0,0
"KS2020519","inside","sewer",32.89,0,32.89,0,0,0,0
"KS2020519","inside","storm",0,0,0,0,0,0,0
"KS2020519","inside","total",57.89,0,182.39,0,0,0,0
"KS2020519","inside","water",25,0,149.5,124.5,0,0,0
"KS2020904","inside","sewer",19.15,0,135.85,116.7,0,0,0
"KS2020904","inside","storm",0,0,3,0,0,0,0
"KS2020904","inside","total",38.54,0,263.39,224.85,0,0,0
"KS2020904","inside","water",19.39,0,127.54,108.15,0,0,0
"KS2020904","outside","sewer",28.72,0,203.77,175.05,0,0,0
"KS2020904","outside","total",57.8,0,395.15,337.35,0,0,0
"KS2020904","outside","water",29.08,0,191.38,162.3,0,0,0
"KS2020906","inside","sewer",21.32,0,113.36,92.04,0,0,0
"KS2020906","inside","storm",0,0,4.5,0,0,0,0
"KS2020906","inside","total",42.77,0,204.82,162.05,0,0,0
"KS2020906","inside","water",21.45,0,91.46,70.01,0,0,0
"WA5300050","inside","sewer",46,0,46,0,0,0,0
"WA5300050","inside","storm",0,0,8.69,0,0,0,0
"WA5300050","inside","total",72.78,0,103.12,0,0,0,0
"WA5300050","inside","water",26.78,0,57.12,30.34,0,0,0
"WA5300650","inside","sewer",77.83,0,77.83,0,0,0,0
"WA5300650","inside","storm",0,0,0,0,0,0,0
"WA5300650","inside","total",93.7,0,121.25,0,0,0,0
"WA5300650","inside","water",15.87,0,43.42,27.55,0,0,0
"WA5301300","inside","sewer",0,0,83.85,0,0,83.85,0
"WA5301300","inside","storm",0,0,0,0,0,0,0
"WA5301300","inside","total",0,0,210.76,0,0,0,0
"WA5301300","inside","water",19.93,0,126.91,106.98,0,0,0
"WA5301450","inside","sewer",21.29,46.73,68.02,0,0,0,0
"WA5301450","inside","storm",0,0,15.5,0,0,0,0
"WA5301450","inside","total",55.2,46.73,157.08,0,0,0,0
"WA5301450","inside","water",33.91,0,89.06,55.15,0,0,0
"WA5302200","inside","sewer",41.68,0,107.63,65.95,0,0,0
"WA5302200","inside","storm",0,0,12.37,0,0,0,0
"WA5302200","inside","total",63.16,0,176.95,113.79,0,0,0
"WA5302200","inside","water",21.48,0,69.32,47.84,0,0,0
"WA5302600","inside","sewer",61.71,0,61.71,0,0,0,0
"WA5302600","inside","storm",0,0,8,0,0,0,0
"WA5302600","inside","total",79.74,0,131.8,0,0,0,0
"WA5302600","inside","water",18.03,0,70.09,52.06,0,0,0
"WA5302950","inside","sewer",70.15,0,70.15,0,0,0,0
"WA5302950","inside","storm",0,0,2.87,0,0,0,0
"WA5302950","inside","total",102.3,0,153.98,0,0,0,0
"WA5302950","inside","water",32.15,0,83.83,51.68,0,0,0
"WA5303160","inside","sewer",53.89,0,53.89,0,0,0,0
"WA5303160","inside","storm",0,0,4.4,0,0,0,0
"WA5303160","inside","total",68.79,0,93.82,0,0,0,0
"WA5303160","inside","water",14.9,0,39.93,25.03,0,0,0
"WA5303350","inside","sewer",37.22,0,37.22,0,0,0,0
"WA5303350","inside","storm",0,0,17.38,0,0,0,0
"WA5303350","inside","total",54.93,0,138.33,0,0,0,0
"WA5303350","inside","water",17.71,0,101.11,83.4,0,0,0
"WA5303350","outside","sewer",37.22,0,37.22,0,0,0,0
"WA5303350","outside","total",63.79,0,189,0,0,0,0
"WA5303350","outside","water",26.57,0,151.78,125.21,0,0,0
"WA5304700","inside","sewer",39.4,0,70.08,30.68,0,0,0
"WA5304700","inside","storm",0,0,12.08,0,0,0,0
"WA5304700","inside","total",50.6,0,140.6,90,0,0,0
"WA5304700","inside","water",11.2,0,70.52,59.32,0,0,0
"WA5304700","outside","sewer",39.4,0,85.42,46.02,0,0,0
"WA5304700","outside","total",50.6,0,197.25,146.65,0,0,0
"WA5304700","outside","water",11.2,0,111.83,100.63,0,0,0
"WA5305350","inside","sewer",96,0,96,0,0,0,0
"WA5305350","inside","storm",0,0,0,0,0,0,0
"WA5305350","inside","total",173.7,0,364.12,0,0,0,0
"WA5305350","inside","water",77.7,0,268.12,190.42,0,0,0
"WA5305575","inside","sewer",47.37,22.89,169.12,98.86,0,0,0
"WA5305575","inside","storm",0,0,9.24,0,0,0,0
"WA5305575","inside","total",73.51,51.69,341.08,215.88,0,0,0
"WA5305575","inside","water",26.14,28.8,171.96,117.02,0,0,0
"WA5305600","inside","sewer",46.68,0,46.68,0,0,0,0
"WA5305600","inside","storm",0,0,26.41,0,0,0,0
"WA5305600","inside","total",74.26,0,116.17,0,0,0,0
"WA5305600","inside","water",27.58,0,69.49,41.91,0,0,0
"WA5305600","outside","sewer",70.02,0,70.02,0,0,0,0
"WA5305600","outside","storm",0,0,21.84,0,0,0,0
"WA5305600","outside","total",111.38,0,174.14,0,0,0,0
"WA5305600","outside","water",41.36,0,104.12,62.76,0,0,0
"WA5305800","inside","sewer",41.73,0,41.73,0,0,0,0
"WA5305800","inside","storm",0,0,0,0,0,0,0
"WA5305800","inside","total",73.28,0,95.39,0,0,0,0
"WA5305800","inside","water",31.55,0,53.66,22.11,0,0,0
"WA5306900","inside","sewer",53,0,53,0,0,0,0
"WA5306900","inside","storm",0,0,0,0,0,0,0
"WA5306900","inside","total",98.84,0,146.34,0,0,0,0
"WA5306900","inside","water",45.84,0,93.34,47.5,0,0,0
"WA5306900","outside","sewer",53,0,53,0,0,0,0
"WA5306900","outside","total",98.84,0,162.61,0,0,0,0
"WA5306900","outside","water",45.84,0,109.61,63.77,0,0,0
"WA5307300","inside","sewer",109.6,0,109.6,0,0,0,0
"WA5307300","inside","storm",0,0,5.96,0,0,0,0
"WA5307300","inside","total",121.99,0,167.11,0,0,0,0
"WA5307300","inside","water",12.39,0,57.51,45.12,0,0,0
"WA5307300","outside","sewer",164.4,0,164.4,0,0,0,0
"WA5307300","outside","total",183,0,250.78,0,0,0,0
"WA5307300","outside","water",18.6,0,86.38,67.78,0,0,0
"WA5307650","inside","sewer",84.36,0,136.86,52.5,0,0,0
"WA5307650","inside","storm",0,0,14,0,0,0,0
"WA5307650","inside","total",106.21,0,212.56,106.35,0,0,0
"WA5307650","inside","water",21.85,0,75.7,53.85,0,0,0
"WA5307650","outside","sewer",84.36,0,136.86,52.5,0,0,0
"WA5307650","outside","total",118.09,0,248.91,130.82,0,0,0
"WA5307650","outside","water",33.73,0,112.05,78.32,0,0,0
"WA5307900","inside","sewer",65.94,0,149.18,83.24,0,0,0
"WA5307900","inside","storm",0,0,15.75,0,0,0,0
"WA5307900","inside","total",81.56,0,269.05,187.49,0,0,0
"WA5307900","inside","water",15.62,0,119.87,104.25,0,0,0
"WA5308200","inside","sewer",37.23,0,137.49,100.26,0,0,0
"WA5308200","inside","storm",0,0,19.03,0,0,0,0
"WA5308200","inside","total",51.96,0,203.15,151.19,0,0,0
"WA5308200","inside","water",14.73,0,65.66,50.93,0,0,0
"WA5308200","outside","sewer",55.85,0,206.04,150.19,0,0,0
"WA5308200","outside","total",77.93,0,304.52,226.59,0,0,0
"WA5308200","outside","water",22.08,0,98.48,76.4,0,0,0
"WA5309000","inside","sewer",77.99,0,77.99,0,0,0,0
"WA5309000","inside","storm",0,0,23.77,0,0,0,0
"WA5309000","inside","total",104.91,0,150.4,0,0,0,0
"WA5309000","inside","water",26.92,0,72.41,45.49,0,0,0
"WA5309000","outside","sewer",77.99,0,77.99,0,0,0,0
"WA5309000","outside","total",104.91,0,162.66,0,0.27,0,0
"WA5309000","outside","water",26.92,0,84.67,57.48,0.27,0,0
"WA5309800","inside","sewer",47.37,0,47.37,0,0,0,0
"WA5309800","inside","storm",0,0,24.08,0,0,0,0
"WA5309800","inside","total",115.37,0,181.3,0,0,0,0
"WA5309800","inside","water",68,0,133.93,65.93,0,0,0
"WA5310800","inside","sewer",27.26,0,110.48,83.22,0,0,0
"WA5310800","inside","storm",0,0,12.78,0,0,0,0
"WA5310800","inside","total",39.65,0,166.98,127.33,0,0,0
"WA5310800","inside","water",12.39,0,56.5,44.11,0,0,0
"WA5311100","inside","sewer",99.75,0,99.75,0,0,0,0
"WA5311100","inside","storm",0,0,0,0,0,0,0
"WA5311100","inside","total",195.16,0,270.16,0,0,0,0
"WA5311100","inside","water",95.41,0,170.41,75,0,0,0
"WA5311100","outside","sewer",99.75,0,99.75,0,0,0,0
"WA5311100","outside","total",195.16,0,288.91,0,0,0,0
"WA5311100","outside","water",95.41,0,189.16,93.75,0,0,0
"WA5311700","inside","sewer",108.19,0,108.19,0,0,0,0
"WA5311700","inside","storm",0,0,0,0,0,0,0
"WA5311700","inside","total",124.79,0,172.44,0,0,0,0
"WA5311700","inside","water",16.6,0,64.25,47.65,0,0,0
"WA5311700","outside","sewer",162.29,0,162.29,0,0,0,0
"WA5311700","outside","total",187.19,0,258.58,0,0,0,0
"WA5311700","outside","water",24.9,0,96.29,71.39,0,0,0
"WA5311800","inside","sewer",34.32,0,211.18,176.86,0,0,0
"WA5311800","inside","storm",0,0,7.61,0,0,0,0
"WA5311800","inside","total",71.12,0,348.44,277.32,0,0,0
"WA5311800","inside","water",36.8,0,137.26,100.46,0,0,0
"WA5311850","inside","sewer",115.13,0,115.13,0,0,0,0
"WA5311850","inside","storm",0,0,0,0,0,0,0
"WA5311850","inside","total",157.43,0,201.27,0,0,0,0
"WA5311850","inside","water",42.3,0,86.14,43.84,0,0,0
"WA5311850","outside","sewer",115.13,0,115.13,0,0,0,0
"WA5311850","outside","total",179.05,0,237.77,0,0,0,0
"WA5311850","outside","water",63.92,0,122.64,58.72,0,0,0
"WA5312200","inside","sewer",70.04,0,119.57,49.53,0,0,0
"WA5312200","inside","storm",0,0,10.79,0,0,0,0
"WA5312200","inside","total",91.57,20.85,246.74,134.32,0,0,0
"WA5312200","inside","water",21.53,20.85,127.17,84.79,0,0,0
"WA5312200","outside","sewer",105.1,0,179.89,74.79,0,0,0
"WA5312200","outside","total",137.4,20.85,360.12,201.87,0,0,0
"WA5312200","outside","water",32.3,20.85,180.23,127.08,0,0,0
"WA5312250","inside","sewer",44.91,0,173.84,128.93,0,0,0
"WA5312250","inside","storm",0,0,9.45,0,0,0,0
"WA5312250","inside","total",62.83,0,245.1,182.27,0,0,0
"WA5312250","inside","water",17.92,0,71.26,53.34,0,0,0
"WA5312250","outside","sewer",67.35,0,205.51,138.16,0,0,0
"WA5312250","outside","total",87.06,0,283.77,196.71,0,0,0
"WA5312250","outside","water",19.71,0,78.26,58.55,0,0,0
"WA5312284","inside","sewer",83,0,83,0,0,0,0
"WA5312284","inside","storm",0,0,0,0,0,0,0
"WA5312284","inside","total",119,0,177.65,0,0,0,0
"WA5312284","inside","water",36,0,94.65,58.65,0,0,0
"WA5312300","inside","sewer",49.51,0,49.51,0,0,0,0
"WA5312300","inside","storm",0,0,0,0,0,0,0
"WA5312300","inside","total",101.14,4.72,118.18,0,0,0,0
"WA5312300","inside","water",51.63,4.72,68.67,12.32,0,0,0
"WA5312400","inside","sewer",37.17,0,37.17,0,0,0,0
"WA5312400","inside","storm",0,0,0,0,0,0,0
"WA5312400","inside","total",47.67,0,47.67,0,0,0,0
"WA5312400","inside","water",10.5,0,10.5,0,0,0,0
"WA5312750","inside","sewer",73.6,0,73.6,0,0,0,0
"WA5312750","inside","storm",0,0,0,0,0,0,0
"WA5312750","inside","total",113.6,0,122.7,0,0,0,0
"WA5312750","inside","water",40,0,49.1,9.1,0,0,0
"WA5312750","outside","sewer",73.6,0,73.6,0,0,0,0
"WA5312750","outside","total",117.25,0,126.35,0,0,0,0
"WA5312750","outside","water",43.65,0,52.75,9.1,0,0,0
"WA5313333","inside","sewer",52.91,0,79.92,108.02,0,0,0
"WA5313333","inside","storm",0,0,8.2,0,0,0,0
"WA5313333","inside","total",61.91,0,127.12,146.22,0,0,0
"WA5313333","inside","water",9,0,47.2,38.2,0,0,0
"WA5313500","inside","sewer",48.96,0,48.96,0,0,0,0
"WA5313500","inside","storm",0,0,0,0,0,0,0
"WA5313500","inside","total",103.99,0,103.99,0,0,0,0
"WA5313500","inside","water",55.03,0,55.03,0,0,0,0
"WA5313500","outside","sewer",48.96,0,48.96,0,0,0,0
"WA5313500","outside","total",109.36,0,109.36,0,0,0,0
"WA5313500","outside","water",60.4,0,60.4,0,0,0,0
"WA5313900","inside","sewer",7.18,6.5,175.68,162,0,0,0
"WA5313900","inside","storm",0,0,0,0,0,0,0
"WA5313900","inside","total",30.77,6.5,250.87,213.6,0,0,0
"WA5313900","inside","water",23.59,0,75.19,51.6,0,0,0
"WA5314000","inside","sewer",32.36,0,85.3,52.94,0,0,0
"WA5314000","inside","storm",0,0,5,0,0,0,0
"WA5314000","inside","total",62.62,0,133.61,70.99,0,0,0
"WA5314000","inside","water",30.26,0,48.31,18.05,0,0,0
"WA5314000","outside","sewer",32.36,0,85.3,52.94,0,0,0
"WA5314000","outside","total",62.62,0,142.63,80.01,0,0,0
"WA5314000","outside","water",30.26,0,57.33,27.07,0,0,0
"WA5314050","inside","sewer",48.01,0,116.86,68.85,0,0,0
"WA5314050","inside","storm",0,0,9.75,0,0,0,0
"WA5314050","inside","total",86.58,0,179.28,92.7,0,0,0
"WA5314050","inside","water",38.57,0,62.42,23.85,0,0,0
"WA5314100","inside","sewer",47.91,0,47.91,0,0,0,0
"WA5314100","inside","storm",0,0,0,0,0,0,0
"WA5314100","inside","total",87.8,0,99.8,0,0,0,0
"WA5314100","inside","water",39.89,0,51.89,12,0,0,0
"WA5314200","inside","sewer",73.03,0,73.03,0,0,0,0
"WA5314200","inside","storm",0,0,4,0,0,0,0
"WA5314200","inside","total",101.69,0,112.64,0,0,0,0
"WA5314200","inside","water",28.66,0,39.61,10.95,0,0,0
"WA5314200","outside","sewer",73.03,0,73.03,0,0,0,0
"WA5314200","outside","total",111.69,0,122.64,0,0,0,0
"WA5314200","outside","water",38.66,0,49.61,10.95,0,0,0
"WA5314600","inside","sewer",47.28,0,47.28,0,0,0,0
"WA5314600","inside","storm",0,0,0,0,0,0,0
"WA5314600","inside","total",67.36,0,91.32,0,0,0,0
"WA5314600","inside","water",20.08,0,44.04,23.96,0,0,0
"WA5314600","outside","sewer",47.28,0,47.28,0,0,0,0
"WA5314600","outside","total",67.36,15,106.32,0,0,0,0
"WA5314600","outside","water",20.08,15,59.04,23.96,0,0,0
"WA5315050","inside","sewer",52.52,0,52.52,0,0,0,0
"WA5315050","inside","storm",0,0,0,0,0,0,0
"WA5315050","inside","total",75.02,0,181.98,0,0,0,0
"WA5315050","inside","water",22.5,0,129.46,106.96,0,0,0
"WA5315300","inside","sewer",17.5,27,44.5,0,0,0,0
"WA5315300","inside","storm",0,0,0,0,0,0,0
"WA5315300","inside","total",43.1,50,98.4,0,0,0,0
"WA5315300","inside","water",25.6,23,53.9,5.3,0,0,0
"WA5315300","outside","sewer",26.25,40.5,66.75,0,0,0,0
"WA5315300","outside","total",64.65,75,144.95,0,0,0,0
"WA5315300","outside","water",38.4,34.5,78.2,5.3,0,0,0
"WA5315550","inside","sewer",8,0,179.65,171.65,0,0,0
"WA5315550","inside","storm",0,0,0,0,0,0,0
"WA5315550","inside","total",21.33,0,275.66,226.79,27.54,0,0
"WA5315550","inside","water",13.33,0,96.01,55.14,27.54,0,0
"WA5315550","outside","sewer",8,0,179.65,171.65,0,0,0
"WA5315550","outside","total",28,0,323.56,254.26,41.3,0,0
"WA5315550","outside","water",20,0,143.91,82.61,41.3,0,0
"WA5315650","inside","sewer",50,0,50,0,0,0,0
"WA5315650","inside","storm",0,0,10.23,0,0,0,0
"WA5315650","inside","total",84.19,0,139.33,0,0,0,0
"WA5315650","inside","water",34.19,0,89.33,55.14,0,0,0
"WA5316270","inside","sewer",42.15,45.33,94.54,7.06,0,0,0
"WA5316270","inside","storm",0,0,10.45,0,0,0,0
"WA5316270","inside","total",71.9,45.33,195.46,78.23,0,0,0
"WA5316270","inside","water",29.75,0,100.92,71.17,0,0,0
"WA5317715","inside","sewer",47.5,0,47.5,0,0,0,0
"WA5317715","inside","storm",0,0,0,0,0,0,0
"WA5317715","inside","total",92.5,0,112,0,0,0,0
"WA5317715","inside","water",45,0,64.5,19.5,0,0,0
"WA5318250","inside","sewer",68.81,0,68.81,0,0,0,0
"WA5318250","inside","storm",0,0,0,0,0,0,0
"WA5318250","inside","total",117.21,0,117.21,0,0,0,0
"WA5318250","inside","water",48.4,0,48.4,0,0,0,0
"WA5318250","outside","sewer",107.2,0,107.2,0,0,0,0
"WA5318250","outside","total",173.97,0,173.97,0,0,0,0
"WA5318250","outside","water",66.77,0,66.77,0,0,0,0
"WA5318500","inside","sewer",41.03,0,41.03,0,0,0,0
"WA5318500","inside","storm",0,0,0,0,0,0,0
"WA5318500","inside","total",82.06,0,89.98,0,0,0,0
"WA5318500","inside","water",41.03,0,48.95,7.92,0,0,0
"WA5320500","inside","sewer",53.89,0,53.89,0,0,0,0
"WA5320500","inside","storm",0,0,15.92,0,0,0,0
"WA5320500","inside","total",87.26,0,121.71,0,0,0,0
"WA5320500","inside","water",33.37,0,67.82,34.45,0,0,0
"WA5320750","inside","sewer",79.11,0,79.11,0,0,0,0
"WA5320750","inside","storm",0,0,21.46,0,0,0,0
"WA5320750","inside","total",107.78,0,248.55,0,0,0,0
"WA5320750","inside","water",28.67,0,169.44,140.77,0,0,0
"WA5321650","inside","sewer",46.41,0,46.41,0,0,0,0
"WA5321650","inside","storm",0,0,1.75,0,0,0,0
"WA5321650","inside","total",69.98,0,83.02,0,0,0,0
"WA5321650","inside","water",23.57,0,36.61,13.04,0,0,0
"WA5321800","inside","sewer",43,0,43,0,0,0,0
"WA5321800","inside","storm",0,0,3.75,0,0,0,0
"WA5321800","inside","total",84.5,0,120.32,0,0,0,0
"WA5321800","inside","water",41.5,0,77.32,35.82,0,0,0
"WA5322170","inside","sewer",55.5,7.5,63,0,0,0,0
"WA5322170","inside","storm",0,0,0,0,0,0,0
"WA5322170","inside","total",92.5,7.5,175,0,0,0,0
"WA5322170","inside","water",37,0,112,75,0,0,0
"WA5322300","inside","sewer",51.1,0,51.1,0,0,0,0
"WA5322300","inside","storm",0,0,9.9,0,0,0,0
"WA5322300","inside","total",92.05,0,143.05,0,0,0,0
"WA5322300","inside","water",40.95,0,91.95,51,0,0,0
"WA5322500","inside","sewer",48.12,0,48.12,0,0,0,0
"WA5322500","inside","storm",0,0,20.59,0,0,0,0
"WA5322500","inside","total",68.4,0,153.22,0,0,0,0
"WA5322500","inside","water",20.28,0,105.1,84.82,0,0,0
"WA5322850","inside","sewer",35.79,0,35.79,0,0,0,0
"WA5322850","inside","storm",0,0,0,0,0,0,0
"WA5322850","inside","total",80.78,0,82.03,0,0,0,0
"WA5322850","inside","water",44.99,0,46.24,1.25,0,0,0
"WA5322850","outside","sewer",35.79,0,35.79,0,0,0,0
"WA5322850","outside","total",87.26,0,89.76,0,0,0,0
"WA5322850","outside","water",51.47,0,53.97,2.5,0,0,0
"WA5322950","inside","sewer",37.65,0,37.65,0,0,0,0
"WA5322950","inside","storm",0,0,10.88,0,0,0,0
"WA5322950","inside","total",63.52,0,92.32,0,0,0,0
"WA5322950","inside","water",25.87,0,54.67,28.8,0,0,0
"WA5323500","inside","sewer",70.8,0,70.8,0,0,0,0
"WA5323500","inside","storm",0,0,0,0,0,0,0
"WA5323500","inside","total",115.43,0,130.43,0,0,0,0
"WA5323500","inside","water",44.63,0,59.63,15,0,0,0
"WA5323600","inside","sewer",27.55,0,191.98,164.43,0,0,0
"WA5323600","inside","storm",0,0,6.5,0,0,0,0
"WA5323600","inside","total",42.62,0,258.05,215.43,0,0,0
"WA5323600","inside","water",15.07,0,66.07,51,0,0,0
"WA5323600","outside","sewer",27.55,0,191.98,164.43,0,0,0
"WA5323600","outside","total",50.16,0,291.45,241.29,0,0,0
"WA5323600","outside","water",22.61,0,99.47,76.86,0,0,0
"WA5323650","inside","sewer",42.9,0,42.9,0,0,0,0
"WA5323650","inside","storm",0,0,0,0,0,0,0
"WA5323650","inside","total",95.55,0,108.3,0,0,0,0
"WA5323650","inside","water",52.65,0,65.4,12.75,0,0,0
"WA5324050","inside","sewer",60.68,0,60.68,0,0,0,0
"WA5324050","inside","storm",0,0,20.23,0,0,0,0
"WA5324050","inside","total",84.71,0,156.99,0,0,0,0
"WA5324050","inside","water",24.03,0,96.31,72.28,0,0,0
"WA5324200","inside","sewer",79,0,107.08,28.08,0,0,0
"WA5324200","inside","storm",0,0,0,0,0,0,0
"WA5324200","inside","total",96.5,0,169.23,72.73,0,0,0
"WA5324200","inside","water",17.5,0,62.15,44.65,0,0,0
"WA5324850","inside","sewer",18.64,0,211.74,193.1,0,0,0
"WA5324850","inside","storm",0,0,17.38,0,0,0,0
"WA5324850","inside","total",29.83,0,347.06,317.23,0,0,0
"WA5324850","inside","water",11.19,0,135.32,124.13,0,0,0
"WA5325050","inside","sewer",90.56,0,90.56,0,0,0,0
"WA5325050","inside","storm",0,0,10.38,0,0,0,0
"WA5325050","inside","total",120.29,0,184.03,0,0,0,0
"WA5325050","inside","water",29.73,0,93.47,63.74,0,0,0
"WA5325150","inside","sewer",41.7,33.9,75.6,0,0,0,0
"WA5325150","inside","storm",0,0,17.25,0,0,0,0
"WA5325150","inside","total",60.2,33.9,124.12,0,0,0,0
"WA5325150","inside","water",18.5,0,48.52,30.02,0,0,0
"WA5325200","inside","sewer",53.89,0,53.89,0,0,0,0
"WA5325200","inside","storm",0,0,4.4,0,0,0,0
"WA5325200","inside","total",68.89,0,110.99,0,0,0,0
"WA5325200","inside","water",15,0,57.1,42.1,0,0,0
"WA5326000","inside","sewer",34.77,0,34.77,0,0,0,0
"WA5326000","inside","storm",0,0,0,0,0,0,0
"WA5326000","inside","total",60.79,0,99.91,0,0,0,0
"WA5326000","inside","water",26.02,0,65.14,39.12,0,0,0
"WA5326000","outside","sewer",34.77,0,34.77,0,0,0,0
"WA5326000","outside","total",73.81,0,132.01,0,0,0,0
"WA5326000","outside","water",39.04,0,97.24,58.2,0,0,0
"WA5326595","inside","sewer",124.75,0,124.75,0,0,0,0
"WA5326595","inside","storm",0,0,13.5,0,0,0,0
"WA5326595","inside","total",173.5,0,362.83,0,0,0,0
"WA5326595","inside","water",48.75,0,238.08,189.33,0,0,0
"WA5326595","outside","sewer",187.5,0,187.5,0,0,0,0
"WA5326595","outside","total",259.75,0,449.08,0,0,0,0
"WA5326595","outside","water",72.25,0,261.58,189.33,0,0,0
"WA5326800","inside","sewer",36.84,0,97,120.31,0,0,0
"WA5326800","inside","storm",0,0,6.6,0,0,0,0
"WA5326800","inside","total",56.94,6,162.52,159.73,0,0,0
"WA5326800","inside","water",20.1,6,65.52,39.42,0,0,0
"WA5327395","inside","sewer",41.51,0,41.51,0,0,0,0
"WA5327395","inside","storm",0,0,0,0,0,0,0
"WA5327395","inside","total",87.12,0,97.13,0,0,0,0
"WA5327395","inside","water",45.61,0,55.62,10.01,0,0,0
"WA5327395","outside","sewer",41.51,0,41.51,0,0,0,0
"WA5327395","outside","total",132.71,0,153.06,0,0,0,0
"WA5327395","outside","water",91.2,0,111.55,20.35,0,0,0
"WA5327600","inside","sewer",40.25,0,139.51,99.26,0,0,0
"WA5327600","inside","storm",0,0,14.92,0,0,0,0
"WA5327600","inside","total",60.47,0,212.67,152.2,0,0,0
"WA5327600","inside","water",20.22,0,73.16,52.94,0,0,0
"WA5327600","outside","sewer",40.25,0,189.14,148.89,0,0,0
"WA5327600","outside","total",60.47,0,288.77,228.3,0,0,0
"WA5327600","outside","water",20.22,0,99.63,79.41,0,0,0
"WA5328300","inside","sewer",45.89,59.99,111.42,5.54,0,0,0
"WA5328300","inside","storm",0,0,9.85,0,0,0,0
"WA5328300","inside","total",91.78,119.98,222.84,11.08,0,0,0
"WA5328300","inside","water",45.89,59.99,111.42,5.54,0,0,0
"WA5328300","outside","sewer",53.68,59.99,120.73,7.06,0,0,0
"WA5328300","outside","total",107.36,119.98,241.46,14.12,0,0,0
"WA5328300","outside","water",53.68,59.99,120.73,7.06,0,0,0
"WA5328650","inside","sewer",53.89,0,53.89,0,0,0,0
"WA5328650","inside","storm",0,0,4.4,0,0,0,0
"WA5328650","inside","total",96.64,0,191.75,0,0,0,0
"WA5328650","inside","water",42.75,0,137.86,95.11,0,0,0
"WA5328970","inside","sewer",35.32,0,91.21,55.89,0,0,0
"WA5328970","inside","storm",0,0,0,0,0,0,0
"WA5328970","inside","total",59.09,0,142.34,83.25,0,0,0
"WA5328970","inside","water",23.77,0,51.13,27.36,0,0,0
"WA5328970","outside","sewer",52.98,0,136.87,83.89,0,0,0
"WA5328970","outside","total",76.75,0,201.2,124.45,0,0,0
"WA5328970","outside","water",23.77,0,64.33,40.56,0,0,0
"WA5329000","inside","sewer",38.14,0,67.14,29,0,0,0
"WA5329000","inside","storm",0,0,0,0,0,0,0
"WA5329000","inside","total",76.28,0,134.28,58,0,0,0
"WA5329000","inside","water",38.14,0,67.14,29,0,0,0
"WA5329050","inside","sewer",74,0,74,0,0,0,0
"WA5329050","inside","storm",0,0,10,0,0,0,0
"WA5329050","inside","total",108,0,157.04,0,0,0,0
"WA5329050","inside","water",34,0,83.04,49.04,0,0,0
"WA5330848","inside","sewer",46.41,0,46.41,0,0,0,0
"WA5330848","inside","storm",0,0,1.75,0,0,0,0
"WA5330848","inside","total",77.39,0,83.57,0,0,0,0
"WA5330848","inside","water",30.98,0,37.16,6.18,0,0,0
"WA5334350","inside","sewer",46.17,0,46.17,0,0,0,0
"WA5334350","inside","storm",0,0,12.07,0,0,0,0
"WA5334350","inside","total",89.65,0,166.28,0,0,0,0
"WA5334350","inside","water",43.48,0,120.11,76.63,0,0,0
"WA5335500","inside","sewer",41.5,0,225.58,184.08,0,0,0
"WA5335500","inside","storm",0,0,8.28,0,0,0,0
"WA5335500","inside","total",78.5,0,356.82,278.32,0,0,0
"WA5335500","inside","water",37,0,131.24,94.24,0,0,0
"WA5336350","inside","sewer",9.04,47.37,99.92,43.51,0,0,0
"WA5336350","inside","storm",0,0,16.96,0,0,0,0
"WA5336350","inside","total",41.81,47.37,247.97,158.79,0,0,0
"WA5336350","inside","water",32.77,0,148.05,115.28,0,0,0
"WA5337550","inside","sewer",58.19,0,237.86,179.67,0,0,0
"WA5337550","inside","storm",0,0,0,0,0,0,0
"WA5337550","inside","total",69.53,0,294.92,225.39,0,0,0
"WA5337550","inside","water",11.34,0,57.06,45.72,0,0,0
"WA5337550","outside","sewer",58.19,0,237.86,179.67,0,0,0
"WA5337550","outside","total",79.17,0,343.46,264.29,0,0,0
"WA5337550","outside","water",20.98,0,105.6,84.62,0,0,0
"WA5338000","inside","sewer",64.44,0,64.44,0,0,0,0
"WA5338000","inside","storm",0,0,10.23,0,0,0,0
"WA5338000","inside","total",78.75,0,163.17,0,0,0,0
"WA5338000","inside","water",14.31,0,98.73,84.42,0,0,0
"WA5338000","outside","sewer",96.66,0,96.66,0,0,0,0
"WA5338000","outside","total",118.12,0,244.85,0,0,0,0
"WA5338000","outside","water",21.46,0,148.19,126.73,0,0,0
"WA5338100","inside","sewer",30.38,0,30.38,0,0,0,0
"WA5338100","inside","storm",0,0,5.57,0,0,0,0
"WA5338100","inside","total",43.59,0,73.73,0,0,0,0
"WA5338100","inside","water",13.21,0,43.35,30.14,0,0,0
"WA5338100","outside","sewer",45.57,0,45.57,0,0,0,0
"WA5338100","outside","total",74.64,0,141.01,0,0,0,0
"WA5338100","outside","water",29.07,0,95.44,66.37,0,0,0
"WA5338150","inside","sewer",73.06,0,73.06,0,0,0,0
"WA5338150","inside","storm",0,0,13.16,0,0,0,0
"WA5338150","inside","total",98,0,190.04,0,0,0,0
"WA5338150","inside","water",24.94,0,116.98,92.04,0,0,0
"WA5338800","inside","sewer",47.37,56.93,104.3,0,0,0,0
"WA5338800","inside","storm",0,0,24.08,0,0,0,0
"WA5338800","inside","total",68.08,56.93,244.1,0,0,0,0
"WA5338800","inside","water",20.71,0,139.8,119.09,0,0,0
"WA5338900","inside","sewer",47.37,0,47.37,0,0,0,0
"WA5338900","inside","storm",0,0,24.08,0,0,0,0
"WA5338900","inside","total",122.37,0,186.69,0,0,0,0
"WA5338900","inside","water",75,0,139.32,64.32,0,0,0
"WA5338950","inside","sewer",41.05,11.84,52.89,0,0,0,0
"WA5338950","inside","storm",0,0,18.29,0,0,0,0
"WA5338950","inside","total",65.51,11.84,145.72,0,0,0,0
"WA5338950","inside","water",24.46,0,92.83,68.37,0,0,0
"WA5339600","inside","sewer",17.82,47.37,65.19,0,0,0,0
"WA5339600","inside","storm",0,0,24.86,0,0,0,0
"WA5339600","inside","total",43.56,52.01,206.24,0,0,0,0
"WA5339600","inside","water",25.74,4.64,141.05,110.67,0,0,0
"WA5339800","inside","sewer",40.75,0,40.75,0,0,0,0
"WA5339800","inside","storm",0,0,15.3,0,0,0,0
"WA5339800","inside","total",61.73,0,179.25,0,0,0,0
"WA5339800","inside","water",20.98,0,138.5,117.52,0,0,0
"WA5339950","inside","sewer",47.37,0,47.37,0,0,0,0
"WA5339950","inside","storm",0,0,24.08,0,0,0,0
"WA5339950","inside","total",59.52,3.25,135.96,0,3.01,0,0
"WA5339950","inside","water",12.15,3.25,88.59,70.18,3.01,0,0
"WA5340100","inside","sewer",19.14,47.37,66.51,0,0,0,0
"WA5340100","inside","storm",0,0,0,0,0,0,0
"WA5340100","inside","total",35.02,47.37,180.22,0,12.36,0,0
"WA5340100","inside","water",15.88,0,113.71,85.47,12.36,0,0
"WA5340650","inside","sewer",36.72,11.84,57.51,71.59,0,0,0
"WA5340650","inside","storm",0,0,33.94,0,0,0,0
"WA5340650","inside","total",52.25,11.84,150.82,148.19,1.18,0,0
"WA5340650","inside","water",15.53,0,93.31,76.6,1.18,0,0
"WA5340800","inside","sewer",61.97,0,142.18,80.21,0,0,0
"WA5340800","inside","storm",0,0,18.83,0,0,0,0
"WA5340800","inside","total",77.07,0,251.52,174.45,0,0,0
"WA5340800","inside","water",15.1,0,109.34,94.24,0,0,0
"WA5340900","inside","sewer",37.96,47.37,85.33,0,0,0,0
"WA5340900","inside","storm",0,0,18.75,0,0,0,0
"WA5340900","inside","total",70.95,47.37,183.07,0,0,0,0
"WA5340900","inside","water",32.99,0,97.74,64.75,0,0,0
"WA5340950","inside","sewer",19.02,47.37,66.39,0,0,0,0
"WA5340950","inside","storm",0,0,0,0,0,0,0
"WA5340950","inside","total",37.52,69.37,172.06,0,0,0,0
"WA5340950","inside","water",18.5,22,105.67,65.17,0,0,0
"WA5341150","inside","sewer",31.12,47.37,78.49,0,0,0,0
"WA5341150","inside","storm",0,0,15.45,0,0,0,0
"WA5341150","inside","total",93.62,47.37,199.88,0,0,0,0
"WA5341150","inside","water",62.5,0,121.39,58.89,0,0,0
"WA5341600","inside","sewer",27.96,47.87,75.83,0,0,0,0
"WA5341600","inside","storm",0,0,16.67,0,0,0,0
"WA5341600","inside","total",54.01,47.87,233.84,0,0,0,0
"WA5341600","inside","water",26.05,0,158.01,131.96,0,0,0
"WA5341650","inside","sewer",47.37,0,47.37,0,0,0,0
"WA5341650","inside","storm",0,0,23.92,0,0,0,0
"WA5341650","inside","total",73.15,0,186.19,0,0,0,0
"WA5341650","inside","water",25.78,0,138.82,113.04,0,0,0
"WA5341750","inside","sewer",22.24,47.37,69.61,0,0,0,0
"WA5341750","inside","storm",0,0,16.9,0,0,0,0
"WA5341750","inside","total",44.19,47.37,186.97,0,0,0,0
"WA5341750","inside","water",21.95,0,117.36,95.41,0,0,0
"WA5341800","inside","sewer",26.36,47.37,73.73,0,0,0,0
"WA5341800","inside","storm",0,0,0,0,0,0,0
"WA5341800","inside","total",45.25,47.37,186.36,0,0,0,0
"WA5341800","inside","water",18.89,0,112.63,93.74,0,0,0
"WA5341900","inside","sewer",47.37,0,47.37,0,0,0,0
"WA5341900","inside","storm",0,0,24.08,0,0,0,0
"WA5341900","inside","total",71.05,0,182.85,0,0,0,0
"WA5341900","inside","water",23.68,0,135.48,111.8,0,0,0
"WA5341985","inside","sewer",47.37,0,47.37,0,0,0,0
"WA5341985","inside","storm",0,0,24.08,0,0,0,0
"WA5341985","inside","total",92.37,0,206.69,0,0,0,0
"WA5341985","inside","water",45,0,159.32,114.32,0,0,0
"WA5341997","inside","sewer",16.88,2.65,100.64,70.98,10.12,0,0
"WA5341997","inside","storm",0,0,21.46,0,0,0,0
"WA5341997","inside","total",33.76,2.65,158.13,111.6,10.12,0,0
"WA5341997","inside","water",16.88,0,57.49,40.62,0,0,0
"WA5341997","outside","sewer",15.77,0,81.94,66.17,0,0,0
"WA5341997","outside","total",31.97,0,137.19,105.22,0,0,0
"WA5341997","outside","water",16.2,0,55.25,39.05,0,0,0
"WA5342250","inside","sewer",16.47,45.33,155.39,93.59,0,0,0
"WA5342250","inside","storm",0,0,18.44,0,0,0,0
"WA5342250","inside","total",38.04,45.33,283.35,199.98,0,0,0
"WA5342250","inside","water",21.57,0,127.96,106.39,0,0,0
"WA5342650","inside","sewer",54.24,0,54.24,0,0,0,0
"WA5342650","inside","storm",0,0,0,0,0,0,0
"WA5342650","inside","total",92.31,0,95.16,0,0,0,0
"WA5342650","inside","water",38.07,0,40.92,2.85,0,0,0
"WA5342650","outside","sewer",54.24,0,54.24,0,0,0,0
"WA5342650","outside","total",92.31,0,98.21,0,0,0,0
"WA5342650","outside","water",38.07,0,43.97,5.9,0,0,0
"WA5343350","inside","sewer",24.36,0,157.51,133.15,0,0,0
"WA5343350","inside","storm",0,0,0,0,0,0,0
"WA5343350","inside","total",61.06,0,298.48,237.42,0,0,0
"WA5343350","inside","water",36.7,0,140.97,104.27,0,0,0
"WA5343500","inside","sewer",23.04,42.23,65.27,0,0,0,0
"WA5343500","inside","storm",0,0,12.4,0,0,0,0
"WA5343500","inside","total",40.49,42.23,146.91,0,0,0,0
"WA5343500","inside","water",17.45,0,81.64,64.19,0,0,0
"WA5343500","outside","sewer",23.04,42.23,65.27,0,0,0,0
"WA5343500","outside","total",43.99,42.23,163.25,0,0,0,0
"WA5343500","outside","water",20.95,0,97.98,77.03,0,0,0
"WA5343783","inside","sewer",58,0,58,0,0,0,0
"WA5343783","inside","storm",0,0,0,0,0,0,0
"WA5343783","inside","total",92.5,0,156.78,0,0,0,0
"WA5343783","inside","water",34.5,0,98.78,64.28,0,0,0
"WA5344240","inside","sewer",43,0,43,0,0,0,0
"WA5344240","inside","storm",0,0,0,0,0,0,0
"WA5344240","inside","total",86,0,86,0,0,0,0
"WA5344240","inside","water",43,0,43,0,0,0,0
"WA5345550","inside","sewer",53.89,0,53.89,0,0,0,0
"WA5345550","inside","storm",0,0,0,0,0,0,0
"WA5345550","inside","total",91.63,0,112.83,0,0,0,0
"WA5345550","inside","water",37.74,0,58.94,21.2,0,0,0
"WA5345950","inside","sewer",58.03,0,95.66,37.63,0,0,0
"WA5345950","inside","storm",0,0,31.57,0,0,0,0
"WA5345950","inside","total",113.68,0,159.93,46.25,0,0,0
"WA5345950","inside","water",55.65,0,64.27,8.62,0,0,0
"WA5345950","outside","sewer",58.03,0,95.66,37.63,0,0,0
"WA5345950","outside","total",124.13,0,172.22,48.09,0,0,0
"WA5345950","outside","water",66.1,0,76.56,10.46,0,0,0
"WA5346500","inside","sewer",60.81,0,60.81,0,0,0,0
"WA5346500","inside","storm",0,0,5.81,0,0,0,0
"WA5346500","inside","total",130.28,0,137.7,0,0,0,0
"WA5346500","inside","water",69.47,0,76.89,7.42,0,0,0
"WA5347150","inside","sewer",66.58,0,66.58,0,0,0,0
"WA5347150","inside","storm",0,0,0,0,0,0,0
"WA5347150","inside","total",81.76,6.73,125.19,0,0,0,0
"WA5347150","inside","water",15.18,6.73,58.61,36.7,0,0,0
"WA5348000","inside","sewer",36.84,0,36.84,0,0,0,0
"WA5348000","inside","storm",0,0,7.18,0,0,0,0
"WA5348000","inside","total",60.65,0,169.93,0,0,0,0
"WA5348000","inside","water",23.81,0,133.09,109.28,0,0,0
"WA5348100","inside","sewer",33.8,0,146.29,112.49,0,0,0
"WA5348100","inside","storm",0,0,14.5,0,0,0,0
"WA5348100","inside","total",48.44,0,233.61,185.17,0,0,0
"WA5348100","inside","water",14.64,0,87.32,72.68,0,0,0
"WA5348100","outside","sewer",55.77,0,241.45,185.68,0,0,0
"WA5348100","outside","total",79.93,0,385.6,305.67,0,0,0
"WA5348100","outside","water",24.16,0,144.15,119.99,0,0,0
"WA5349150","inside","sewer",49.85,0,49.85,0,0,0,0
"WA5349150","inside","storm",0,0,9.68,0,0,0,0
"WA5349150","inside","total",81.7,0,122.87,0,0,0,0
"WA5349150","inside","water",31.85,0,73.02,41.17,0,0,0
"WA5349150","outside","sewer",49.85,0,49.85,0,0,0,0
"WA5349150","outside","total",81.7,0,154.45,0,0,0,0
"WA5349150","outside","water",31.85,0,104.6,72.75,0,0,0
"WA5349270","inside","sewer",49.74,0,90.53,40.79,0,0,0
"WA5349270","inside","storm",0,0,13.92,0,0,0,0
"WA5349270","inside","total",76.9,0,164.69,87.79,0,0,0
"WA5349270","inside","water",27.16,0,74.16,47,0,0,0
"WA5350500","inside","sewer",83,0,83,0,0,0,0
"WA5350500","inside","storm",0,0,0,0,0,0,0
"WA5350500","inside","total",142.5,0,213,0,35.25,0,0
"WA5350500","inside","water",59.5,0,130,35.25,35.25,0,0
"WA5350700","inside","sewer",83.34,0,83.34,0,0,0,0
"WA5350700","inside","storm",0,0,7.58,0,0,0,0
"WA5350700","inside","total",104.09,0,164.09,0,0,0,0
"WA5350700","inside","water",20.75,0,80.75,60,0,0,0
"WA5351900","inside","sewer",57.16,0,57.16,0,0,0,0
"WA5351900","inside","storm",0,0,12.43,0,0,0,0
"WA5351900","inside","total",76.33,0,154.68,0,0,0,0
"WA5351900","inside","water",19.17,0,97.52,78.35,0,0,0
"WA5351900","outside","sewer",91.46,0,91.46,0,0,0,0
"WA5351900","outside","total",122.13,0,247.57,0,0,0,0
"WA5351900","outside","water",30.67,0,156.11,125.44,0,0,0
"WA5352000","inside","sewer",38.63,0,38.63,0,0,0,0
"WA5352000","inside","storm",0,0,0,0,0,0,0
"WA5352000","inside","total",66.77,0,66.77,0,0,0,0
"WA5352000","inside","water",28.14,0,28.14,0,0,0,0
"WA5352000","outside","sewer",38.63,0,38.63,0,0,0,0
"WA5352000","outside","total",80.84,0,80.84,0,0,0,0
"WA5352000","outside","water",42.21,0,42.21,0,0,0,0
"WA5352250","inside","sewer",95.8,0,95.8,0,0,0,0
"WA5352250","inside","storm",0,0,17.45,0,0,0,0
"WA5352250","inside","total",172.8,0,189.65,0,0,0,0
"WA5352250","inside","water",77,0,93.85,16.85,0,0,0
"WA5352250","outside","sewer",95.8,0,95.8,0,0,0,0
"WA5352250","outside","total",210.6,0,227.45,0,0,0,0
"WA5352250","outside","water",114.8,0,131.65,16.85,0,0,0
"WA5353400","inside","sewer",30,0,30,0,0,0,0
"WA5353400","inside","storm",0,0,0,0,0,0,0
"WA5353400","inside","total",46,0,62.5,0,0,0,0
"WA5353400","inside","water",16,0,32.5,16.5,0,0,0
"WA5353640","inside","sewer",25.2,47.37,215.77,143.2,0,0,0
"WA5353640","inside","storm",0,0,18.87,0,0,0,0
"WA5353640","inside","total",44.61,47.37,407.43,315.45,0,0,0
"WA5353640","inside","water",19.41,0,191.66,172.25,0,0,0
"WA5354950","inside","sewer",53.89,0,53.89,0,0,0,0
"WA5354950","inside","storm",0,0,25.5,0,0,0,0
"WA5354950","inside","total",81.29,0,140.79,0,0,0,0
"WA5354950","inside","water",27.4,0,86.9,59.5,0,0,0
"WA5355600","inside","sewer",48.01,0,48.01,0,0,0,0
"WA5355600","inside","storm",0,0,1.75,0,0,0,0
"WA5355600","inside","total",58.96,0,66.98,0,0,0,0
"WA5355600","inside","water",10.95,0,18.97,8.02,0,0,0
"WA5355820","inside","sewer",92.15,0,92.15,0,0,0,0
"WA5355820","inside","storm",0,0,15.53,0,0,0,0
"WA5355820","inside","total",117.84,0,235.11,0,0,0,0
"WA5355820","inside","water",25.69,0,142.96,117.27,0,0,0
"WA5355820","outside","sewer",138.23,0,138.23,0,0,0,0
"WA5355820","outside","total",176.76,0,352.58,0,0,0,0
"WA5355820","outside","water",38.53,0,214.35,175.82,0,0,0
"WA5356000","inside","sewer",41.65,0,41.65,0,0,0,0
"WA5356000","inside","storm",0,0,8.6,0,0,0,0
"WA5356000","inside","total",72.95,0,116.45,0,0,0,0
"WA5356000","inside","water",31.3,0,74.8,43.5,0,0,0
"WA5356000","outside","sewer",72.9,0,72.9,0,0,0,0
"WA5356000","outside","total",127.7,15.95,220.23,0,0,0,0
"WA5356000","outside","water",54.8,15.95,147.33,76.58,0,0,0
"WA5356250","inside","sewer",62,0,62,0,0,0,0
"WA5356250","inside","storm",0,0,0,0,0,0,0
"WA5356250","inside","total",121.14,0,121.14,0,0,0,0
"WA5356250","inside","water",59.14,0,59.14,0,0,0,0
"WA5356300","inside","sewer",37.97,0,37.97,0,0,0,0
"WA5356300","inside","storm",0,0,6.08,0,0,0,0
"WA5356300","inside","total",63.9,0,78.34,0,0,0,0
"WA5356300","inside","water",25.93,0,40.37,14.44,0,0,0
"WA5356350","inside","sewer",54.53,0,96.6,42.07,0,0,0
"WA5356350","inside","storm",0,0,0,0,0,0,0
"WA5356350","inside","total",82.66,0,188.47,105.81,0,0,0
"WA5356350","inside","water",28.13,0,91.87,63.74,0,0,0
"WA5356350","outside","sewer",77.34,0,139.81,62.47,0,0,0
"WA5356350","outside","total",118.54,0,275.35,156.81,0,0,0
"WA5356350","outside","water",41.2,0,135.54,94.34,0,0,0
"WA5356820","inside","sewer",16.74,5.3,112.67,70.38,20.25,0,0
"WA5356820","inside","storm",0,0,21.46,0,0,0,0
"WA5356820","inside","total",34.95,5.3,159.2,98.7,20.25,0,0
"WA5356820","inside","water",18.21,0,46.53,28.32,0,0,0
"WA5357250","inside","sewer",32.06,0,122.09,90.03,0,0,0
"WA5357250","inside","storm",0,0,24.56,0,0,0,0
"WA5357250","inside","total",52.89,0,284.02,231.13,0,0,0
"WA5357250","inside","water",20.83,0,161.93,141.1,0,0,0
"WA5357550","inside","sewer",63,0,63,0,0,0,0
"WA5357550","inside","storm",0,0,23.43,0,0,0,0
"WA5357550","inside","total",78.52,0,132.07,0,0,0,0
"WA5357550","inside","water",15.52,0,69.07,53.55,0,0,0
"WA5358100","inside","sewer",0,54,54,0,0,0,0
"WA5358100","inside","storm",0,0,0,0,0,0,0
"WA5358100","inside","total",0,54,96.02,0,0,0,0
"WA5358100","inside","water",32.39,0,42.02,9.63,0,0,0
"WA5358100","outside","sewer",0,54,54,0,0,0,0
"WA5358100","outside","total",0,54,129.36,0,0,0,0
"WA5358100","outside","water",48.57,0,75.36,26.79,0,0,0
"WA5359350","inside","sewer",57,0,99.74,42.74,0,0,0
"WA5359350","inside","storm",0,0,0,0,0,0,0
"WA5359350","inside","total",96,0,167.98,71.98,0,0,0
"WA5359350","inside","water",39,0,68.24,29.24,0,0,0
"WA5359700","inside","sewer",34.98,0,69.97,69.98,0,0,0
"WA5359700","inside","storm",0,0,3.02,0,0,0,0
"WA5359700","inside","total",47.34,0,111.65,99.3,0,0,0
"WA5359700","inside","water",12.36,0,41.68,29.32,0,0,0
"WA5360100","inside","sewer",80.99,0,180.84,99.85,0,0,0
"WA5360100","inside","storm",0,0,6.18,0,0,0,0
"WA5360100","inside","total",104.43,0,241.36,136.93,0,0,0
"WA5360100","inside","water",23.44,0,60.52,37.08,0,0,0
"WA5360100","outside","sewer",121.47,0,271.62,150.15,0,0,0
"WA5360100","outside","total",160.17,0,371.92,211.75,0,0,0
"WA5360100","outside","water",38.7,0,100.3,61.6,0,0,0
"WA5360150","inside","sewer",49.8,0,49.8,0,0,0,0
"WA5360150","inside","storm",0,0,0,0,0,0,0
"WA5360150","inside","total",79.2,0,121.31,0,0,0,0
"WA5360150","inside","water",29.4,0,71.51,42.11,0,0,0
"WA5360950","inside","sewer",83.34,0,83.34,0,0,0,0
"WA5360950","inside","storm",0,0,8,0,0,0,0
"WA5360950","inside","total",107.93,2.23,110.16,0,0,0,0
"WA5360950","inside","water",24.59,2.23,26.82,0,0,0,0
"WA5363050","inside","sewer",33.53,0,33.53,0,0,0,0
"WA5363050","inside","storm",0,0,0,0,0,0,0
"WA5363050","inside","total",61.96,0,75.68,0,0,0,0
"WA5363050","inside","water",28.43,0,42.15,13.72,0,0,0
"WA5363200","inside","sewer",54.8,0,54.8,0,0,0,0
"WA5363200","inside","storm",0,0,0,0,0,0,0
"WA5363200","inside","total",113.8,0,144.88,0,0,0,0
"WA5363200","inside","water",59,0,90.08,31.08,0,0,0
"WA5363200","outside","sewer",109.6,0,109.6,0,0,0,0
"WA5363200","outside","total",227.6,0,289.75,0,0,0,0
"WA5363200","outside","water",118,0,180.15,62.15,0,0,0
"WA5363450","inside","sewer",21.52,42.23,63.75,0,0,0,0
"WA5363450","inside","storm",0,0,15.64,0,0,0,0
"WA5363450","inside","total",35.32,42.23,171.57,0,0,0,0
"WA5363450","inside","water",13.8,0,107.82,94.02,0,0,0
"WA5363600","inside","sewer",82.24,0,82.24,0,0,0,0
"WA5363600","inside","storm",0,0,10.45,0,0,0,0
"WA5363600","inside","total",124.46,0,172.45,0,1.87,0,0
"WA5363600","inside","water",42.22,0,90.21,46.12,1.87,0,0
"WA5363750","inside","sewer",81.24,0,81.24,0,0,0,0
"WA5363750","inside","storm",0,0,4.37,0,0,0,0
"WA5363750","inside","total",114.58,0,121.71,0,0,0,0
"WA5363750","inside","water",33.34,0,40.47,7.13,0,0,0
"WA5364400","inside","sewer",36,0,36,0,0,0,0
"WA5364400","inside","storm",0,0,0,0,0,0,0
"WA5364400","inside","total",69.88,0,77.13,0,0,0,0
"WA5364400","inside","water",33.88,0,41.13,7.25,0,0,0
"WA5364400","outside","sewer",49.5,0,49.5,0,0,0,0
"WA5364400","outside","total",83.38,0,83.38,0,0,0,0
"WA5364400","outside","water",33.88,0,33.88,0,0,0,0
"WA5364850","inside","sewer",45.49,0,45.49,0,0,0,0
"WA5364850","inside","storm",0,0,0,0,0,0,0
"WA5364850","inside","total",81.73,0,100.05,0,0,0,0
"WA5364850","inside","water",36.24,0,54.56,18.32,0,0,0
"WA5364850","outside","sewer",68.24,0,68.24,0,0,0,0
"WA5364850","outside","total",104.48,0,131.98,0,0,0,0
"WA5364850","outside","water",36.24,0,63.74,27.5,0,0,0
"WA5365300","inside","sewer",82.62,0,82.62,0,0,0,0
"WA5365300","inside","storm",0,0,23.82,0,0,0,0
"WA5365300","inside","total",107.62,0,187.27,0,0,0,0
"WA5365300","inside","water",25,0,104.65,79.65,0,0,0
"WA5365800","inside","sewer",30,0,30,0,0,0,0
"WA5365800","inside","storm",0,0,0,0,0,0,0
"WA5365800","inside","total",53,0,74.06,0,0,0,0
"WA5365800","inside","water",23,0,44.06,21.06,0,0,0
"WA5365800","outside","sewer",30,0,30,0,0,0,0
"WA5365800","outside","total",59.4,0,80.46,0,0,0,0
"WA5365800","outside","water",29.4,0,50.46,21.06,0,0,0
"WA5366200","inside","sewer",53.89,0,53.89,0,0,0,0
"WA5366200","inside","storm",0,0,4.4,0,0,0,0
"WA5366200","inside","total",86.89,0,85.73,0,0,0,0
"WA5366200","inside","water",33,0,31.84,30.68,0,0,0
"WA5366400","inside","sewer",35.38,0,35.38,0,0,0,0
"WA5366400","inside","storm",0,0,6.52,0,0,0,0
"WA5366400","inside","total",55.93,0,73.58,0,0,0,0
"WA5366400","inside","water",20.55,0,38.2,17.65,0,0,0
"WA5366400","outside","sewer",53.07,0,53.07,0,0,0,0
"WA5366400","outside","total",73.62,0,91.27,0,0,0,0
"WA5366400","outside","water",20.55,0,38.2,17.65,0,0,0
"WA5366750","inside","sewer",66.25,0,66.25,0,0,0,0
"WA5366750","inside","storm",0,0,0,0,0,0,0
"WA5366750","inside","total",135,0,376.12,0,0,0,0
"WA5366750","inside","water",68.75,0,309.87,241.12,0,0,0
"WA5366750","outside","sewer",66.25,0,66.25,0,0,0,0
"WA5366750","outside","total",135,0,135,0,0,0,0
"WA5366750","outside","water",68.75,0,68.75,0,0,0,0
"WA5367050","inside","sewer",83,0,83,0,0,0,0
"WA5367050","inside","storm",0,0,0,0,0,0,0
"WA5367050","inside","total",127.71,0,164.46,0,0,0,0
"WA5367050","inside","water",44.71,0,81.46,36.75,0,0,0
"WA5368400","inside","sewer",32.5,0,32.5,0,0,0,0
"WA5368400","inside","storm",0,0,0,0,0,0,0
"WA5368400","inside","total",70.5,0,70.5,0,0,0,0
"WA5368400","inside","water",38,0,38,0,0,0,0
"WA5368550","inside","sewer",37.55,13.92,167.49,116.02,0,0,0
"WA5368550","inside","storm",0,0,17.01,0,0,0,0
"WA5368550","inside","total",76.05,13.92,253.41,163.44,0,0,0
"WA5368550","inside","water",38.5,0,85.92,47.42,0,0,0
"WA5368550","outside","sewer",37.55,13.92,167.49,116.02,0,0,0
"WA5368550","outside","total",95.3,13.92,296.36,187.14,0,0,0
"WA5368550","outside","water",57.75,0,128.87,71.12,0,0,0
"WA5369000","inside","sewer",31.83,0,31.83,0,0,0,0
"WA5369000","inside","storm",0,0,8.33,0,0,0,0
"WA5369000","inside","total",53.25,0,98.7,0,0,0,0
"WA5369000","inside","water",21.42,0,66.87,45.45,0,0,0
"WA5369000","outside","sewer",31.83,0,31.83,0,0,0,0
"WA5369000","outside","total",57.53,0,112.13,0,0,0,0
"WA5369000","outside","water",25.7,0,80.3,54.6,0,0,0
"WA5369150","inside","sewer",70.04,0,364.57,294.53,0,0,0
"WA5369150","inside","storm",0,0,18.67,0,0,0,0
"WA5369150","inside","total",86.1,0,425.75,339.65,0,0,0
"WA5369150","inside","water",16.06,0,61.18,45.12,0,0,0
"WA5369150","outside","sewer",70.04,0,364.57,294.53,0,0,0
"WA5369150","outside","total",94.13,0,457.05,351.88,11.04,0,0
"WA5369150","outside","water",24.09,0,92.48,57.35,11.04,0,0
"WA5369750","inside","sewer",40.12,0,92.05,51.93,0,0,0
"WA5369750","inside","storm",0,0,0,0,0,0,0
"WA5369750","inside","total",70.22,0,157.24,87.02,0,0,0
"WA5369750","inside","water",30.1,0,65.19,35.09,0,0,0
"WA5369750","outside","sewer",40.12,0,92.05,51.93,0,0,0
"WA5369750","outside","total",85.27,0,189.13,103.86,0,0,0
"WA5369750","outside","water",45.15,0,97.08,51.93,0,0,0
"WA5369880","inside","sewer",38.15,0,38.15,0,0,0,0
"WA5369880","inside","storm",0,0,0,0,0,0,0
"WA5369880","inside","total",62.4,0,98.89,0,0,0,0
"WA5369880","inside","water",24.25,0,60.74,36.49,0,0,0
"WA5370050","inside","sewer",19.8,0,140.11,120.31,0,0,0
"WA5370050","inside","storm",0,0,13.18,0,0,0,0
"WA5370050","inside","total",30.48,0,215.93,185.45,0,0,0
"WA5370050","inside","water",10.68,0,75.82,65.14,0,0,0
"WA5370450","inside","sewer",36.54,0,36.54,0,0,0,0
"WA5370450","inside","storm",0,0,0,0,0,0,0
"WA5370450","inside","total",52,0,59.06,0,0,0,0
"WA5370450","inside","water",15.46,0,22.52,7.06,0,0,0
"WA5370450","outside","sewer",36.54,0,36.54,0,0,0,0
"WA5370450","outside","total",52,0,67.88,0,0,0,0
"WA5370450","outside","water",15.46,0,31.34,15.88,0,0,0
"WA5371500","inside","sewer",98.22,0,98.22,0,0,0,0
"WA5371500","inside","storm",0,0,0,0,0,0,0
"WA5371500","inside","total",155.42,0,155.42,0,0,0,0
"WA5371500","inside","water",57.2,0,57.2,0,0,0,0
"WA5371500","outside","sewer",98.22,0,98.22,0,0,0,0
"WA5371500","outside","total",155.42,13,168.42,0,0,0,0
"WA5371500","outside","water",57.2,13,70.2,0,0,0,0
"WA5371650","inside","sewer",14.15,47.37,61.52,0,0,0,0
"WA5371650","inside","storm",0,0,16.56,0,0,0,0
"WA5371650","inside","total",29.3,47.37,162.28,0,0,0,0
"WA5371650","inside","water",15.15,0,100.76,85.61,0,0,0
"WA5371850","inside","sewer",46.91,0,46.91,0,0,0,0
"WA5371850","inside","storm",0,0,15.45,0,0,0,0
"WA5371850","inside","total",65.22,0,141.14,0,0,0,0
"WA5371850","inside","water",18.31,0,94.23,75.92,0,0,0
"WA5371850","outside","sewer",46.91,0,46.91,0,0,0,0
"WA5371850","outside","total",65.22,0,186.06,0,0,0,0
"WA5371850","outside","water",18.31,0,139.15,120.84,0,0,0
"WA5372250","inside","sewer",25.6,0,25.6,0,0,0,0
"WA5372250","inside","storm",0,0,3.95,0,0,0,0
"WA5372250","inside","total",52.85,0,71.9,0,0,0,0
"WA5372250","inside","water",27.25,0,46.3,19.05,0,0,0
"WA5372250","outside","sewer",25.6,0,25.6,0,0,0,0
"WA5372250","outside","total",52.85,0,81.42,0,0,0,0
"WA5372250","outside","water",27.25,0,55.82,28.57,0,0,0
"WA5374400","inside","sewer",51.2,3.32,54.52,0,0,0,0
"WA5374400","inside","storm",0,0,3.95,0,0,0,0
"WA5374400","inside","total",113.38,10.05,123.43,0,0,0,0
"WA5374400","inside","water",62.18,6.73,68.91,0,0,0,0
"WA5374400","outside","sewer",51.2,3.32,54.52,0,0,0,0
"WA5374400","outside","storm",0,0,3.95,0,0,0,0
"WA5374400","outside","total",145.09,11.95,157.04,0,0,0,0
"WA5374400","outside","water",93.89,8.63,102.52,0,0,0,0
"WA5374700","inside","sewer",54.15,0,54.15,0,0,0,0
"WA5374700","inside","storm",0,0,0,0,0,0,0
"WA5374700","inside","total",104.1,0,113.75,0,0,0,0
"WA5374700","inside","water",49.95,0,59.6,9.65,0,0,0
"WA5374700","outside","sewer",54.15,0,54.15,0,0,0,0
"WA5374700","outside","total",122.87,0,132.52,0,0,0,0
"WA5374700","outside","water",68.72,0,78.37,9.65,0,0,0
"WA5375265","inside","sewer",29.39,47.37,76.76,0,0,0,0
"WA5375265","inside","storm",0,0,24.08,0,0,0,0
"WA5375265","inside","total",51.04,47.37,222.92,0,0,0,0
"WA5375265","inside","water",21.65,0,146.16,124.51,0,0,0
"WA5375560","inside","sewer",80.99,0,180.84,99.85,0,0,0
"WA5375560","inside","storm",0,0,6.18,0,0,0,0
"WA5375560","inside","total",90.89,14,292.94,188.05,0,0,0
"WA5375560","inside","water",9.9,14,112.1,88.2,0,0,0
"WA5375560","outside","sewer",121.47,0,271.62,150.15,0,0,0
"WA5375560","outside","total",131.37,0,369.72,238.35,0,0,0
"WA5375560","outside","water",9.9,0,98.1,88.2,0,0,0
"WA5377050","inside","sewer",16.67,0,334.1,317.43,0,0,0
"WA5377050","inside","storm",0,0,26.72,0,0,0,0
"WA5377050","inside","total",37.09,0,480.25,443.16,0,0,0
"WA5377050","inside","water",20.42,0,146.15,125.73,0,0,0
"WA5377050","outside","sewer",16.67,0,334.1,317.43,0,0,0
"WA5377050","outside","total",37.72,0,484.73,447.01,0,0,0
"WA5377050","outside","water",21.05,0,150.63,129.58,0,0,0
"WA5377400","inside","sewer",47.33,0,47.33,0,0,0,0
"WA5377400","inside","storm",0,0,0,0,0,0,0
"WA5377400","inside","total",65.45,0,89.25,0,0,0,0
"WA5377400","inside","water",18.12,0,41.92,23.8,0,0,0
"WA5377400","outside","sewer",47.33,0,47.33,0,0,0,0
"WA5377400","outside","total",65.45,0,101.79,0,0,0,0
"WA5377400","outside","water",18.12,0,54.46,36.34,0,0,0
"WA5377620","inside","sewer",60.59,0,60.59,0,0,0,0
"WA5377620","inside","storm",0,0,0,0,0,0,0
"WA5377620","inside","total",84.87,0,127.4,0,0,0,0
"WA5377620","inside","water",24.28,0,66.81,42.53,0,0,0
"WA5378155","inside","sewer",14,0,14,0,0,0,0
"WA5378155","inside","storm",0,0,0,0,0,0,0
"WA5378155","inside","total",27,0,71.11,0,0,0,0
"WA5378155","inside","water",13,0,57.11,44.11,0,0,0
"WA5378170","inside","sewer",50.06,0,250.98,200.92,0,0,0
"WA5378170","inside","storm",0,0,0,0,0,0,0
"WA5378170","inside","total",65.58,0,345.32,279.74,0,0,0
"WA5378170","inside","water",15.52,0,94.34,78.82,0,0,0
"WA5379250","inside","sewer",65.13,0,65.13,0,0,0,0
"WA5379250","inside","storm",0,0,10.45,0,0,0,0
"WA5379250","inside","total",79.73,0,144.9,0,6.02,0,0
"WA5379250","inside","water",14.6,0,79.77,59.15,6.02,0,0
"WA5379250","outside","sewer",65.13,0,65.13,0,0,0,0
"WA5379250","outside","total",79.73,0,161.19,0,7.52,0,0
"WA5379250","outside","water",14.6,0,96.06,73.94,7.52,0,0
"WA5379300","inside","sewer",83.34,0,83.34,0,0,0,0
"WA5379300","inside","storm",0,0,7.58,0,0,0,0
"WA5379300","inside","total",114.59,0,258.91,0,0,0,0
"WA5379300","inside","water",31.25,0,175.57,144.32,0,0,0
"WA5379500","inside","sewer",44.31,0,97.18,79.31,0,0,0
"WA5379500","inside","storm",0,0,10.31,0,0,0,0
"WA5379500","inside","total",78.31,0,236.89,185.02,0,0,0
"WA5379500","inside","water",34,0,139.71,105.71,0,0,0
"WA5379500","outside","sewer",43.66,0,168.58,124.92,0,0,0
"WA5379500","outside","total",77.66,0,308.29,230.63,0,0,0
"WA5379500","outside","water",34,0,139.71,105.71,0,0,0
"WA5380907","inside","sewer",86,0,86,0,0,0,0
"WA5380907","inside","storm",0,0,8.67,0,0,0,0
"WA5380907","inside","total",108.98,0,179.56,0,0,0,0
"WA5380907","inside","water",22.98,0,93.56,70.58,0,0,0
"WA5380915","inside","sewer",59.88,0,144.34,84.46,0,0,0
"WA5380915","inside","storm",0,0,15.27,0,0,0,0
"WA5380915","inside","total",86.44,0,259.15,172.71,0,0,0
"WA5380915","inside","water",26.56,0,114.81,88.25,0,0,0
"WA5380915","outside","sewer",59.88,0,144.34,84.46,0,0,0
"WA5380915","outside","total",99.72,0,316.65,216.93,0,0,0
"WA5380915","outside","water",39.84,0,172.31,132.47,0,0,0
"WA5381048","inside","sewer",40,0,184.05,144.05,0,0,0
"WA5381048","inside","storm",0,0,0,0,0,0,0
"WA5381048","inside","total",75,0,329.99,254.99,0,0,0
"WA5381048","inside","water",35,0,145.94,110.94,0,0,0
"WA5381080","inside","sewer",78.99,0,78.99,0,0,0,0
"WA5381080","inside","storm",0,0,24.12,0,0,0,0
"WA5381080","inside","total",113.35,0,196.29,0,0,0,0
"WA5381080","inside","water",34.36,0,117.3,82.94,0,0,0
"WA5381300","inside","sewer",82.75,0,82.75,0,0,0,0
"WA5381300","inside","storm",0,0,0,0,0,0,0
"WA5381300","inside","total",128.52,0,168.38,0,0,0,0
"WA5381300","inside","water",45.77,0,85.63,39.86,0,0,0
"WA5382844","inside","sewer",53.89,0,53.89,0,0,0,0
"WA5382844","inside","storm",0,0,4.4,0,0,0,0
"WA5382844","inside","total",68.79,0,93.82,0,0,0,0
"WA5382844","inside","water",14.9,0,39.93,25.03,0,0,0
"WA5382850","inside","sewer",53.89,0,53.89,0,0,0,0
"WA5382850","inside","storm",0,0,4.4,0,0,0,0
"WA5382850","inside","total",63.89,15.5,111.12,0,0,0,0
"WA5382850","inside","water",10,15.5,57.23,31.73,0,0,0
"WA5383100","inside","sewer",33.31,15.64,48.95,0,0,0,0
"WA5383100","inside","storm",0,0,4.68,0,0,0,0
"WA5383100","inside","total",51.03,31.28,96.38,0,0,0,0
"WA5383100","inside","water",17.72,15.64,47.43,14.07,0,0,0
"WA5383100","outside","sewer",66.63,17.92,84.55,0,0,0,0
"WA5383100","outside","total",93.21,35.84,150.1,0,0,0,0
"WA5383100","outside","water",26.58,17.92,65.55,21.05,0,0,0
"WA5383150","inside","sewer",41.75,0,41.75,0,0,0,0
"WA5383150","inside","storm",0,0,0,0,0,0,0
"WA5383150","inside","total",70.75,0,78.28,0,0,0,0
"WA5383150","inside","water",29,0,36.53,7.53,0,0,0
"WA5383150","outside","sewer",41.75,0,41.75,0,0,0,0
"WA5383150","outside","total",71.75,0,79.28,0,0,0,0
"WA5383150","outside","water",30,0,37.53,7.53,0,0,0
"WA5383650","inside","sewer",50.99,0,193.76,142.77,0,0,0
"WA5383650","inside","storm",0,0,21.3,0,0,0,0
"WA5383650","inside","total",80.92,0,278.59,197.67,0,0,0
"WA5383650","inside","water",29.93,0,84.83,54.9,0,0,0
"WA5383650","outside","sewer",50.99,0,193.76,142.77,0,0,0
"WA5383650","outside","total",80.92,0,303.31,222.39,0,0,0
"WA5383650","outside","water",29.93,0,109.55,79.62,0,0,0
"WA5384000","inside","sewer",50.97,0,50.97,0,0,0,0
"WA5384000","inside","storm",0,0,22.15,0,0,0,0
"WA5384000","inside","total",73.73,0,139.5,0,0,0,0
"WA5384000","inside","water",22.76,0,88.53,65.77,0,0,0
"WA5384000","outside","sewer",63.72,0,63.72,0,0,0,0
"WA5384000","outside","total",86.48,0,152.25,0,0,0,0
"WA5384000","outside","water",22.76,0,88.53,65.77,0,0,0
"WA5384250","inside","sewer",90.02,0,90.02,0,0,0,0
"WA5384250","inside","storm",0,0,0,0,0,0,0
"WA5384250","inside","total",123.62,0,192.6,0,0,0,0
"WA5384250","inside","water",33.6,0,102.58,68.98,0,0,0
"WA5384250","outside","sewer",90.02,0,90.02,0,0,0,0
"WA5384250","outside","total",139.56,0,219.77,0,0,0,0
"WA5384250","outside","water",49.54,0,129.75,80.21,0,0,0
"WA5384770","inside","sewer",87.12,0,87.12,0,0,0,0
"WA5384770","inside","storm",0,0,11.24,0,0,0,0
"WA5384770","inside","total",139.04,0,230.9,0,0,0,0
"WA5384770","inside","water",51.92,0,143.78,91.86,0,0,0
"WA5384770","outside","sewer",87.12,0,87.12,0,0,0,0
"WA5384770","outside","total",165,0,302.7,0,0,0,0
"WA5384770","outside","water",77.88,0,215.58,137.7,0,0,0
"WA5384870","inside","sewer",12.9,0,134.52,121.62,0,0,0
"WA5384870","inside","storm",0,0,3,0,0,0,0
"WA5384870","inside","total",22.8,0,159.59,136.79,0,0,0
"WA5384870","inside","water",9.9,0,25.07,15.17,0,0,0
"WA5385050","inside","sewer",53.89,0,53.89,0,0,0,0
"WA5385050","inside","storm",0,0,4.4,0,0,0,0
"WA5385050","inside","total",67.89,30.79,134.9,0,0,0,0
"WA5385050","inside","water",14,30.79,81.01,36.22,0,0,0
"WA5385120","inside","sewer",57.19,0,183.99,126.8,0,0,0
"WA5385120","inside","storm",0,0,16.82,0,0,0,0
"WA5385120","inside","total",81.97,0,259.08,177.11,0,0,0
"WA5385120","inside","water",24.78,0,75.09,50.31,0,0,0
"WA5385120","outside","sewer",57.19,0,226.25,169.06,0,0,0
"WA5385120","outside","total",81.97,0,311.57,229.6,0,0,0
"WA5385120","outside","water",24.78,0,85.32,60.54,0,0,0
"WA5385260","inside","sewer",74.83,0,74.83,0,0,0,0
"WA5385260","inside","storm",0,0,0,0,0,0,0
"WA5385260","inside","total",111.66,0,111.66,0,0,0,0
"WA5385260","inside","water",36.83,0,36.83,0,0,0,0
"WA5385400","inside","sewer",40.65,0,102.17,61.52,0,0,0
"WA5385400","inside","storm",0,0,5.65,0,0,0,0
"WA5385400","inside","total",58.38,0,146.79,88.41,0,0,0
"WA5385400","inside","water",17.73,0,44.62,26.89,0,0,0
"WA5386800","inside","sewer",27.32,0,130.59,103.27,0,0,0
"WA5386800","inside","storm",0,0,15.12,0,0,0,0
"WA5386800","inside","total",58.23,0,204.89,146.66,0,0,0
"WA5386800","inside","water",30.91,0,74.3,43.39,0,0,0
"WA5386800","outside","sewer",27.32,0,130.59,103.27,0,0,0
"WA5386800","outside","total",64.7,0,220.05,155.35,0,0,0
"WA5386800","outside","water",37.38,0,89.46,52.08,0,0,0
"WA5387300","inside","sewer",63,0,63,0,0,0,0
"WA5387300","inside","storm",0,0,0,0,0,0,0
"WA5387300","inside","total",109.5,0,119.5,0,0,0,0
"WA5387300","inside","water",46.5,0,56.5,10,0,0,0
"WA5387300","outside","sewer",68,0,68,0,0,0,0
"WA5387300","outside","total",121,0,131,0,0,0,0
"WA5387300","outside","water",53,0,63,10,0,0,0
"WA5387400","inside","sewer",125.66,0,125.66,0,0,0,0
"WA5387400","inside","storm",0,0,0,0,0,0,0
"WA5387400","inside","total",138.31,0,186.75,0,0,0,0
"WA5387400","inside","water",12.65,0,61.09,48.44,0,0,0
"WA5387400","outside","sewer",125.66,0,125.66,0,0,0,0
"WA5387400","outside","total",144.61,0,222.32,0,0,0,0
"WA5387400","outside","water",18.95,0,96.66,77.71,0,0,0
"WA5388300","inside","sewer",51.89,0,103,51.11,0,0,0
"WA5388300","inside","storm",0,0,0,0,0,0,0
"WA5388300","inside","total",87.59,0,161.16,73.57,0,0,0
"WA5388300","inside","water",35.7,0,58.16,22.46,0,0,0
"WA5389500","inside","sewer",30,47.37,77.37,0,0,0,0
"WA5389500","inside","storm",0,0,16.17,0,0,0,0
"WA5389500","inside","total",49,47.37,160.4,0,0,0,0
"WA5389500","inside","water",19,0,83.03,64.03,0,0,0
"WA5389700","inside","sewer",19.69,42.23,61.92,0,0,0,0
"WA5389700","inside","storm",0,0,11.5,0,0,0,0
"WA5389700","inside","total",28.69,42.23,132.4,0,0,0,0
"WA5389700","inside","water",9,0,70.48,61.48,0,0,0
"WA5390050","inside","sewer",58.1,0,58.1,0,0,0,0
"WA5390050","inside","storm",0,0,0,0,0,0,0
"WA5390050","inside","total",115.96,0,115.96,0,0,0,0
"WA5390050","inside","water",57.86,0,57.86,0,0,0,0
"WA5390250","inside","sewer",51.02,0,118.8,67.78,0,0,0
"WA5390250","inside","storm",0,0,0,0,0,0,0
"WA5390250","inside","total",73.51,0,163.55,90.04,0,0,0
"WA5390250","inside","water",22.49,0,44.75,22.26,0,0,0
"WA5390250","outside","sewer",51.02,0,118.8,67.78,0,0,0
"WA5390250","outside","total",73.51,0,174.68,101.17,0,0,0
"WA5390250","outside","water",22.49,0,55.88,33.39,0,0,0
"WA5390260","inside","sewer",47.37,0,47.37,0,0,0,0
"WA5390260","inside","storm",0,0,24.08,0,0,0,0
"WA5390260","inside","total",103.69,0,183.06,0,0,0,0
"WA5390260","inside","water",56.32,0,135.69,79.37,0,0,0
"WA5391200","inside","sewer",47.84,0,119.85,72.01,0,0,0
"WA5391200","inside","storm",0,0,12.39,0,0,0,0
"WA5391200","inside","total",59.02,0,182.96,123.94,0,0,0
"WA5391200","inside","water",11.18,0,63.11,51.93,0,0,0
"WA5391200","outside","sewer",71.76,0,179.78,108.02,0,0,0
"WA5391200","outside","total",88.53,0,274.35,185.82,0,0,0
"WA5391200","outside","water",16.77,0,94.57,77.8,0,0,0
"WA5391450","inside","sewer",46.91,0,46.91,0,0,0,0
"WA5391450","inside","storm",0,0,0,0,0,0,0
"WA5391450","inside","total",68.5,0,68.5,0,0,0,0
"WA5391450","inside","water",21.59,0,21.59,0,0,0,0
"WA5392250","inside","sewer",50.76,0,50.76,0,0,0,0
"WA5392250","inside","storm",0,0,0,0,0,0,0
"WA5392250","inside","total",92.14,0,101.92,0,0,0,0
"WA5392250","inside","water",41.38,0,51.16,9.78,0,0,0
"WA5392250","outside","sewer",50.76,0,50.76,0,0,0,0
"WA5392250","outside","total",97.66,0,107.44,0,0,0,0
"WA5392250","outside","water",46.9,0,56.68,9.78,0,0,0
"WA5392500","inside","sewer",58.6,0,58.6,0,0,0,0
"WA5392500","inside","storm",0,0,13.4,0,0,0,0
"WA5392500","inside","total",99.9,0,146.02,0,0,0,0
"WA5392500","inside","water",41.3,0,87.42,46.12,0,0,0
"WA5393343","inside","sewer",40,0,40,0,0,0,0
"WA5393343","inside","storm",0,0,0,0,0,0,0
"WA5393343","inside","total",60,0,82.06,0,0,0,0
"WA5393343","inside","water",20,0,42.06,22.06,0,0,0
"WA5393350","inside","sewer",46.41,0,46.41,0,0,0,0
"WA5393350","inside","storm",0,0,1.75,0,0,0,0
"WA5393350","inside","total",69.16,0,76.18,0,0,0,0
"WA5393350","inside","water",22.75,0,29.77,7.02,0,0,0
"WA5393351","inside","sewer",46.41,0,46.41,0,0,0,0
"WA5393351","inside","storm",0,0,1.75,0,0,0,0
"WA5393351","inside","total",69.16,0,76.18,0,0,0,0
"WA5393351","inside","water",22.75,0,29.77,7.02,0,0,0
"WA5393353","inside","sewer",46.41,0,46.41,0,0,0,0
"WA5393353","inside","storm",0,0,1.75,0,0,0,0
"WA5393353","inside","total",69.16,0,76.18,0,0,0,0
"WA5393353","inside","water",22.75,0,29.77,7.02,0,0,0
"WA5393354","inside","sewer",46.41,0,46.41,0,0,0,0
"WA5393354","inside","storm",0,0,1.75,0,0,0,0
"WA5393354","inside","total",69.16,0,76.18,0,0,0,0
"WA5393354","inside","water",22.75,0,29.77,7.02,0,0,0
"WA5393355","inside","sewer",46.41,0,46.41,0,0,0,0
"WA5393355","inside","storm",0,0,1.75,0,0,0,0
"WA5393355","inside","total",69.16,0,76.18,0,0,0,0
"WA5393355","inside","water",22.75,0,29.77,7.02,0,0,0
"WA5393400","inside","sewer",56.26,0,83.73,27.47,0,0,0
"WA5393400","inside","storm",0,0,0,0,0,0,0
"WA5393400","inside","total",76.64,0,206.09,129.45,0,0,0
"WA5393400","inside","water",20.38,0,122.36,101.98,0,0,0
"WA5394350","inside","sewer",31.41,0,31.41,0,0,0,0
"WA5394350","inside","storm",0,0,11.31,0,0,0,0
"WA5394350","inside","total",45.32,0,90.44,0,0,0,0
"WA5394350","inside","water",13.91,0,59.03,45.12,0,0,0
"WA5394900","inside","sewer",48,0,85.5,37.5,0,0,0
"WA5394900","inside","storm",0,0,7.25,0,0,0,0
"WA5394900","inside","total",79.45,0,144.7,65.25,0,0,0
"WA5394900","inside","water",31.45,0,59.2,27.75,0,0,0
"WA5394900","outside","sewer",48,0,104.25,56.25,0,0,0
"WA5394900","outside","total",79.45,0,177.32,97.87,0,0,0
"WA5394900","outside","water",31.45,0,73.07,41.62,0,0,0
"WA5395300","inside","sewer",75.65,0,75.65,0,0,0,0
"WA5395300","inside","storm",0,0,0,0,0,0,0
"WA5395300","inside","total",94.83,0,118.6,0,0,0,0
"WA5395300","inside","water",19.18,0,42.95,23.77,0,0,0
"WA5395300","outside","sewer",121.03,0,121.03,0,0,0,0
"WA5395300","outside","total",157.18,0,195.39,0,0,0,0
"WA5395300","outside","water",36.15,0,74.36,38.21,0,0,0
"WA5395450","inside","sewer",32.89,0,32.89,0,0,0,0
"WA5395450","inside","storm",0,0,0,0,0,0,0
"WA5395450","inside","total",59.79,0,76.29,0,0,0,0
"WA5395450","inside","water",26.9,0,43.4,16.5,0,0,0
"WA5395904","inside","sewer",22.2,0,68.57,46.37,0,0,0
"WA5395904","inside","storm",0,0,15.37,0,0,0,0
"WA5395904","inside","total",34.25,0,174.01,139.76,0,0,0
"WA5395904","inside","water",12.05,0,105.44,93.39,0,0,0
"WA5395904","outside","sewer",33.3,0,149.23,46.37,69.56,0,0
"WA5395904","outside","total",51.37,0,307.29,186.36,69.56,0,0
"WA5395904","outside","water",18.07,0,158.06,139.99,0,0,0
"WA5395910","inside","sewer",85.83,0,85.83,0,0,0,0
"WA5395910","inside","storm",0,0,15.37,0,0,0,0
"WA5395910","inside","total",123.85,0,328.19,0,0,0,0
"WA5395910","inside","water",38.02,0,242.36,204.34,0,0,0
"WA5395914","inside","sewer",54,0,54,0,0,0,0
"WA5395914","inside","storm",0,0,0,0,0,0,0
"WA5395914","inside","total",77,0,77,0,0,0,0
"WA5395914","inside","water",23,0,23,0,0,0,0
"WA5396350","inside","sewer",54,0,54,0,0,0,0
"WA5396350","inside","storm",0,0,0,0,0,0,0
"WA5396350","inside","total",95.52,6.25,156.76,0,0,0,0
"WA5396350","inside","water",41.52,6.25,102.76,54.99,0,0,0
"WA5396350","outside","sewer",59.4,0,59.4,0,0,0,0
"WA5396350","outside","total",120.54,6.25,181.78,0,0,0,0
"WA5396350","outside","water",61.14,6.25,122.38,54.99,0,0,0
"WA5396800","inside","sewer",45.5,5,50.5,0,0,0,0
"WA5396800","inside","storm",0,0,0,0,0,0,0
"WA5396800","inside","total",79,5,89.02,0,0,0,0
"WA5396800","inside","water",33.5,0,38.52,5.02,0,0,0
"WA5397650","inside","sewer",42.69,0,188.67,145.98,0,0,0
"WA5397650","inside","storm",0,0,0,0,0,0,0
"WA5397650","inside","total",55.14,0,243.51,188.37,0,0,0
"WA5397650","inside","water",12.45,0,54.84,42.39,0,0,0
"WA5398200","inside","sewer",62.15,0,62.15,0,0,0,0
"WA5398200","inside","storm",0,0,0.48,0,0,0,0
"WA5398200","inside","total",114.85,0,196.6,0,0,0,0
"WA5398200","inside","water",52.7,0,134.45,81.75,0,0,0
"WA5399150","inside","sewer",23.9,0,93.88,69.98,0,0,0
"WA5399150","inside","storm",0,0,3.58,0,0,0,0
"WA5399150","inside","total",35.85,0,145.53,109.68,0,0,0
"WA5399150","inside","water",11.95,0,51.65,39.7,0,0,0
"WA5399150","outside","sewer",23.9,0,128.87,104.97,0,0,0
"WA5399150","outside","total",35.85,0,200.37,164.52,0,0,0
"WA5399150","outside","water",11.95,0,71.5,59.55,0,0,0
"WA5399350","inside","sewer",78.28,0,78.28,0,0,0,0
"WA5399350","inside","storm",0,0,10.25,0,0,0,0
"WA5399350","inside","total",127.67,0,287.55,0,0,0,0
"WA5399350","inside","water",49.39,0,209.27,159.88,0,0,0
"WA5399350","outside","sewer",78.28,0,78.28,0,0,0,0
"WA5399350","outside","total",127.67,0,127.67,0,0,0,0
"WA5399350","outside","water",49.39,0,49.39,0,0,0,0
"WA53AA373","inside","sewer",60.76,0,60.76,0,0,0,0
"WA53AA373","inside","storm",0,0,0,0,0,0,0
"WA53AA373","inside","total",95.76,0,113.33,0,0,0,0
"WA53AA373","inside","water",35,0,52.57,17.57,0,0,0
"WA53AA373","outside","sewer",91.14,0,91.14,0,0,0,0
"WA53AA373","outside","total",126.14,0,126.14,0,0,0,0
"WA53AA373","outside","water",35,0,35,0,0,0,0
"CT0040011","inside","sewer",29.17,0,29.17,0,0,0,0
"CT0040011","inside","storm",0,0,0,0,0,0,0
"CT0040011","inside","total",43.97,0,116.52,0,0,0,0
"CT0040011","inside","water",14.8,0,87.35,72.55,0,0,0
"CT0150011","inside","sewer",18.94,0,96.11,109.2,0,0,0
"CT0150011","inside","storm",0,0,0,0,0,0,0
"CT0150011","inside","total",35.06,0,197.13,194.1,0,0,0
"CT0150011","inside","water",16.12,0,101.02,84.9,0,0,0
"CT0520011","inside","sewer",26.75,0,26.75,0,0,0,0
"CT0520011","inside","storm",0,0,0,0,0,0,0
"CT0520011","inside","total",41.55,0,114.1,0,0,0,0
"CT0520011","inside","water",14.8,0,87.35,72.55,0,0,0
"CT0570011","inside","sewer",32.89,0,32.89,0,0,0,0
"CT0570011","inside","storm",0,0,0,0,0,0,0
"CT0570011","inside","total",49.01,0,133.91,0,0,0,0
"CT0570011","inside","water",16.12,0,101.02,84.9,0,0,0
"CT0930011","inside","sewer",32.42,0,40.93,63.01,0,0,0
"CT0930011","inside","storm",0,0,0,0,0,0,0
"CT0930011","inside","total",54.82,0,182.05,181.73,0,0,0
"CT0930011","inside","water",22.4,0,141.12,118.72,0,0,0
"CT1000011","inside","sewer",40.28,0,40.28,0,0,0,0
"CT1000011","inside","storm",0,0,0,0,0,0,0
"CT1000011","inside","total",56.4,0,141.3,0,0,0,0
"CT1000011","inside","water",16.12,0,101.02,84.9,0,0,0
"CT1350011","inside","sewer",0,0,103.47,103.47,0,0,0
"CT1350011","inside","storm",0,0,0,0,0,0,0
"CT1350011","inside","total",0,0,186.99,170.87,0,0,0
"CT1350011","inside","water",16.12,0,83.52,67.4,0,0,0
"NC0136035","inside","sewer",0,0,193.89,173.39,0,20.5,0
"NC0136035","inside","storm",0,0,0,0,0,0,0
"NC0136035","inside","total",0,0,295.98,254.98,0,41,0
"NC0136035","inside","water",0,0,102.09,81.59,0,20.5,0
"NC0136035","outside","sewer",0,0,385.91,346.41,0,39.5,0
"NC0136035","outside","total",0,0,588.6,509.6,0,79,0
"NC0136035","outside","water",0,0,202.69,163.19,0,39.5,0
"NC0190010","inside","sewer",15.64,0,74.29,58.65,0,0,0
"NC0190010","inside","storm",0,0,4.5,0,0,0,0
"NC0190010","inside","total",27.37,0,126.97,99.6,0,0,0
"NC0190010","inside","water",11.73,0,52.68,40.95,0,0,0
"NC0190010","outside","sewer",31.29,0,89.94,58.65,0,0,0
"NC0190010","outside","total",54.75,0,154.35,99.6,0,0,0
"NC0190010","outside","water",23.46,0,64.41,40.95,0,0,0
"NC0363020","inside","sewer",7,0,93.32,86.32,0,0,0
"NC0363020","inside","storm",0,0,0,0,0,0,0
"NC0363020","inside","total",14,0,162.56,148.56,0,0,0
"NC0363020","inside","water",7,0,69.24,62.24,0,0,0
"NC0363020","outside","sewer",11,0,183.61,172.61,0,0,0
"NC0363020","outside","total",22,0,319.1,297.1,0,0,0
"NC0363020","outside","water",11,0,135.49,124.49,0,0,0
"NC0363025","inside","sewer",19.25,0,173.01,153.76,0,0,0
"NC0363025","inside","storm",0,0,0,0,0,0,0
"NC0363025","inside","total",36.75,0,292.57,255.82,0,0,0
"NC0363025","inside","water",17.5,0,119.56,102.06,0,0,0
"NC0363025","outside","sewer",30.75,0,278.98,248.23,0,0,0
"NC0363025","outside","total",62.62,0,554.68,492.06,0,0,0
"NC0363025","outside","water",31.87,0,275.7,243.83,0,0,0
